learning_base_pTree_generation|14|100|[0, 1]|0.031108379364013672|0.05448436737060547
learning_base_pTree_generation|14|200|[0, 1]|0.05987715721130371|0.09454727172851562
learning_base_pTree_generation|14|300|[0, 1]|0.11381769180297852|0.13879847526550293
learning_base_pTree_generation|14|400|[0, 1]|0.11944913864135742|0.20734667778015137
learning_base_pTree_generation|14|500|[0, 1]|0.15080547332763672|0.2312488555908203
learning_base_pTree_generation|14|600|[0, 1]|0.22110962867736816|0.26735472679138184
learning_base_pTree_generation|14|700|[0, 1]|0.24213099479675293|0.34623193740844727
learning_base_pTree_generation|14|800|[0, 1]|0.24314546585083008|0.3935871124267578
learning_base_pTree_generation|14|900|[0, 1]|0.3315403461456299|0.4050617218017578
learning_base_pTree_generation|14|1000|[0, 1]|0.3459591865539551|0.4822049140930176
