18 18
0 -0.157122 -0.541313 -0.036387 -0.353998 -0.089877 0.151646 0.243080 0.206353 0.532307 -0.160939 0.153408 0.505216 -0.133560 -0.296378 0.326095 -0.499595 0.063250 -0.196470
15 -0.355591 -0.586811 0.119105 -0.415743 0.046569 0.103412 0.302238 0.102158 0.375568 -0.207995 0.224607 0.513986 -0.161920 -0.345266 0.277583 -0.607931 -0.105112 -0.376561
3 -0.282608 -0.272355 0.051336 0.024646 0.384168 -0.080503 0.455361 0.301310 0.088637 -0.431477 0.552115 0.278679 -0.305343 -0.653619 -0.065677 -0.711029 0.149730 -0.563035
7 -0.161841 -0.566127 -0.025093 -0.377869 -0.102202 0.131228 0.239587 0.202991 0.550694 -0.149185 0.106314 0.540309 -0.121520 -0.322451 0.354423 -0.505848 -0.008950 -0.223453
8 -0.135858 -0.524504 -0.031801 -0.289584 -0.063586 0.129836 0.290875 0.233439 0.501036 -0.156111 0.146135 0.508097 -0.153969 -0.311140 0.289315 -0.506513 0.052172 -0.202121
1 -0.217675 -0.534095 0.018193 -0.326652 0.010762 0.077203 0.276570 0.224913 0.489133 -0.196775 0.173206 0.474408 -0.136650 -0.352926 0.250421 -0.564164 0.044807 -0.281565
2 -0.221830 -0.375878 0.036959 -0.171335 0.158367 -0.016915 0.316519 0.217266 0.194688 -0.268787 0.319056 0.380856 -0.168243 -0.467611 0.103548 -0.593696 -0.011359 -0.377931
11 -0.224244 -0.628290 0.032506 -0.421418 -0.109131 0.128558 0.196003 0.188151 0.584295 -0.131466 0.054196 0.551887 -0.125032 -0.236178 0.401443 -0.520806 -0.045994 -0.204655
4 -0.220902 -0.236864 0.008486 0.030649 0.355124 -0.095705 0.382665 0.337312 0.153788 -0.418714 0.533301 0.296909 -0.233734 -0.606960 -0.027396 -0.671081 0.136362 -0.527706
14 -0.252974 -0.523890 0.065064 -0.366587 0.014934 0.086744 0.228489 0.140996 0.369949 -0.148083 0.129519 0.503343 -0.143488 -0.305038 0.237363 -0.491288 -0.031777 -0.253423
9 -0.120991 -0.484926 -0.089612 -0.287634 -0.060415 0.146046 0.259206 0.236423 0.562780 -0.169295 0.136528 0.497020 -0.139240 -0.300298 0.264940 -0.447379 0.062748 -0.138075
12 -0.263189 -0.603376 0.033176 -0.422204 -0.066547 0.092935 0.221500 0.144696 0.469471 -0.137029 0.159369 0.575042 -0.135558 -0.295443 0.320140 -0.519218 -0.071066 -0.242040
6 -0.219765 -0.285083 0.031864 0.021064 0.310574 -0.052221 0.405505 0.305905 0.145045 -0.365562 0.471516 0.288741 -0.258186 -0.581046 0.003768 -0.636202 0.106748 -0.502364
5 -0.220546 -0.298267 -0.007475 -0.025911 0.309264 -0.066820 0.390239 0.230096 0.169348 -0.361125 0.454713 0.306853 -0.243484 -0.512159 0.008331 -0.614536 0.072951 -0.476883
10 -0.103230 -0.465365 -0.081022 -0.255534 -0.036289 0.149276 0.270571 0.229795 0.531658 -0.191026 0.162214 0.482964 -0.153154 -0.264334 0.241298 -0.414776 0.086998 -0.151364
16 -0.286439 -0.547203 0.065266 -0.351775 0.027177 0.068904 0.307020 0.162657 0.399213 -0.197513 0.195718 0.538720 -0.181707 -0.346141 0.277638 -0.598699 -0.085107 -0.354508
13 -0.166972 -0.495878 0.015180 -0.323461 -0.033506 0.095324 0.260903 0.165399 0.449364 -0.146501 0.145654 0.438569 -0.130525 -0.341628 0.277953 -0.498137 -0.008978 -0.252309
17 -0.188987 -0.502062 0.006753 -0.279959 -0.042840 0.063227 0.276082 0.217364 0.468891 -0.154412 0.182889 0.496753 -0.126234 -0.317112 0.243158 -0.491560 0.012828 -0.282318
