18 18
12 -0.459257 -0.680985 0.477336 -0.428612 -0.067225 0.043368 0.096553 0.070435 0.100283 0.148554 0.152250 0.409101 -0.171397 -0.247160 0.281450 -0.343957 -0.011406 -0.367186
9 -0.412276 -0.604833 0.415515 -0.389082 -0.020055 0.041667 0.107270 0.108936 0.148651 0.092628 0.129335 0.368800 -0.146471 -0.284895 0.240503 -0.360150 0.009588 -0.338542
6 -0.392098 -0.629311 0.446387 -0.359451 -0.038619 0.055805 0.123459 0.105452 0.109800 0.117796 0.128226 0.345364 -0.158667 -0.264106 0.282656 -0.345449 -0.002692 -0.377790
8 -0.374936 -0.616030 0.435463 -0.366236 -0.062885 0.057663 0.134537 0.077246 0.117318 0.132698 0.094905 0.344222 -0.176423 -0.245323 0.297626 -0.378445 0.015286 -0.366683
3 -0.414532 -0.552916 0.444390 -0.345217 -0.003580 0.024907 0.110790 0.103774 0.091350 0.074383 0.128942 0.308473 -0.166670 -0.265465 0.211210 -0.353413 0.056078 -0.359186
16 -0.345144 -0.557999 0.397505 -0.350714 -0.062712 0.059753 0.133713 0.045279 0.096906 0.125145 0.081432 0.332304 -0.167616 -0.200880 0.293827 -0.332434 -0.036604 -0.364631
13 -0.367841 -0.597138 0.437737 -0.396048 -0.056208 0.050946 0.124053 0.047563 0.118471 0.143619 0.090227 0.331985 -0.147265 -0.257585 0.277041 -0.337144 -0.022321 -0.365955
14 -0.411766 -0.629588 0.460736 -0.401817 -0.024642 0.063326 0.099417 0.066857 0.101167 0.131002 0.090923 0.359489 -0.166082 -0.248594 0.260626 -0.329188 0.022196 -0.353178
2 -0.368999 -0.594836 0.411844 -0.372096 -0.039002 0.043288 0.116406 0.116527 0.094046 0.090909 0.111961 0.360833 -0.134257 -0.259660 0.242725 -0.359958 0.001154 -0.322073
1 -0.431253 -0.635370 0.464058 -0.403425 -0.016994 0.010360 0.112430 0.124870 0.152274 0.101975 0.102718 0.357162 -0.129257 -0.275548 0.239166 -0.381483 0.029217 -0.369370
0 -0.386637 -0.597951 0.421742 -0.390361 -0.055525 0.054382 0.088834 0.079672 0.111066 0.110701 0.136476 0.329856 -0.134140 -0.246870 0.272698 -0.343573 0.033433 -0.352413
10 -0.440974 -0.646872 0.466644 -0.396687 -0.014599 0.064847 0.118107 0.122216 0.148354 0.085154 0.152511 0.391707 -0.167895 -0.247864 0.240144 -0.346708 0.042919 -0.351194
15 -0.428354 -0.620469 0.455993 -0.400075 -0.029007 0.073674 0.114853 0.069783 0.116341 0.098532 0.130533 0.352131 -0.148282 -0.234373 0.259741 -0.351117 -0.001451 -0.354944
7 -0.380892 -0.609024 0.414888 -0.386800 -0.051289 0.060393 0.118291 0.098506 0.144133 0.097853 0.109899 0.359970 -0.150717 -0.278204 0.278784 -0.348236 0.014830 -0.364207
5 -0.372686 -0.604622 0.389248 -0.368146 -0.006345 0.044717 0.144022 0.053106 0.146962 0.076895 0.122815 0.349668 -0.169717 -0.228934 0.266874 -0.365635 -0.007820 -0.364738
4 -0.414943 -0.578061 0.448685 -0.368612 -0.009659 0.013561 0.087675 0.133676 0.132271 0.082546 0.147217 0.362046 -0.131829 -0.267020 0.242312 -0.374982 0.033029 -0.384721
17 -0.388464 -0.602043 0.431478 -0.356121 -0.076467 0.031827 0.120146 0.091975 0.135791 0.141075 0.129677 0.373799 -0.135365 -0.222380 0.252928 -0.316974 0.007574 -0.382159
11 -0.390687 -0.573720 0.408645 -0.331040 -0.014990 0.025289 0.079965 0.123542 0.125391 0.069000 0.107787 0.331701 -0.154136 -0.217739 0.259566 -0.348524 0.003123 -0.328909
