18 18
5 -0.310654 -0.465194 0.261719 -0.076845 -0.008803 -0.126158 0.298721 0.141746 0.531607 -0.098337 0.305111 0.496815 -0.175917 0.058054 0.186925 -0.326091 0.066337 -0.678801
17 -0.333004 -0.444321 0.262848 -0.058137 -0.079418 -0.136766 0.311626 0.176327 0.552559 -0.056088 0.322442 0.498940 -0.159720 0.053293 0.129000 -0.272179 0.109869 -0.657602
4 -0.297873 -0.403922 0.296982 -0.074633 -0.005093 -0.119947 0.241585 0.179244 0.486593 -0.092762 0.273222 0.461611 -0.134927 0.034345 0.183621 -0.311858 0.069313 -0.663150
15 -0.292519 -0.419625 0.299599 -0.096774 -0.012697 -0.063610 0.266698 0.099716 0.447485 -0.069635 0.221846 0.420072 -0.138489 0.074319 0.203072 -0.288045 0.007911 -0.617435
3 -0.368701 -0.422548 0.279447 -0.079942 -0.056512 -0.116247 0.319466 0.159543 0.495283 -0.086867 0.342780 0.439431 -0.205435 -0.011741 0.120144 -0.322930 0.147660 -0.645011
1 -0.343284 -0.435596 0.272021 -0.097692 -0.040916 -0.137290 0.283674 0.174315 0.512149 -0.081416 0.292683 0.431934 -0.148700 0.012286 0.123184 -0.315289 0.114304 -0.611291
14 -0.310095 -0.455401 0.336426 -0.114975 0.010358 -0.082258 0.230482 0.138769 0.454751 -0.065708 0.204954 0.472672 -0.169590 0.054751 0.209202 -0.297068 0.072458 -0.644115
11 -0.317943 -0.444946 0.309098 -0.069523 0.006662 -0.106516 0.241044 0.159955 0.484925 -0.099394 0.232793 0.458487 -0.170118 0.091024 0.224954 -0.323416 0.028638 -0.644762
16 -0.293191 -0.395591 0.263512 -0.075372 -0.037266 -0.102191 0.279642 0.139355 0.471701 -0.072276 0.241691 0.450111 -0.157574 0.069230 0.183698 -0.299145 0.035409 -0.623893
10 -0.299788 -0.393505 0.219684 -0.060941 -0.032359 -0.085860 0.285085 0.140501 0.492341 -0.097488 0.310879 0.428164 -0.171019 0.063579 0.114828 -0.250823 0.100761 -0.550866
7 -0.253403 -0.419089 0.258761 -0.086805 -0.052439 -0.086494 0.270061 0.162457 0.507162 -0.076464 0.227084 0.459284 -0.138553 0.012502 0.208777 -0.293385 0.061234 -0.635396
2 -0.271775 -0.425014 0.279844 -0.078777 -0.019503 -0.109862 0.274320 0.175515 0.456971 -0.089910 0.249094 0.470887 -0.138990 0.027069 0.176985 -0.326277 0.044737 -0.626018
13 -0.282093 -0.438895 0.314116 -0.101810 -0.036662 -0.106710 0.287398 0.128967 0.498529 -0.057537 0.239312 0.448744 -0.149201 0.037035 0.214453 -0.315709 0.030003 -0.677521
0 -0.304897 -0.423344 0.254757 -0.102710 -0.064882 -0.083143 0.262367 0.133441 0.471910 -0.072215 0.298405 0.433859 -0.150069 0.044778 0.176270 -0.290447 0.098123 -0.597456
9 -0.368616 -0.418904 0.206849 -0.100043 -0.087244 -0.114928 0.308556 0.176036 0.562901 -0.074960 0.359061 0.477660 -0.172021 -0.031768 0.095613 -0.300196 0.134243 -0.583381
8 -0.270707 -0.414656 0.284397 -0.074463 -0.035939 -0.076102 0.263786 0.123517 0.430480 -0.044454 0.215239 0.408009 -0.160501 0.054980 0.194333 -0.292294 0.055139 -0.579649
12 -0.026600 -0.022358 0.002765 -0.019307 -0.014582 -0.010130 -0.018079 -0.025837 -0.017080 0.018496 0.026502 0.027636 -0.006702 0.013838 0.001462 0.019107 -0.024921 0.008452
6 0.007299 -0.006988 0.006429 0.025394 0.003018 0.008962 0.013628 0.017139 -0.003415 0.002961 0.009307 -0.005691 -0.008572 -0.012634 0.015137 0.000585 -0.007433 -0.019036
