18 18
6 -0.458878 -0.491310 0.285217 -0.330235 0.097970 0.142466 0.204651 -0.237570 0.136534 -0.087256 0.243226 0.325500 -0.304749 0.057370 0.340475 -0.304383 -0.203301 -0.445366
3 -0.461033 -0.474964 0.296657 -0.325430 0.102309 0.114653 0.205615 -0.224151 0.117400 -0.113974 0.234056 0.285262 -0.324154 0.023883 0.324319 -0.347001 -0.134696 -0.457326
1 -0.460267 -0.504661 0.307573 -0.336280 0.109347 0.065668 0.180910 -0.183469 0.163206 -0.109174 0.192851 0.282261 -0.282176 0.029430 0.324965 -0.368093 -0.115416 -0.469730
7 -0.431586 -0.480216 0.254323 -0.354084 0.072745 0.142197 0.197706 -0.229834 0.165727 -0.113483 0.221203 0.317157 -0.300862 0.025411 0.370637 -0.337230 -0.179149 -0.449848
12 -0.473305 -0.474468 0.260947 -0.384029 0.073061 0.141680 0.140113 -0.307526 0.109430 -0.050462 0.242121 0.371822 -0.281521 0.123552 0.300380 -0.221684 -0.242779 -0.353316
0 -0.434326 -0.475870 0.275580 -0.361595 0.071134 0.134734 0.166530 -0.233924 0.126693 -0.091120 0.224081 0.292460 -0.280748 0.052413 0.340725 -0.322600 -0.138276 -0.416952
14 -0.418854 -0.438860 0.275729 -0.368142 0.087876 0.164232 0.152355 -0.272585 0.108876 -0.045244 0.162108 0.318894 -0.264684 0.081370 0.285357 -0.223613 -0.181085 -0.351847
15 -0.436640 -0.442338 0.267488 -0.358307 0.085634 0.168719 0.179531 -0.279239 0.126989 -0.077033 0.211602 0.305444 -0.259721 0.089285 0.301185 -0.255820 -0.218945 -0.374858
16 -0.430613 -0.435362 0.269000 -0.334271 0.079141 0.129375 0.179107 -0.252294 0.128266 -0.076092 0.200348 0.323727 -0.285403 0.101062 0.330114 -0.289568 -0.205160 -0.416038
2 -0.450526 -0.511773 0.282988 -0.356292 0.092195 0.110356 0.201979 -0.208213 0.126616 -0.114343 0.221658 0.335934 -0.294579 0.038070 0.342908 -0.370484 -0.175886 -0.442142
5 -0.403423 -0.480069 0.243354 -0.298336 0.116380 0.070402 0.203007 -0.212351 0.159482 -0.118944 0.212166 0.288560 -0.296591 0.047633 0.330971 -0.356212 -0.135858 -0.455437
8 -0.425181 -0.482539 0.294638 -0.322665 0.071337 0.137326 0.207458 -0.219972 0.126653 -0.076828 0.206559 0.283340 -0.312949 0.032432 0.353961 -0.340572 -0.142829 -0.437447
13 -0.422327 -0.471054 0.291530 -0.348285 0.088670 0.097533 0.193329 -0.236868 0.150591 -0.077665 0.197506 0.280750 -0.273445 0.025694 0.340386 -0.334885 -0.186511 -0.457776
4 -0.437653 -0.433506 0.275338 -0.313387 0.108805 0.093597 0.153739 -0.198364 0.137077 -0.109864 0.240876 0.302956 -0.266687 0.041565 0.327901 -0.324557 -0.165466 -0.454026
11 -0.454581 -0.485389 0.277072 -0.331364 0.105337 0.100785 0.151856 -0.206506 0.161711 -0.113149 0.198324 0.317064 -0.296468 0.081229 0.344484 -0.327595 -0.168398 -0.420271
9 -0.468237 -0.476254 0.245344 -0.378285 0.092658 0.144311 0.174759 -0.253462 0.169088 -0.092152 0.233645 0.361729 -0.284333 0.061973 0.310328 -0.293496 -0.218353 -0.379593
10 -0.443205 -0.465497 0.257064 -0.363556 0.097154 0.179259 0.184423 -0.276330 0.161829 -0.092182 0.232091 0.354456 -0.294873 0.113970 0.304619 -0.241368 -0.200927 -0.372683
17 -0.463161 -0.501255 0.291259 -0.340367 0.067852 0.102920 0.199549 -0.233672 0.173056 -0.072481 0.235357 0.357232 -0.287780 0.081654 0.326936 -0.301426 -0.173143 -0.470330
