18 18
7 -0.201845 -0.431983 0.251686 -0.349591 -0.094549 0.177790 0.232487 -0.157963 0.166167 -0.002138 0.158816 0.168458 -0.254521 -0.359118 0.453517 -0.383068 -0.099410 -0.450458
0 -0.189566 -0.401846 0.259794 -0.350090 -0.091427 0.160135 0.222643 -0.150659 0.107228 -0.005039 0.187453 0.138554 -0.237487 -0.361140 0.439851 -0.415359 -0.085398 -0.457482
13 -0.186462 -0.422841 0.273404 -0.365783 -0.095718 0.159125 0.240816 -0.197064 0.153542 0.032366 0.144745 0.136819 -0.247917 -0.369189 0.451859 -0.396440 -0.139618 -0.446390
3 -0.203105 -0.387195 0.322514 -0.338346 -0.058486 0.126116 0.286766 -0.124618 0.073004 -0.018428 0.167632 0.113091 -0.291371 -0.469783 0.439145 -0.515312 -0.095873 -0.567875
5 -0.188521 -0.417076 0.249979 -0.326958 -0.044870 0.128013 0.272490 -0.161623 0.138374 -0.020926 0.178318 0.169062 -0.278295 -0.371418 0.445172 -0.453536 -0.134469 -0.515983
10 -0.186356 -0.410142 0.259809 -0.335286 -0.068562 0.178263 0.247371 -0.137042 0.147368 -0.009496 0.157137 0.164620 -0.259987 -0.345244 0.410769 -0.381690 -0.087979 -0.428224
12 -0.260900 -0.463068 0.298633 -0.384815 -0.097384 0.150705 0.202491 -0.199246 0.094185 0.026821 0.212840 0.180714 -0.256792 -0.327272 0.424797 -0.366284 -0.116661 -0.436992
17 -0.190320 -0.400488 0.271791 -0.315590 -0.105712 0.126104 0.250369 -0.135742 0.138979 0.033129 0.168258 0.171725 -0.222037 -0.335166 0.391976 -0.368739 -0.110893 -0.475701
2 -0.159711 -0.407496 0.283300 -0.360170 -0.085235 0.147785 0.268657 -0.122324 0.083082 0.003019 0.140195 0.157990 -0.240162 -0.426187 0.433565 -0.467539 -0.130431 -0.485435
8 -0.209545 -0.469436 0.315112 -0.359443 -0.098197 0.169968 0.268441 -0.135466 0.131565 0.023584 0.136438 0.161025 -0.291030 -0.398806 0.484392 -0.469936 -0.085932 -0.492654
1 -0.219180 -0.429607 0.321478 -0.367758 -0.064518 0.114337 0.246318 -0.102731 0.121154 0.001724 0.140280 0.140666 -0.236337 -0.417579 0.413823 -0.463455 -0.081715 -0.512819
14 -0.216011 -0.440079 0.327244 -0.369680 -0.054933 0.154348 0.240262 -0.133979 0.109095 0.014775 0.117562 0.161535 -0.273547 -0.404060 0.437663 -0.435363 -0.081121 -0.498044
15 -0.256665 -0.457600 0.312115 -0.391790 -0.074177 0.189902 0.241376 -0.203366 0.121460 -0.003218 0.203915 0.158173 -0.254402 -0.343659 0.447600 -0.409242 -0.129114 -0.463903
11 -0.221425 -0.411603 0.275602 -0.312452 -0.058121 0.132628 0.214155 -0.131035 0.139697 -0.020505 0.160445 0.152296 -0.262279 -0.323972 0.445368 -0.417714 -0.125254 -0.462388
16 -0.178108 -0.366745 0.277253 -0.325342 -0.081684 0.130327 0.259170 -0.135445 0.092569 0.005415 0.142021 0.147935 -0.250953 -0.364320 0.440769 -0.443121 -0.134965 -0.519932
9 -0.214769 -0.433180 0.267089 -0.367566 -0.088498 0.161841 0.243250 -0.131029 0.164322 0.009800 0.157762 0.185856 -0.255979 -0.406602 0.437847 -0.425865 -0.114744 -0.455541
6 -0.173417 -0.409872 0.302637 -0.321262 -0.065099 0.141723 0.285043 -0.109880 0.095755 0.000059 0.164481 0.141028 -0.274109 -0.440629 0.463331 -0.475038 -0.124535 -0.557607
4 -0.190037 -0.380761 0.316563 -0.341865 -0.051540 0.111316 0.257046 -0.100337 0.091032 -0.022477 0.193625 0.149003 -0.257958 -0.457970 0.455261 -0.515133 -0.117815 -0.589909
