18 18
2 -0.262795 -0.673141 0.198899 -0.199160 -0.084104 0.231195 0.191371 0.166598 0.194829 0.000013 0.163060 0.446943 -0.349416 -0.142881 0.394364 -0.358016 -0.009488 -0.098459
0 -0.252795 -0.624391 0.158668 -0.192421 -0.097057 0.242578 0.143564 0.112425 0.211702 -0.000812 0.208930 0.420040 -0.342543 -0.078123 0.407514 -0.295857 0.011437 -0.102768
1 -0.300754 -0.703302 0.208837 -0.194783 -0.064104 0.196636 0.186624 0.184201 0.258423 -0.006892 0.170598 0.438331 -0.346529 -0.136280 0.376029 -0.365698 0.030960 -0.127196
8 -0.233890 -0.668003 0.133676 -0.121136 -0.100537 0.271191 0.206910 0.216570 0.287109 -0.020552 0.189691 0.461073 -0.381974 -0.095121 0.424591 -0.357715 0.056828 -0.084030
14 -0.297501 -0.678159 0.230629 -0.229501 -0.064699 0.229025 0.148566 0.102362 0.184892 0.029041 0.165637 0.447994 -0.367398 -0.111506 0.393800 -0.303776 -0.000089 -0.124235
17 -0.254121 -0.654693 0.159858 -0.142390 -0.105682 0.207312 0.197287 0.181207 0.269913 0.008207 0.202337 0.464451 -0.338129 -0.100175 0.380978 -0.316107 0.005015 -0.131906
7 -0.239868 -0.660785 0.147838 -0.164422 -0.087388 0.264575 0.185791 0.186957 0.275202 -0.032200 0.178488 0.449947 -0.359129 -0.132416 0.411344 -0.324113 0.023165 -0.102985
9 -0.265640 -0.655348 0.116484 -0.149700 -0.082584 0.252447 0.173637 0.211721 0.300875 -0.032027 0.214658 0.487151 -0.366307 -0.122148 0.399222 -0.336972 0.006291 -0.062452
12 -0.298061 -0.632412 0.198264 -0.214908 -0.091336 0.180512 0.114167 0.067787 0.159107 0.049635 0.203949 0.438187 -0.339345 -0.083366 0.361942 -0.247052 -0.057034 -0.098470
6 -0.254724 -0.664849 0.167895 -0.135313 -0.068277 0.252004 0.189783 0.201647 0.248502 -0.022154 0.194025 0.438935 -0.369497 -0.126756 0.411844 -0.334958 0.009387 -0.109201
4 -0.293416 -0.661268 0.200897 -0.185491 -0.060033 0.212759 0.150420 0.177038 0.231978 -0.015797 0.222707 0.460675 -0.351149 -0.126206 0.393725 -0.343092 0.008735 -0.133124
11 -0.256006 -0.623103 0.144698 -0.127807 -0.060885 0.224334 0.144733 0.203954 0.262153 -0.045831 0.175323 0.426646 -0.351378 -0.078559 0.402207 -0.327997 0.001933 -0.076721
3 -0.305670 -0.658030 0.214263 -0.178957 -0.063629 0.226100 0.185601 0.149267 0.199682 -0.009860 0.204300 0.428842 -0.392559 -0.140784 0.377827 -0.344665 0.028437 -0.128640
5 -0.251067 -0.669953 0.132834 -0.164967 -0.035663 0.212880 0.212287 0.143025 0.270185 -0.048597 0.210493 0.442716 -0.361644 -0.123896 0.381550 -0.369509 0.017343 -0.137318
10 -0.254053 -0.644692 0.156797 -0.154692 -0.058045 0.262732 0.177613 0.168926 0.259377 -0.035663 0.193576 0.451633 -0.368364 -0.072289 0.381970 -0.294024 0.012633 -0.069851
15 -0.292559 -0.668745 0.198604 -0.198559 -0.064695 0.247826 0.179809 0.123623 0.227821 -0.016021 0.204393 0.434698 -0.353042 -0.099503 0.393986 -0.329175 -0.012214 -0.123617
16 -0.275043 -0.633946 0.191469 -0.187522 -0.094914 0.224934 0.172293 0.119738 0.211215 0.018719 0.173665 0.448464 -0.369872 -0.074887 0.424325 -0.317847 -0.039458 -0.138304
13 -0.270543 -0.643159 0.223677 -0.226811 -0.081461 0.197233 0.150535 0.086866 0.188087 0.042564 0.165429 0.404624 -0.342099 -0.133749 0.393054 -0.298095 -0.054878 -0.125980
