18 18
5 -0.141723 -0.534288 0.010597 -0.181231 0.110719 0.144215 0.338550 0.158919 0.434357 -0.213043 0.062747 0.393924 -0.161940 -0.233225 0.299082 -0.448725 -0.192218 -0.259433
11 -0.202824 -0.575065 0.062347 -0.202704 0.112944 0.153946 0.316433 0.212001 0.424104 -0.225747 0.063096 0.422471 -0.176574 -0.246868 0.315247 -0.481364 -0.202246 -0.239638
15 -0.151756 -0.545980 0.053008 -0.187582 0.098355 0.197277 0.352748 0.160086 0.462214 -0.204550 0.043047 0.388338 -0.154812 -0.234624 0.344699 -0.450645 -0.213047 -0.292745
1 -0.216196 -0.576429 0.074908 -0.251369 0.111442 0.153082 0.323167 0.231588 0.430226 -0.221540 0.048777 0.406772 -0.138618 -0.313639 0.262522 -0.489887 -0.159228 -0.219536
8 -0.189560 -0.555593 0.065913 -0.237920 0.090519 0.172242 0.328051 0.212464 0.362585 -0.192024 0.049008 0.401289 -0.167298 -0.291048 0.262387 -0.488295 -0.150019 -0.171293
7 -0.100199 -0.527573 -0.000660 -0.180865 0.071608 0.208447 0.350391 0.220251 0.513151 -0.224149 0.023033 0.409533 -0.143457 -0.295220 0.354033 -0.456937 -0.181766 -0.269514
12 -0.427180 -0.708270 0.191593 -0.431053 0.055524 0.112815 0.304344 0.157210 0.102503 -0.161014 0.205813 0.480303 -0.163502 -0.381590 0.089680 -0.499050 -0.200625 -0.062293
10 -0.137103 -0.524175 -0.021049 -0.194895 0.150742 0.220861 0.372112 0.261988 0.527725 -0.288027 0.068147 0.454389 -0.179486 -0.301619 0.285768 -0.484787 -0.160057 -0.197772
6 -0.113916 -0.525444 0.017945 -0.146611 0.105702 0.179725 0.351616 0.223162 0.485552 -0.209372 0.036642 0.397707 -0.161381 -0.274351 0.344337 -0.452224 -0.195343 -0.287075
9 -0.181776 -0.517336 0.013050 -0.235954 0.108055 0.181336 0.333891 0.241079 0.432625 -0.228512 0.061659 0.431012 -0.148061 -0.351468 0.251677 -0.487015 -0.185118 -0.174824
16 -0.124717 -0.446465 -0.003043 -0.180686 0.134936 0.174599 0.347017 0.243377 0.472774 -0.235032 -0.001288 0.408081 -0.166419 -0.277434 0.299189 -0.495978 -0.190242 -0.225286
4 -0.126519 -0.439256 -0.012101 -0.171400 0.146858 0.162358 0.302829 0.260739 0.457749 -0.260521 0.067550 0.394034 -0.132873 -0.297557 0.264700 -0.474509 -0.151425 -0.208047
17 -0.171774 -0.583901 0.055673 -0.180110 0.066613 0.139168 0.370745 0.194787 0.458940 -0.172934 0.078175 0.454648 -0.154677 -0.229553 0.300355 -0.439943 -0.213370 -0.292820
0 -0.149010 -0.553071 0.030437 -0.204876 0.068987 0.184215 0.318624 0.178758 0.463101 -0.206960 0.069518 0.397008 -0.148491 -0.245838 0.353294 -0.447510 -0.168280 -0.278827
14 -0.180714 -0.584249 0.076082 -0.230916 0.103601 0.181778 0.325915 0.192540 0.434040 -0.195285 0.026475 0.431277 -0.170009 -0.280521 0.325830 -0.462834 -0.178274 -0.266178
13 -0.136912 -0.543656 0.049305 -0.215219 0.086979 0.166131 0.348565 0.189500 0.449024 -0.188098 0.033361 0.394927 -0.148163 -0.301142 0.321825 -0.471131 -0.211419 -0.260194
3 -0.299344 -0.589232 0.138992 -0.297576 0.077279 0.144728 0.325895 0.190069 0.241843 -0.194691 0.123329 0.395784 -0.173403 -0.366792 0.180467 -0.490891 -0.147349 -0.172234
2 -0.360482 -0.659990 0.171737 -0.412963 0.055380 0.140298 0.324665 0.213266 0.109071 -0.186566 0.156997 0.452819 -0.133392 -0.427494 0.090406 -0.536746 -0.174785 -0.051195
