18 18
15 -0.373612 -0.477035 0.328142 -0.321099 0.002544 0.337392 0.306881 -0.127325 0.279122 -0.131182 0.199876 0.224845 -0.140774 -0.006309 0.334807 -0.251445 -0.122450 -0.453742
1 -0.421264 -0.543745 0.364484 -0.344537 -0.006664 0.292300 0.309729 -0.073289 0.349583 -0.112837 0.201375 0.277776 -0.123013 -0.029266 0.325496 -0.272662 -0.107812 -0.495374
3 -0.405416 -0.496266 0.357272 -0.313847 -0.004585 0.323721 0.324016 -0.101432 0.280856 -0.128033 0.225957 0.247144 -0.179491 -0.032464 0.324602 -0.269640 -0.084980 -0.489161
7 -0.351146 -0.504140 0.313523 -0.327675 -0.024018 0.349820 0.312356 -0.092042 0.334191 -0.142930 0.192329 0.254209 -0.148428 -0.043036 0.364119 -0.250392 -0.097067 -0.471425
6 -0.364522 -0.505472 0.334954 -0.290779 -0.003353 0.335828 0.321450 -0.072147 0.312686 -0.127701 0.212553 0.242326 -0.146895 -0.036701 0.346877 -0.252088 -0.118161 -0.474760
4 -0.379919 -0.438787 0.325654 -0.274506 -0.007723 0.255480 0.270195 -0.036556 0.310153 -0.111918 0.249559 0.292673 -0.107517 -0.017524 0.283821 -0.246607 -0.096214 -0.481862
8 -0.374556 -0.509110 0.335668 -0.302296 -0.034177 0.303576 0.298780 -0.075066 0.300590 -0.084817 0.198132 0.271012 -0.146473 -0.013034 0.338850 -0.263882 -0.097904 -0.444738
12 -0.406809 -0.517286 0.329772 -0.336411 -0.033396 0.313570 0.280493 -0.120617 0.290544 -0.099260 0.248757 0.301439 -0.150445 0.001334 0.341096 -0.230354 -0.148012 -0.457532
16 -0.376838 -0.471448 0.333086 -0.294313 -0.021916 0.304143 0.315517 -0.081830 0.305547 -0.113212 0.206389 0.277225 -0.150001 0.007232 0.339796 -0.262519 -0.134933 -0.486746
17 -0.397865 -0.485107 0.331742 -0.284943 -0.060769 0.268541 0.313869 -0.072080 0.333812 -0.068796 0.245992 0.327198 -0.111601 0.013295 0.279996 -0.209034 -0.122204 -0.496179
0 -0.385246 -0.555321 0.355398 -0.366432 -0.011101 0.377592 0.315247 -0.087414 0.327069 -0.158673 0.222581 0.239315 -0.150570 -0.041876 0.404829 -0.304916 -0.094068 -0.476620
5 -0.369858 -0.509807 0.293842 -0.304998 0.001476 0.291411 0.319585 -0.097081 0.343162 -0.130986 0.235737 0.297439 -0.149000 -0.009612 0.338282 -0.271087 -0.128985 -0.486453
10 -0.375322 -0.505837 0.317413 -0.304147 0.001913 0.340112 0.317012 -0.079937 0.343345 -0.145710 0.235894 0.283964 -0.156026 0.003982 0.317788 -0.228708 -0.101426 -0.442615
11 -0.390964 -0.514556 0.339608 -0.300371 0.011196 0.319376 0.285211 -0.059485 0.328413 -0.158651 0.206876 0.257954 -0.163563 -0.007226 0.365457 -0.277793 -0.115677 -0.465992
2 -0.344766 -0.497076 0.324185 -0.318735 -0.011456 0.311938 0.304526 -0.064301 0.279875 -0.126688 0.185582 0.256093 -0.122427 -0.044901 0.328858 -0.278048 -0.118544 -0.433458
9 -0.406432 -0.489114 0.311237 -0.313084 -0.031585 0.286421 0.302654 -0.057836 0.353114 -0.097693 0.241240 0.328211 -0.114179 -0.036375 0.305791 -0.258407 -0.145278 -0.471816
13 -0.352554 -0.493789 0.336947 -0.331122 -0.012024 0.313771 0.310675 -0.098759 0.322306 -0.112796 0.188972 0.234049 -0.127695 -0.044759 0.345727 -0.263375 -0.129469 -0.464943
14 -0.373066 -0.490467 0.342669 -0.323663 0.001879 0.321240 0.279427 -0.105869 0.275846 -0.102420 0.178457 0.264183 -0.158075 -0.011099 0.325584 -0.231577 -0.089902 -0.451547
