18 18
7 0.022914 -0.444749 -0.034930 -0.337115 -0.091585 0.277225 0.281223 -0.072133 0.328201 -0.016415 0.200849 0.413422 -0.047807 -0.343017 0.487067 -0.287244 -0.350570 -0.354169
6 0.012464 -0.470770 0.007312 -0.309841 -0.068359 0.284349 0.303787 -0.072291 0.290226 -0.008316 0.213532 0.381723 -0.070792 -0.317052 0.493896 -0.299506 -0.367841 -0.382175
10 0.009440 -0.459420 -0.024044 -0.322637 -0.037711 0.292106 0.323003 -0.090087 0.329930 -0.049479 0.217425 0.426803 -0.082874 -0.274444 0.456510 -0.284540 -0.364299 -0.336631
15 -0.019783 -0.459959 -0.000010 -0.340021 -0.055175 0.288537 0.308463 -0.105891 0.307265 -0.033957 0.218977 0.408506 -0.060739 -0.288472 0.474743 -0.309458 -0.384778 -0.362617
13 0.023572 -0.443650 0.008074 -0.340532 -0.080067 0.249654 0.283085 -0.098631 0.292272 0.011720 0.189243 0.363475 -0.042358 -0.326961 0.473163 -0.301532 -0.369860 -0.364157
8 0.010199 -0.466299 0.005803 -0.322323 -0.106529 0.270702 0.280230 -0.078965 0.284315 0.020285 0.191598 0.382507 -0.067730 -0.313017 0.490923 -0.306187 -0.332420 -0.343951
14 -0.006713 -0.489473 0.023500 -0.364736 -0.058282 0.278016 0.285713 -0.097225 0.299347 0.002618 0.186907 0.425323 -0.068520 -0.317981 0.493738 -0.308467 -0.358943 -0.386087
0 -0.001840 -0.459388 -0.004139 -0.351737 -0.104904 0.268154 0.256690 -0.086734 0.286166 0.001535 0.225743 0.384155 -0.045282 -0.312975 0.490725 -0.303513 -0.328951 -0.360235
4 -0.000957 -0.434586 -0.008390 -0.322347 -0.038185 0.257711 0.279015 -0.060899 0.314314 -0.040996 0.236481 0.422523 -0.046385 -0.313132 0.467280 -0.311194 -0.370762 -0.374358
9 -0.010956 -0.458528 -0.031751 -0.344943 -0.075117 0.267844 0.277513 -0.064513 0.337209 -0.014316 0.220613 0.437327 -0.050793 -0.351119 0.474690 -0.309392 -0.375521 -0.341751
16 0.005369 -0.459733 -0.006412 -0.328894 -0.057968 0.277586 0.334235 -0.090367 0.314046 -0.028523 0.194549 0.428887 -0.083105 -0.278619 0.499365 -0.326493 -0.398852 -0.390379
5 0.012136 -0.480212 -0.024647 -0.319700 -0.047297 0.252778 0.317599 -0.103768 0.315701 -0.026614 0.220952 0.411415 -0.082844 -0.289791 0.486212 -0.324042 -0.370567 -0.393697
2 0.020364 -0.476208 -0.008443 -0.348298 -0.073902 0.272449 0.306901 -0.067288 0.289942 -0.018259 0.209724 0.433095 -0.044484 -0.334840 0.480572 -0.332681 -0.385845 -0.361215
12 -0.025487 -0.452651 -0.005904 -0.326701 -0.077832 0.235646 0.251810 -0.109647 0.256830 0.009172 0.215334 0.400875 -0.068171 -0.267367 0.437660 -0.258281 -0.362072 -0.317346
1 -0.025310 -0.458732 0.016866 -0.332425 -0.043399 0.228179 0.276014 -0.059872 0.316780 -0.021991 0.184719 0.383673 -0.042565 -0.298457 0.435629 -0.306424 -0.331420 -0.360990
17 0.000834 -0.451956 0.005891 -0.312708 -0.109174 0.235260 0.281757 -0.059239 0.324509 0.024481 0.210772 0.421123 -0.032991 -0.305891 0.458522 -0.277079 -0.343792 -0.387512
11 -0.022755 -0.017997 0.010402 0.008892 0.014438 -0.011029 -0.020096 0.023319 0.018649 -0.022508 -0.004615 0.005927 -0.014992 0.016644 0.025927 -0.023252 -0.010098 -0.005158
3 -0.024675 0.005665 0.025365 0.004601 0.007865 -0.001883 0.014761 -0.000233 -0.026227 -0.010111 0.011993 -0.020661 -0.026950 -0.026588 -0.012274 -0.019090 0.026092 -0.020014
