18 18
11 -0.408035 -0.611774 0.325044 -0.206198 0.192909 -0.115209 0.124071 0.047314 0.355236 -0.056222 0.144739 0.311154 -0.212330 -0.112515 0.277636 -0.393301 -0.088301 -0.481537
14 -0.385089 -0.599341 0.332375 -0.213225 0.189337 -0.107368 0.148612 0.023653 0.316472 -0.014122 0.142861 0.318375 -0.211537 -0.158916 0.240691 -0.370285 -0.036337 -0.503622
1 -0.301302 -0.564292 0.258065 -0.138337 0.156268 -0.144752 0.220961 0.089534 0.373421 -0.024897 0.157011 0.291456 -0.172424 -0.204657 0.209357 -0.388580 0.004626 -0.532651
10 -0.335702 -0.577543 0.272318 -0.170412 0.171864 -0.080992 0.206818 0.039207 0.361430 -0.046834 0.183475 0.322997 -0.215315 -0.147049 0.231873 -0.359061 -0.028650 -0.499587
8 -0.310448 -0.597043 0.280156 -0.149218 0.124750 -0.130574 0.219091 0.071184 0.357151 0.013236 0.151932 0.311024 -0.204471 -0.191785 0.258708 -0.419784 -0.007709 -0.519161
3 -0.328083 -0.563563 0.290842 -0.147049 0.156934 -0.117907 0.257716 0.061860 0.335235 -0.041470 0.198789 0.305349 -0.224748 -0.233514 0.239738 -0.430342 -0.004305 -0.592916
0 -0.292012 -0.543276 0.254077 -0.166418 0.105624 -0.090638 0.201970 0.061639 0.343331 -0.020402 0.187897 0.303202 -0.164293 -0.165727 0.257276 -0.374311 -0.002477 -0.528981
17 -0.293432 -0.553595 0.260657 -0.122012 0.116810 -0.121158 0.248333 0.076983 0.370309 -0.011630 0.197816 0.332287 -0.171098 -0.174628 0.218494 -0.356407 -0.014712 -0.573486
2 -0.281001 -0.550230 0.250025 -0.158819 0.138688 -0.110194 0.211674 0.074630 0.318686 -0.029059 0.154692 0.310476 -0.166728 -0.196868 0.220529 -0.390689 -0.036948 -0.487326
5 -0.255544 -0.555566 0.194932 -0.117047 0.155884 -0.125004 0.259597 0.051279 0.386236 -0.045658 0.195334 0.313194 -0.202005 -0.195786 0.237847 -0.396834 -0.013238 -0.547658
6 -0.277850 -0.564104 0.254047 -0.102392 0.145223 -0.101444 0.254143 0.083347 0.352365 -0.023100 0.200846 0.309643 -0.203646 -0.206406 0.250165 -0.379580 -0.015164 -0.572552
7 -0.280761 -0.555478 0.241338 -0.147970 0.126061 -0.091515 0.222797 0.068259 0.373459 -0.029035 0.167131 0.314641 -0.190172 -0.211041 0.256947 -0.371953 -0.010739 -0.539623
13 -0.331949 -0.599967 0.299026 -0.203528 0.157061 -0.135314 0.215960 0.044166 0.387162 -0.011534 0.149677 0.308742 -0.187126 -0.219499 0.260604 -0.421648 -0.065023 -0.551614
16 -0.319012 -0.545306 0.266770 -0.173129 0.143054 -0.103539 0.214627 0.040978 0.352331 -0.029572 0.148160 0.321790 -0.197313 -0.148617 0.263342 -0.388772 -0.068400 -0.535513
12 -0.380211 -0.611552 0.294873 -0.203129 0.148387 -0.131918 0.156262 0.016719 0.332700 -0.005838 0.192452 0.340358 -0.209526 -0.145438 0.258356 -0.373125 -0.073755 -0.502117
15 -0.351360 -0.560130 0.292092 -0.193116 0.164084 -0.078702 0.195134 0.013396 0.324356 -0.040712 0.171530 0.291360 -0.184119 -0.153532 0.239982 -0.373787 -0.065230 -0.506646
9 -0.327125 -0.557428 0.241545 -0.167407 0.154608 -0.128307 0.199426 0.073357 0.378838 -0.029483 0.161833 0.321698 -0.184242 -0.217875 0.218524 -0.400346 -0.046006 -0.487169
4 -0.329110 -0.555158 0.283412 -0.145858 0.171599 -0.136375 0.205098 0.082768 0.360148 -0.043120 0.215282 0.330393 -0.188053 -0.201969 0.241319 -0.408889 -0.021405 -0.583645
