18 18
15 -0.098505 -0.488838 -0.073336 -0.450516 -0.096517 0.333155 0.401455 -0.138249 0.511247 -0.005576 0.273480 0.569566 -0.198092 -0.514878 0.393613 -0.116060 -0.207686 -0.532170
12 -0.136126 -0.532364 -0.070650 -0.512807 -0.129411 0.305654 0.392876 -0.160701 0.488289 0.040261 0.301904 0.646552 -0.196800 -0.533893 0.368484 -0.074622 -0.215768 -0.546473
14 -0.025365 -0.457964 -0.108939 -0.490434 -0.108717 0.346074 0.368111 -0.139651 0.488819 0.039144 0.220809 0.565608 -0.171665 -0.606279 0.378603 -0.069230 -0.159872 -0.490994
0 -0.052371 -0.476356 -0.099706 -0.465973 -0.139424 0.332055 0.359165 -0.112413 0.471767 0.018797 0.257694 0.548168 -0.179436 -0.550018 0.401894 -0.111551 -0.134954 -0.481573
10 -0.060531 -0.478278 -0.088389 -0.378477 -0.090036 0.327525 0.366530 -0.065340 0.494140 -0.016153 0.221504 0.543826 -0.245202 -0.480277 0.406055 -0.128777 -0.133607 -0.444296
5 -0.042307 -0.491272 -0.133432 -0.455837 -0.091118 0.307348 0.415656 -0.145956 0.515850 0.005997 0.254315 0.592015 -0.198839 -0.535021 0.383694 -0.115191 -0.200141 -0.513173
3 -0.085860 -0.429623 -0.079664 -0.456545 -0.110877 0.316873 0.397745 -0.143392 0.448676 0.005641 0.300333 0.532247 -0.176232 -0.572500 0.316380 -0.071741 -0.138776 -0.524891
11 -0.548591 -1.392111 0.568837 0.599353 0.114661 0.049032 -0.098290 1.043067 0.728010 -0.269590 -0.639770 0.400207 -1.444809 0.350330 1.805773 -1.605002 0.212474 -0.232762
8 -0.511833 -1.344153 0.574797 0.620721 0.092753 0.046587 -0.089750 1.015001 0.650817 -0.221517 -0.651349 0.351469 -1.415298 0.367971 1.742885 -1.565725 0.244050 -0.186231
6 -0.004529 -0.446012 -0.097686 -0.368638 -0.109845 0.319051 0.344837 -0.048962 0.468878 0.018855 0.185954 0.489957 -0.206413 -0.559370 0.433539 -0.133151 -0.148840 -0.454970
16 -0.132184 -0.527929 -0.061142 -0.525991 -0.101758 0.284712 0.468406 -0.160724 0.492164 0.038472 0.219577 0.679098 -0.186282 -0.458525 0.352452 -0.117544 -0.261590 -0.587532
7 -0.004363 -0.417654 -0.102871 -0.346977 -0.122860 0.290993 0.308024 -0.033514 0.455748 0.005044 0.144456 0.458620 -0.190321 -0.500938 0.411439 -0.134870 -0.115321 -0.405589
9 -0.017424 -0.421339 -0.103627 -0.317696 -0.093658 0.279145 0.282931 -0.004799 0.469316 0.002679 0.133516 0.463401 -0.230146 -0.508029 0.438081 -0.186498 -0.126512 -0.365204
4 -0.124407 -0.502633 -0.075852 -0.484633 -0.092980 0.302381 0.404760 -0.117961 0.528436 -0.004881 0.331367 0.644046 -0.187609 -0.547544 0.365070 -0.105334 -0.183146 -0.591173
17 -0.146610 -0.520490 -0.042040 -0.419874 -0.118319 0.271986 0.419278 -0.098268 0.529018 0.024629 0.290621 0.642208 -0.207867 -0.450846 0.347000 -0.092998 -0.162141 -0.578566
13 0.002846 -0.434437 -0.083691 -0.383503 -0.108788 0.281899 0.323400 -0.066317 0.464002 0.030001 0.138403 0.460868 -0.194629 -0.529988 0.425226 -0.153963 -0.162781 -0.421179
1 -0.161436 -0.550648 0.004666 -0.402417 -0.062401 0.213850 0.342398 -0.043630 0.450463 0.012547 0.134012 0.540765 -0.216513 -0.372300 0.368714 -0.198014 -0.150598 -0.461807
2 -0.054420 -0.490571 -0.069656 -0.404707 -0.102512 0.290528 0.366229 -0.055381 0.445232 0.007234 0.179175 0.553462 -0.208486 -0.486968 0.404369 -0.173342 -0.173396 -0.447278
