18 18
4 -0.486160 -0.569576 0.405892 -0.291880 0.084151 0.004699 0.035560 0.073757 0.075351 0.019643 0.097806 0.470072 -0.318611 -0.009613 0.236209 -0.293994 -0.096193 -0.234788
12 -0.528197 -0.655766 0.410790 -0.352289 0.054073 0.049881 0.039152 0.002060 0.084974 0.067163 0.079259 0.515950 -0.359281 0.021151 0.244090 -0.253254 -0.127410 -0.162810
1 -0.514253 -0.633925 0.425337 -0.336197 0.076101 0.026224 0.055001 0.054901 0.100687 0.039017 0.051974 0.463215 -0.325808 -0.020255 0.231326 -0.301914 -0.078743 -0.200465
16 -0.492228 -0.590044 0.410662 -0.313275 0.048013 0.042115 0.083636 0.030923 0.074872 0.047264 0.050687 0.500863 -0.370115 0.028013 0.282990 -0.320441 -0.129110 -0.242792
8 -0.497434 -0.644876 0.416535 -0.331898 0.039801 0.125589 0.084701 -0.012264 0.082910 0.090609 0.008386 0.445284 -0.363943 0.013384 0.262708 -0.274844 -0.084418 -0.125795
9 -0.562298 -0.694242 0.416447 -0.383825 0.066002 0.146544 0.078203 -0.009575 0.131807 0.071331 0.022515 0.515567 -0.387376 -0.009564 0.259449 -0.290981 -0.116827 -0.098570
2 -0.470168 -0.615884 0.417039 -0.317709 0.064298 0.020670 0.073332 0.073512 0.048211 0.021869 0.089913 0.506988 -0.346908 -0.029466 0.256563 -0.329393 -0.114517 -0.232219
3 -0.454986 -0.529210 0.387825 -0.268333 0.063256 0.022610 0.072763 0.041501 0.035260 0.018541 0.089312 0.410218 -0.340781 -0.031131 0.226427 -0.300660 -0.067240 -0.238448
10 -0.498322 -0.628209 0.395652 -0.327191 0.072330 0.113472 0.080643 0.007331 0.109073 0.038263 0.054157 0.474858 -0.366621 0.024221 0.230194 -0.249165 -0.086470 -0.129412
6 -0.478200 -0.604257 0.411507 -0.277801 0.082493 0.013915 0.064542 0.085604 0.075693 0.020624 0.102408 0.462490 -0.332464 -0.034198 0.252364 -0.295665 -0.099408 -0.258351
5 -0.476856 -0.613772 0.374950 -0.298911 0.090688 0.009665 0.078853 0.034981 0.099512 0.008128 0.104862 0.484499 -0.350002 -0.005781 0.255963 -0.315439 -0.109831 -0.246444
0 -0.451545 -0.570273 0.376214 -0.311352 0.034648 0.066559 0.052314 0.024264 0.062668 0.041533 0.080412 0.428018 -0.315188 -0.004119 0.253057 -0.278928 -0.067865 -0.188681
11 -0.514879 -0.624249 0.416408 -0.307867 0.080877 0.035775 0.038510 0.056883 0.096321 0.018231 0.054563 0.475723 -0.360292 0.022657 0.272243 -0.306302 -0.113284 -0.196894
14 -0.520628 -0.644956 0.427284 -0.358637 0.072534 0.109833 0.054037 -0.005765 0.081812 0.070743 0.007387 0.476036 -0.359353 0.010388 0.245142 -0.262000 -0.083312 -0.140487
7 -0.482801 -0.632145 0.398192 -0.338585 0.042613 0.065610 0.065327 0.045639 0.111980 0.038221 0.059736 0.502223 -0.351727 -0.027770 0.277860 -0.290965 -0.100316 -0.207883
13 -0.481002 -0.621695 0.424575 -0.347590 0.052922 0.061672 0.074834 0.003832 0.092321 0.072585 0.038149 0.469890 -0.349386 -0.012242 0.262207 -0.284397 -0.128515 -0.191161
17 -0.505298 -0.628104 0.420138 -0.308878 0.028459 0.027355 0.075538 0.049953 0.107333 0.073746 0.071800 0.519347 -0.339456 0.022825 0.241176 -0.272584 -0.105632 -0.229983
15 -0.523642 -0.646341 0.419519 -0.360503 0.067772 0.137702 0.083640 -0.025413 0.096440 0.050350 0.042439 0.453701 -0.344950 0.012309 0.249597 -0.274929 -0.111248 -0.141055
