18 18
13 -0.620281 -0.595194 0.385438 -0.502162 -0.041358 0.382688 0.084910 -0.212508 0.203504 -0.083787 0.251612 0.269457 -0.432761 -0.074494 0.309899 -0.249602 -0.087908 -0.008154
10 -0.525534 -0.561495 0.296708 -0.405351 0.016882 0.326832 0.071838 -0.087536 0.222055 -0.143116 0.245707 0.342751 -0.360645 -0.068603 0.274318 -0.238120 -0.054730 -0.054387
2 -0.219526 -0.570053 0.157331 -0.274953 0.134168 0.087232 -0.017527 0.324754 0.261162 -0.255735 0.114517 0.585667 -0.045149 -0.309246 0.389930 -0.433366 -0.097311 -0.398236
4 -0.395328 -0.574985 0.246448 -0.345546 0.100085 0.182569 -0.014981 0.166811 0.268057 -0.225531 0.204919 0.502341 -0.178183 -0.226129 0.373396 -0.376529 -0.079794 -0.304247
11 -0.517286 -0.584612 0.304636 -0.391006 0.043590 0.253364 -0.005448 0.004881 0.225573 -0.177357 0.219736 0.382769 -0.307254 -0.100430 0.361075 -0.319396 -0.096355 -0.145077
14 -0.339279 -0.627842 0.236718 -0.351277 0.140099 0.167367 -0.013334 0.226406 0.291075 -0.238318 0.126123 0.579881 -0.149298 -0.276432 0.410667 -0.410624 -0.071062 -0.369966
6 -0.334246 -0.595463 0.220835 -0.312199 0.111342 0.182403 0.018286 0.211654 0.275015 -0.230859 0.172926 0.517213 -0.155620 -0.263684 0.392388 -0.382998 -0.085684 -0.345748
8 -0.588742 -0.622762 0.357312 -0.445882 -0.026432 0.345489 0.075268 -0.123233 0.213839 -0.101537 0.237820 0.325320 -0.419995 -0.078800 0.335006 -0.290696 -0.058908 -0.049882
7 -0.268505 -0.585917 0.166854 -0.313381 0.111648 0.153584 -0.002605 0.258792 0.322865 -0.258034 0.122010 0.553813 -0.094925 -0.296673 0.420650 -0.404287 -0.076492 -0.388763
1 -0.485449 -0.602419 0.303836 -0.397270 0.055662 0.227138 0.032726 0.046340 0.261498 -0.165789 0.188375 0.404322 -0.258029 -0.163452 0.322644 -0.331233 -0.060327 -0.191279
9 -0.549646 -0.594955 0.298745 -0.440290 0.018917 0.299016 0.047450 -0.041171 0.251272 -0.149843 0.236626 0.396306 -0.343702 -0.157175 0.315289 -0.313185 -0.087773 -0.093637
17 -0.370011 -0.587610 0.235107 -0.316939 0.060529 0.159005 0.024386 0.170655 0.292227 -0.183673 0.177395 0.533236 -0.167099 -0.210490 0.353683 -0.347281 -0.083836 -0.320388
5 -0.237091 -0.545818 0.134261 -0.257490 0.156507 0.089502 0.021689 0.231825 0.296269 -0.251833 0.133950 0.540679 -0.088864 -0.252560 0.364359 -0.401596 -0.092206 -0.391819
0 -0.494334 -0.597230 0.292477 -0.425889 -0.003169 0.273303 0.018213 -0.005310 0.216878 -0.148023 0.244002 0.397132 -0.285286 -0.145650 0.351306 -0.319163 -0.062472 -0.149035
3 -0.621125 -0.568127 0.375948 -0.454518 -0.001641 0.356828 0.081017 -0.161058 0.166944 -0.126276 0.259883 0.268122 -0.434167 -0.097199 0.285863 -0.272672 -0.047466 -0.044824
15 -0.589069 -0.602659 0.356186 -0.468580 0.012245 0.358740 0.072181 -0.133171 0.211600 -0.141432 0.246293 0.332494 -0.365681 -0.084088 0.326539 -0.283854 -0.092866 -0.092733
12 -0.469327 -0.613144 0.275887 -0.402629 0.032415 0.223902 0.000753 0.030565 0.221073 -0.153667 0.222571 0.454667 -0.255379 -0.156682 0.355719 -0.311155 -0.105259 -0.194660
16 -0.003066 0.009981 0.006043 0.000869 -0.007381 -0.001770 0.017455 -0.006904 0.000948 0.004908 -0.016488 0.011175 -0.012361 0.022003 0.021550 -0.015661 -0.025305 -0.027720
