18 18
0 -0.234523 -0.584987 0.259161 -0.230995 -0.084435 0.144553 0.169406 0.070406 0.251485 0.004598 0.053364 0.426199 -0.340105 -0.136004 0.508635 -0.390859 0.020631 -0.425394
12 -0.282774 -0.609778 0.317787 -0.238208 -0.041371 0.101247 0.173421 0.030906 0.179579 0.024479 0.088184 0.443918 -0.366984 -0.161016 0.469327 -0.365433 -0.033463 -0.473741
8 -0.164602 -0.548212 0.116012 -0.137672 -0.209466 0.194629 0.182631 0.144512 0.434881 0.025728 -0.021508 0.442372 -0.339032 -0.073371 0.570065 -0.373754 0.055323 -0.311264
3 -0.293276 -0.581610 0.353530 -0.212972 0.014052 0.092069 0.195548 0.071862 0.144059 -0.025266 0.073524 0.350864 -0.367686 -0.216335 0.414722 -0.408495 0.027517 -0.490574
5 -0.231102 -0.585114 0.265151 -0.215312 -0.001778 0.099226 0.196825 0.033244 0.214417 -0.012875 0.067033 0.421331 -0.361443 -0.156665 0.468310 -0.395845 -0.020569 -0.468778
16 -0.236856 -0.591401 0.270915 -0.211762 -0.085548 0.144892 0.220163 0.070280 0.276906 0.015209 0.012171 0.454331 -0.381198 -0.122260 0.530095 -0.410471 -0.014877 -0.463890
2 -0.227773 -0.597914 0.284258 -0.221379 -0.048953 0.122540 0.199642 0.092101 0.208405 0.001089 0.030898 0.442544 -0.346643 -0.177758 0.469183 -0.408439 -0.010196 -0.434124
14 -0.254400 -0.575372 0.320028 -0.227595 -0.013719 0.119486 0.162103 0.048961 0.174657 0.020179 0.025091 0.409986 -0.353008 -0.159473 0.447601 -0.357862 0.011407 -0.441558
7 -0.157577 -0.512240 0.126074 -0.166045 -0.141647 0.168291 0.173089 0.103832 0.360089 -0.007750 0.007099 0.414483 -0.308062 -0.113045 0.511886 -0.341396 0.022269 -0.343770
10 -0.191335 -0.551497 0.161958 -0.169250 -0.118873 0.192596 0.183774 0.107731 0.375590 -0.015181 0.022180 0.439680 -0.346153 -0.078144 0.504683 -0.337911 0.036940 -0.326221
6 -0.238752 -0.573197 0.285185 -0.176237 -0.011303 0.111838 0.192397 0.095043 0.198871 -0.011230 0.064642 0.387607 -0.349500 -0.184084 0.456835 -0.385284 -0.003523 -0.460290
4 -0.296461 -0.585173 0.385272 -0.231051 0.052434 0.072449 0.162910 0.078818 0.122424 -0.023723 0.096157 0.383082 -0.340031 -0.217311 0.410823 -0.402888 -0.000202 -0.520017
13 -0.238924 -0.595616 0.330666 -0.245081 -0.035508 0.122269 0.204392 0.034781 0.212957 0.026335 0.032862 0.403895 -0.359331 -0.193208 0.489800 -0.392943 -0.027281 -0.485954
1 -0.259201 -0.589575 0.289578 -0.217899 -0.038918 0.093224 0.176765 0.095877 0.262926 0.002726 0.024767 0.407922 -0.330619 -0.167224 0.455430 -0.394024 0.016920 -0.445734
17 -0.230443 -0.571218 0.240326 -0.171432 -0.112526 0.120884 0.196835 0.111897 0.315168 0.021220 0.040791 0.455135 -0.336152 -0.122479 0.483960 -0.364569 0.018797 -0.442700
9 -0.204870 -0.556904 0.128852 -0.169278 -0.143081 0.168572 0.173447 0.156317 0.417407 -0.011135 0.010977 0.443795 -0.324198 -0.137619 0.519908 -0.392294 0.026612 -0.317948
15 -0.276866 -0.598800 0.329095 -0.246378 -0.029500 0.147004 0.203295 0.028124 0.207226 -0.001117 0.059617 0.401577 -0.351541 -0.154591 0.474202 -0.386689 -0.023211 -0.473318
11 -0.235408 -0.576202 0.189357 -0.154711 -0.105375 0.144603 0.149596 0.156122 0.372971 -0.034537 0.018999 0.434715 -0.352714 -0.104524 0.551374 -0.407599 0.019808 -0.384679
