18 18
16 -0.168439 -0.125745 0.284318 0.007700 -0.119340 0.076281 0.343337 -0.024042 0.092572 0.059509 0.149226 0.291691 -0.279799 -0.100698 0.393508 -0.226751 -0.233979 -0.751917
12 -0.209218 -0.200070 0.276841 -0.010708 -0.117192 0.082845 0.346485 -0.042980 0.118610 0.045456 0.229178 0.389731 -0.324730 -0.085344 0.435081 -0.213361 -0.285422 -0.780888
7 -0.174068 -0.174854 0.283824 0.002488 -0.134566 0.122733 0.368162 0.003249 0.151464 0.027578 0.192359 0.358371 -0.314185 -0.154616 0.462707 -0.234918 -0.237508 -0.824276
5 -0.178950 -0.205181 0.259884 0.005193 -0.095547 0.101067 0.393448 -0.036240 0.157716 0.015321 0.215749 0.374645 -0.335691 -0.109254 0.447983 -0.256213 -0.259550 -0.823204
3 -0.196137 -0.149009 0.307656 0.007600 -0.108752 0.094176 0.355554 -0.016605 0.078582 0.036768 0.186156 0.271791 -0.299324 -0.153500 0.378658 -0.235197 -0.191356 -0.749213
15 -0.221014 -0.194261 0.344972 -0.020029 -0.126878 0.139459 0.393433 -0.033694 0.118485 0.039240 0.209815 0.338789 -0.316945 -0.151374 0.470639 -0.266390 -0.257932 -0.861478
11 -0.211245 -0.219347 0.277904 0.026092 -0.079946 0.089935 0.339113 0.022216 0.170825 -0.011258 0.205663 0.396880 -0.340276 -0.057657 0.463977 -0.250285 -0.278201 -0.783983
10 -0.187806 -0.196287 0.267278 0.024192 -0.094158 0.130677 0.381432 -0.001408 0.167874 0.001092 0.230620 0.392677 -0.337999 -0.077245 0.423321 -0.201863 -0.245241 -0.772108
4 -0.184675 -0.137626 0.304478 0.012750 -0.095809 0.081151 0.318818 0.021398 0.110185 0.028890 0.200317 0.328700 -0.275949 -0.145517 0.412357 -0.241265 -0.216042 -0.796804
6 -0.176663 -0.201573 0.284301 0.043640 -0.099994 0.109982 0.369289 0.026939 0.136394 0.023294 0.212546 0.364919 -0.324245 -0.115983 0.447175 -0.227152 -0.253469 -0.789327
13 -0.154489 -0.154096 0.290742 -0.022240 -0.124425 0.083978 0.363004 -0.050021 0.120688 0.067110 0.167742 0.301445 -0.287907 -0.150535 0.426984 -0.233965 -0.263305 -0.797084
8 -0.179815 -0.195832 0.313606 0.019200 -0.140731 0.111334 0.369898 0.012502 0.117226 0.063539 0.186678 0.348667 -0.319614 -0.137556 0.454325 -0.252022 -0.217011 -0.800439
17 -0.177058 -0.168018 0.273820 0.032224 -0.131860 0.071859 0.346471 0.010505 0.148477 0.056570 0.193017 0.350790 -0.268310 -0.082372 0.373378 -0.183933 -0.218430 -0.745003
2 -0.167883 -0.201636 0.270156 0.006645 -0.111857 0.103990 0.365992 0.021941 0.116771 0.012965 0.193226 0.386026 -0.299512 -0.109461 0.428875 -0.249620 -0.268067 -0.751221
14 -0.202292 -0.182354 0.333220 -0.017895 -0.100106 0.111223 0.349868 -0.024259 0.099994 0.054252 0.156839 0.339936 -0.322523 -0.133566 0.428356 -0.232568 -0.220505 -0.807494
1 -0.027660 -0.027217 0.026180 -0.019122 0.012075 -0.026796 -0.004699 0.019366 0.022084 0.001540 -0.016522 -0.005216 0.015504 -0.011155 -0.013895 -0.016653 0.015775 -0.011908
0 -0.005399 -0.014495 0.001279 -0.026652 -0.021820 0.016369 -0.010898 -0.008016 -0.006711 0.000758 0.022893 0.001004 0.004839 -0.000095 0.023655 -0.011355 0.019530 -0.003746
9 -0.008402 0.003844 -0.023332 -0.006576 0.000593 0.000225 -0.003692 0.013429 0.026437 -0.004111 0.005667 0.021814 0.003016 -0.025362 -0.007905 -0.006482 -0.012628 0.018993
