18 18
9 -0.332954 -0.522424 0.330583 -0.395298 -0.121838 0.268000 0.126581 0.156958 0.340843 0.072249 0.070970 0.561554 -0.148871 -0.214354 0.234478 -0.221439 0.143144 -0.255616
16 -0.273261 -0.466867 0.337537 -0.333124 -0.128244 0.261853 0.155753 0.197691 0.347317 0.079804 -0.003493 0.544052 -0.149908 -0.160456 0.271929 -0.234000 0.133254 -0.309100
10 -0.305090 -0.524755 0.336986 -0.380744 -0.122583 0.289257 0.147449 0.154329 0.340175 0.060458 0.081332 0.561172 -0.147747 -0.175141 0.225359 -0.195834 0.167608 -0.259229
4 -0.297551 -0.476358 0.344865 -0.362383 -0.115568 0.240096 0.111805 0.201637 0.325891 0.063676 0.079575 0.550104 -0.115462 -0.212620 0.228626 -0.231148 0.164044 -0.296574
0 -0.292996 -0.507424 0.334449 -0.390348 -0.154040 0.269036 0.121069 0.136776 0.291176 0.081354 0.077322 0.514118 -0.122421 -0.185233 0.254658 -0.218018 0.171717 -0.272816
2 -0.269983 -0.516229 0.320213 -0.398607 -0.162087 0.236023 0.149600 0.153733 0.275219 0.081122 0.065068 0.526949 -0.094724 -0.233037 0.214192 -0.251672 0.157709 -0.262809
3 -0.328179 -0.519499 0.349617 -0.394769 -0.141643 0.235935 0.154208 0.116213 0.265096 0.072900 0.097479 0.496737 -0.149560 -0.241274 0.214119 -0.252211 0.194898 -0.292247
17 -0.277414 -0.497234 0.332737 -0.345499 -0.171756 0.220951 0.154025 0.176455 0.333957 0.106198 0.056551 0.537698 -0.103389 -0.186547 0.220833 -0.209605 0.168414 -0.309252
14 -0.314564 -0.529618 0.374892 -0.393433 -0.121764 0.282839 0.125969 0.158958 0.315000 0.093225 0.025811 0.554837 -0.149818 -0.188761 0.247720 -0.205054 0.171196 -0.284696
7 -0.280349 -0.529857 0.317159 -0.413987 -0.176535 0.279176 0.148681 0.152323 0.339335 0.078865 0.066266 0.553937 -0.105179 -0.242460 0.251538 -0.218439 0.164665 -0.289864
11 -0.317769 -0.538679 0.352944 -0.380759 -0.133254 0.256382 0.123318 0.179437 0.340786 0.060072 0.055159 0.550366 -0.145910 -0.184855 0.274505 -0.245159 0.152267 -0.292549
8 -0.277980 -0.509395 0.338116 -0.348158 -0.150218 0.247855 0.149776 0.144694 0.290896 0.103140 0.042819 0.497904 -0.145248 -0.188452 0.246041 -0.232442 0.175959 -0.267984
15 -0.355585 -0.545501 0.351407 -0.424860 -0.133461 0.266019 0.141032 0.071653 0.280954 0.072569 0.120318 0.518333 -0.122437 -0.189310 0.222340 -0.214838 0.128257 -0.275938
1 -0.285304 -0.497860 0.330482 -0.362164 -0.124135 0.192468 0.130280 0.162505 0.304032 0.080841 0.038680 0.474238 -0.097713 -0.205679 0.197637 -0.237289 0.179117 -0.267820
12 -0.365302 -0.560818 0.345931 -0.437569 -0.151803 0.241962 0.105058 0.081460 0.279041 0.095135 0.134598 0.559171 -0.132291 -0.187294 0.218039 -0.184134 0.118690 -0.252326
5 -0.289554 -0.525598 0.293344 -0.385772 -0.122095 0.233254 0.161842 0.099194 0.310131 0.060867 0.095829 0.526272 -0.141838 -0.201989 0.237712 -0.247306 0.143753 -0.289340
6 -0.273243 -0.486197 0.339031 -0.325752 -0.123432 0.265176 0.141530 0.192014 0.311155 0.078252 0.055924 0.516456 -0.136734 -0.199646 0.248114 -0.203500 0.143492 -0.289447
13 -0.292964 -0.522783 0.364770 -0.403115 -0.143399 0.269636 0.149780 0.153078 0.340801 0.101076 0.038796 0.540179 -0.130874 -0.220852 0.256669 -0.225114 0.138158 -0.295939
