18 18
13 0.077167 -0.324396 0.223851 -0.390836 -0.296670 0.117501 0.379954 -0.050815 0.187830 0.160721 0.164106 0.360916 -0.053405 -0.453763 0.353820 -0.312095 -0.166821 -0.556953
16 0.038490 -0.272451 0.198001 -0.313974 -0.302787 0.120107 0.411601 -0.047475 0.134993 0.155702 0.141982 0.359450 -0.121629 -0.400215 0.323579 -0.299729 -0.190129 -0.520576
2 0.064677 -0.288999 0.183533 -0.323276 -0.299688 0.129535 0.397128 -0.023199 0.108958 0.143108 0.163617 0.362324 -0.092784 -0.441110 0.291055 -0.293373 -0.168722 -0.467016
10 0.065406 -0.310945 0.157662 -0.322695 -0.283358 0.171013 0.420731 -0.039477 0.184549 0.115557 0.198260 0.393483 -0.122728 -0.407136 0.304347 -0.264974 -0.148023 -0.471241
4 0.058783 -0.295356 0.208198 -0.344905 -0.275608 0.103236 0.365375 -0.000707 0.189870 0.128256 0.202227 0.388984 -0.064661 -0.442427 0.338796 -0.316973 -0.143527 -0.566861
12 0.017383 -0.321296 0.200419 -0.348112 -0.320286 0.117021 0.368447 -0.066690 0.112715 0.173735 0.193155 0.389146 -0.112322 -0.412024 0.307599 -0.260885 -0.189001 -0.479011
0 0.054874 -0.313098 0.191893 -0.358537 -0.294053 0.131571 0.357850 -0.035330 0.169779 0.133149 0.185032 0.355233 -0.069824 -0.406757 0.351068 -0.307295 -0.129347 -0.519418
3 0.001919 -0.273773 0.215424 -0.302452 -0.288712 0.120252 0.416793 -0.045977 0.084126 0.139135 0.182473 0.323779 -0.155908 -0.451759 0.265620 -0.298360 -0.144213 -0.485571
5 0.057311 -0.329029 0.142373 -0.330761 -0.273574 0.132595 0.412886 -0.068812 0.191884 0.115652 0.199891 0.399422 -0.119764 -0.397335 0.337900 -0.302048 -0.178658 -0.510270
15 0.030403 -0.308869 0.187967 -0.352349 -0.274000 0.163122 0.382980 -0.075898 0.160587 0.120520 0.182340 0.357215 -0.081653 -0.378352 0.323353 -0.277540 -0.180970 -0.491822
6 0.057621 -0.316902 0.206767 -0.307150 -0.295101 0.134222 0.409032 -0.022450 0.145521 0.155915 0.174284 0.357578 -0.114766 -0.444793 0.338021 -0.294381 -0.171213 -0.525272
9 0.005629 -0.265733 0.170518 -0.306349 -0.282266 0.112349 0.376837 -0.024039 0.128107 0.141458 0.174398 0.354387 -0.126278 -0.443659 0.267433 -0.287840 -0.171380 -0.441491
17 0.054463 -0.321966 0.212177 -0.328493 -0.324291 0.106089 0.407882 -0.023237 0.189251 0.172916 0.181262 0.398064 -0.076780 -0.415549 0.319511 -0.279696 -0.157417 -0.557399
7 0.080635 -0.296930 0.151479 -0.329288 -0.306855 0.159607 0.387002 -0.039415 0.182656 0.129619 0.156642 0.366870 -0.090534 -0.423990 0.333028 -0.265791 -0.151419 -0.481720
14 0.044633 -0.340527 0.246311 -0.383534 -0.284700 0.131475 0.376712 -0.041104 0.155397 0.164813 0.150097 0.388291 -0.094046 -0.449908 0.347573 -0.306369 -0.141312 -0.553112
1 0.031956 -0.355924 0.236718 -0.381799 -0.283199 0.097573 0.385501 -0.009076 0.218730 0.143826 0.159370 0.381288 -0.064326 -0.442426 0.352463 -0.337772 -0.141302 -0.576615
11 0.033790 -0.362965 0.236718 -0.367967 -0.287765 0.118007 0.379362 -0.006359 0.211166 0.128371 0.167489 0.396835 -0.100486 -0.432879 0.398051 -0.354913 -0.169996 -0.576287
8 0.056568 -0.338080 0.204198 -0.331209 -0.310711 0.139750 0.400728 -0.034377 0.166658 0.164547 0.163882 0.370445 -0.109396 -0.415077 0.349833 -0.305922 -0.146086 -0.507970
