18 18
2 -0.311504 -0.457346 0.269045 -0.296601 -0.074860 0.139173 0.247367 0.145301 0.095420 -0.076023 0.104386 0.387066 -0.179932 -0.200806 0.339309 -0.524493 -0.099610 -0.356089
1 -0.379337 -0.499414 0.310957 -0.321620 -0.067832 0.119901 0.232861 0.151572 0.156518 -0.072946 0.099608 0.371830 -0.175369 -0.181670 0.337437 -0.512317 -0.061061 -0.383330
0 -0.362196 -0.470797 0.271798 -0.333571 -0.099382 0.133195 0.176523 0.092172 0.117887 -0.052497 0.142710 0.410605 -0.200441 -0.139500 0.365804 -0.491783 -0.077962 -0.358093
11 -0.375879 -0.459671 0.270511 -0.292096 -0.057891 0.095233 0.147740 0.120605 0.147157 -0.073067 0.108921 0.408335 -0.215524 -0.117319 0.351685 -0.474425 -0.102907 -0.334251
16 -0.334783 -0.464252 0.288372 -0.292254 -0.085317 0.150498 0.270529 0.136820 0.136369 -0.072941 0.095384 0.380989 -0.205917 -0.166455 0.388050 -0.539639 -0.105142 -0.421349
9 -0.366044 -0.458260 0.247104 -0.316070 -0.068913 0.122254 0.180409 0.123254 0.141781 -0.057560 0.109168 0.415200 -0.199885 -0.194662 0.339021 -0.500117 -0.111249 -0.331198
6 -0.357837 -0.529322 0.315231 -0.291600 -0.079427 0.173429 0.288704 0.166643 0.142348 -0.088075 0.139402 0.402640 -0.228851 -0.203917 0.416199 -0.558397 -0.099811 -0.435063
12 -0.411420 -0.517949 0.302393 -0.352115 -0.094517 0.116237 0.192737 0.088434 0.125352 -0.039555 0.145448 0.456589 -0.217414 -0.142547 0.358222 -0.487146 -0.116614 -0.367668
15 -0.353312 -0.474277 0.292512 -0.307159 -0.060871 0.161243 0.257010 0.108027 0.132170 -0.084847 0.119726 0.372078 -0.190554 -0.161084 0.343934 -0.497317 -0.102885 -0.372070
14 -0.397656 -0.504202 0.313758 -0.355373 -0.054129 0.135643 0.181143 0.095565 0.115532 -0.044072 0.091977 0.433495 -0.221579 -0.165273 0.348406 -0.489068 -0.087304 -0.359168
10 -0.356039 -0.466205 0.263262 -0.307238 -0.068979 0.142344 0.207844 0.115358 0.155368 -0.076189 0.135236 0.429390 -0.217091 -0.133375 0.332170 -0.465127 -0.080873 -0.336211
3 -0.359676 -0.444303 0.293270 -0.284319 -0.061505 0.131469 0.239254 0.119768 0.103653 -0.080878 0.126602 0.351017 -0.214408 -0.186373 0.322943 -0.495942 -0.054824 -0.380331
13 -0.368939 -0.510402 0.310060 -0.354360 -0.089999 0.134615 0.235393 0.108791 0.154305 -0.053258 0.121710 0.424904 -0.213493 -0.196600 0.394516 -0.544897 -0.119173 -0.415136
4 -0.375772 -0.476359 0.297316 -0.314412 -0.066589 0.127931 0.221305 0.160235 0.143612 -0.090615 0.160560 0.430333 -0.193705 -0.192584 0.371240 -0.546949 -0.090555 -0.417671
5 -0.314417 -0.466742 0.235412 -0.278502 -0.045992 0.125205 0.252710 0.110014 0.145729 -0.096020 0.130209 0.384894 -0.207438 -0.169759 0.351385 -0.513584 -0.099587 -0.377484
7 -0.317561 -0.485193 0.269533 -0.310377 -0.101849 0.173735 0.268575 0.142211 0.162832 -0.085291 0.108223 0.385343 -0.193755 -0.207091 0.387410 -0.515486 -0.077433 -0.396839
8 -0.343683 -0.510909 0.301798 -0.302770 -0.096150 0.154173 0.262752 0.138746 0.136652 -0.057439 0.108115 0.398454 -0.221066 -0.177031 0.385525 -0.539421 -0.073116 -0.385046
17 -0.335822 -0.457504 0.275588 -0.270167 -0.105817 0.106928 0.247521 0.142128 0.168515 -0.046944 0.124161 0.413298 -0.178071 -0.138272 0.322751 -0.464160 -0.083583 -0.385958
