18 18
3 -0.337679 -0.493057 0.282127 -0.260149 -0.041681 -0.021280 0.105265 -0.151793 -0.065743 0.046282 0.262953 0.288546 -0.334396 -0.259504 0.381534 -0.296760 -0.253771 -0.416455
2 -0.365174 -0.584324 0.341278 -0.351183 -0.142797 -0.074103 0.023561 0.060901 -0.038836 0.087110 0.161705 0.427467 -0.209443 -0.291540 0.361359 -0.348336 -0.294792 -0.305579
12 -0.336792 -0.518254 0.267598 -0.309812 -0.059819 -0.016633 0.041539 -0.209417 -0.095754 0.085492 0.263751 0.348121 -0.326909 -0.220172 0.412086 -0.241018 -0.351438 -0.370643
17 -0.359871 -0.537685 0.317613 -0.281218 -0.114837 -0.073109 0.062747 -0.026634 0.002386 0.092040 0.207414 0.383323 -0.256028 -0.235598 0.375141 -0.293958 -0.291884 -0.394768
10 -0.389358 -0.568107 0.343921 -0.331622 -0.096418 -0.052621 0.029060 0.004898 0.001367 0.064724 0.182443 0.401419 -0.265759 -0.232027 0.375026 -0.300853 -0.294878 -0.331894
6 -0.328983 -0.515715 0.289302 -0.254961 -0.040823 -0.013812 0.073779 -0.147041 -0.069861 0.065389 0.256184 0.313877 -0.331804 -0.234531 0.430267 -0.268824 -0.339991 -0.416862
0 -0.406218 -0.597528 0.366152 -0.369906 -0.164189 -0.083415 -0.004615 0.082637 0.014325 0.088097 0.171410 0.427208 -0.202633 -0.269512 0.404548 -0.369019 -0.273495 -0.349051
4 -0.323776 -0.544941 0.264791 -0.267401 -0.029431 -0.019096 0.105436 -0.159082 -0.038319 0.032275 0.316902 0.350567 -0.337483 -0.268188 0.439816 -0.326840 -0.285260 -0.475443
11 -0.355454 -0.545650 0.305343 -0.286237 -0.042480 -0.039007 0.034381 -0.124048 -0.045603 0.050148 0.223334 0.350327 -0.342466 -0.226568 0.472777 -0.320488 -0.362937 -0.420182
15 -0.354096 -0.525231 0.305777 -0.309555 -0.067327 -0.010110 0.060917 -0.121756 -0.049606 0.063651 0.225397 0.348545 -0.286433 -0.227719 0.416536 -0.298746 -0.349310 -0.386478
1 -0.392896 -0.578355 0.354674 -0.334509 -0.105050 -0.101954 0.031546 0.052711 0.023312 0.076934 0.151584 0.376531 -0.212370 -0.273089 0.342594 -0.343848 -0.238014 -0.352733
7 -0.286988 -0.533203 0.234895 -0.288729 -0.081549 0.011707 0.101229 -0.151111 -0.014366 0.052061 0.244311 0.344922 -0.309367 -0.264542 0.434855 -0.290697 -0.273229 -0.407715
5 -0.287475 -0.549025 0.204574 -0.242228 0.004964 0.009875 0.165875 -0.244713 -0.029535 0.011342 0.320950 0.328139 -0.388502 -0.221356 0.453066 -0.323022 -0.302656 -0.470495
8 -0.265958 -0.533418 0.226316 -0.234201 -0.037007 0.029494 0.143194 -0.216378 -0.058067 0.054103 0.275332 0.303999 -0.365271 -0.225403 0.441063 -0.298126 -0.257274 -0.420293
14 -0.357882 -0.559774 0.327055 -0.335810 -0.053552 -0.020130 0.044126 -0.152089 -0.075035 0.091945 0.210208 0.376031 -0.335521 -0.259786 0.433141 -0.286830 -0.323272 -0.404114
9 -0.403967 -0.565539 0.327161 -0.337821 -0.103984 -0.070978 0.022694 0.004510 -0.005454 0.078563 0.206730 0.418626 -0.267389 -0.299631 0.394651 -0.337962 -0.332006 -0.353839
16 -0.348079 -0.501190 0.316676 -0.291300 -0.077230 -0.057562 0.046727 -0.065609 -0.032876 0.072913 0.169281 0.350871 -0.287492 -0.209351 0.421309 -0.314263 -0.346656 -0.398110
13 -0.306686 -0.501004 0.295333 -0.310817 -0.066236 -0.037356 0.059634 -0.145843 -0.048598 0.089589 0.198831 0.316047 -0.289213 -0.261544 0.414932 -0.282799 -0.347272 -0.392682
