18 18
0 -0.442746 -0.464169 0.427156 -0.295492 -0.054902 0.006002 -0.059083 0.247536 0.060295 0.033541 0.285467 0.235289 -0.044731 -0.285040 0.202675 -0.325512 0.265723 -0.396921
4 -0.403203 -0.413033 0.432823 -0.259946 -0.032030 -0.036222 -0.070406 0.301523 0.067816 0.041228 0.282115 0.238722 0.005517 -0.323348 0.152516 -0.308035 0.285415 -0.421545
3 -0.472067 -0.449417 0.457026 -0.262955 -0.028791 -0.017853 -0.023889 0.274432 0.062818 0.009498 0.260770 0.214558 -0.070653 -0.308319 0.159712 -0.340615 0.260449 -0.403653
11 -0.657063 -0.576954 0.396592 -0.290667 0.075452 -0.009720 -0.098798 0.204130 0.197123 -0.153394 0.246024 0.306307 -0.232319 -0.042782 0.316451 -0.434378 0.041915 -0.305335
14 -0.405547 -0.453989 0.440600 -0.278590 -0.025466 -0.009704 -0.070096 0.264496 0.053716 0.066604 0.227771 0.253006 -0.032048 -0.303164 0.160843 -0.282857 0.286052 -0.385150
6 -0.420059 -0.467955 0.448038 -0.252512 -0.039629 -0.012400 -0.039498 0.302447 0.075482 0.048501 0.272752 0.246744 -0.030425 -0.317819 0.189156 -0.318662 0.251899 -0.423877
15 -0.526375 -0.501239 0.444820 -0.311716 0.000934 0.010775 -0.035672 0.221981 0.109854 -0.028978 0.277243 0.254356 -0.087955 -0.228401 0.220338 -0.376304 0.170423 -0.392166
8 -0.437978 -0.478204 0.419453 -0.263533 -0.035229 -0.011469 -0.045190 0.258293 0.094436 0.030140 0.238375 0.248640 -0.069134 -0.252676 0.203495 -0.341244 0.236520 -0.366067
5 -0.414564 -0.470638 0.381942 -0.264826 -0.009208 -0.024682 -0.030890 0.236900 0.108640 0.011159 0.278566 0.265507 -0.059450 -0.273282 0.190910 -0.337004 0.240156 -0.403096
12 -0.541186 -0.516532 0.419657 -0.314723 -0.015998 -0.023208 -0.070603 0.212919 0.098955 -0.012508 0.298683 0.291746 -0.104260 -0.215990 0.213794 -0.345750 0.153691 -0.363573
2 -0.455454 -0.484603 0.429303 -0.295407 -0.028215 -0.022255 -0.043839 0.284590 0.080012 0.004062 0.260915 0.275870 -0.039410 -0.287561 0.185648 -0.365790 0.212560 -0.382164
17 -0.407136 -0.455797 0.446479 -0.245394 -0.080494 -0.040593 -0.036184 0.302303 0.098403 0.083630 0.257320 0.265529 0.003281 -0.287527 0.153435 -0.273430 0.270978 -0.432400
9 -0.460928 -0.461025 0.404882 -0.287687 -0.027594 -0.019450 -0.046883 0.278575 0.119072 0.014538 0.270201 0.268126 -0.038532 -0.312049 0.167709 -0.337709 0.222592 -0.374450
10 -0.551277 -0.539537 0.430962 -0.301726 0.010821 0.012903 -0.051617 0.255042 0.151015 -0.051778 0.295059 0.309847 -0.128668 -0.196521 0.227005 -0.362665 0.189370 -0.369657
7 -0.419602 -0.467748 0.424235 -0.288256 -0.062532 -0.002762 -0.042167 0.292898 0.112865 0.033744 0.251565 0.254768 -0.024224 -0.335163 0.194838 -0.321533 0.273053 -0.417351
1 -0.440143 -0.463975 0.444021 -0.282163 -0.033155 -0.047996 -0.044542 0.283397 0.100837 0.040506 0.229749 0.222413 -0.004274 -0.295010 0.147786 -0.316432 0.248484 -0.393610
16 -0.574906 -0.514630 0.408939 -0.290223 0.022764 -0.004340 -0.050056 0.207758 0.146001 -0.077331 0.242823 0.293571 -0.171316 -0.113241 0.279980 -0.406637 0.093286 -0.365894
13 -0.410541 -0.460702 0.455983 -0.300082 -0.054963 -0.028005 -0.029426 0.266500 0.092142 0.065440 0.249390 0.226223 -0.002379 -0.341414 0.177356 -0.325284 0.235493 -0.426003
