18 18
3 -0.175291 -0.522366 0.072950 -0.223055 -0.154377 -0.049549 0.296744 0.016287 0.383549 0.049542 0.268965 0.426507 -0.119812 -0.189519 0.305235 -0.291527 -0.131106 -0.492334
10 -0.159409 -0.565981 0.025937 -0.249599 -0.156887 -0.028863 0.298239 0.012434 0.471849 0.042580 0.281925 0.508588 -0.103144 -0.143439 0.316128 -0.253924 -0.171402 -0.462073
2 -0.116897 -0.548131 0.022665 -0.228160 -0.159079 -0.057854 0.313311 0.063131 0.417005 0.046981 0.261955 0.492411 -0.071792 -0.206576 0.300400 -0.317235 -0.168383 -0.455499
7 -0.143769 -0.544732 0.034935 -0.261428 -0.190846 -0.028475 0.277047 0.012751 0.443349 0.056032 0.249000 0.475720 -0.083243 -0.179599 0.347807 -0.265970 -0.168404 -0.482609
5 -0.119697 -0.502956 -0.002932 -0.198359 -0.120702 -0.075688 0.287097 0.019863 0.415933 0.023382 0.268041 0.446773 -0.093273 -0.159106 0.284871 -0.296751 -0.143066 -0.450512
17 -0.158207 -0.552263 0.044462 -0.220883 -0.193867 -0.063340 0.308157 0.027310 0.443574 0.075244 0.279843 0.489665 -0.082399 -0.149635 0.301186 -0.261965 -0.151142 -0.497543
0 -0.156418 -0.542551 0.047595 -0.268381 -0.194464 -0.029548 0.264168 -0.005763 0.403279 0.065911 0.281511 0.457410 -0.080451 -0.148817 0.338537 -0.273997 -0.135109 -0.471929
6 -0.135801 -0.553675 0.033623 -0.203162 -0.160778 -0.042052 0.315620 0.041639 0.428920 0.062309 0.274033 0.471673 -0.096502 -0.189964 0.321245 -0.275691 -0.175543 -0.483760
12 -0.193847 -0.537590 0.067672 -0.269837 -0.178742 -0.054924 0.218159 -0.049339 0.371381 0.084382 0.266330 0.476731 -0.096469 -0.100079 0.338737 -0.221108 -0.216357 -0.462654
1 -0.176995 -0.575733 0.061495 -0.255321 -0.149387 -0.080240 0.287719 0.048826 0.455411 0.053853 0.245187 0.463370 -0.071324 -0.190803 0.299120 -0.307460 -0.139847 -0.481561
15 -0.177511 -0.529882 0.066471 -0.265535 -0.152799 -0.012441 0.266973 -0.023223 0.407965 0.048469 0.247861 0.444442 -0.080754 -0.132959 0.325060 -0.258176 -0.190429 -0.460343
16 -0.162816 -0.504238 0.068196 -0.246446 -0.166788 -0.049034 0.259484 -0.018449 0.395901 0.068857 0.216236 0.448295 -0.095459 -0.111228 0.348355 -0.265692 -0.207195 -0.489408
13 -0.143027 -0.520101 0.062082 -0.271350 -0.167587 -0.057407 0.259520 -0.025276 0.430041 0.079592 0.229784 0.442041 -0.070841 -0.159248 0.339972 -0.261617 -0.213828 -0.482047
11 -0.171558 -0.539882 0.051061 -0.221413 -0.141805 -0.064127 0.248155 0.030510 0.436687 0.028296 0.253717 0.457139 -0.103043 -0.125311 0.346997 -0.294152 -0.178856 -0.477418
8 -0.143808 -0.561078 0.047044 -0.222109 -0.176227 -0.045541 0.299886 0.033555 0.426503 0.072635 0.256166 0.472120 -0.103335 -0.166604 0.322509 -0.290008 -0.136474 -0.461654
4 -0.148680 -0.508358 0.032843 -0.218948 -0.140755 -0.084395 0.251484 0.052583 0.442236 0.038205 0.291917 0.486572 -0.062588 -0.162128 0.300063 -0.280850 -0.159584 -0.485332
14 -0.179976 -0.571202 0.081598 -0.281228 -0.159386 -0.038976 0.251471 -0.008996 0.422481 0.081202 0.234429 0.496955 -0.096282 -0.147464 0.339699 -0.252096 -0.173516 -0.484414
9 -0.151940 -0.524689 0.010208 -0.236646 -0.153428 -0.052844 0.278486 0.047473 0.456244 0.044236 0.257844 0.478379 -0.078380 -0.201184 0.292909 -0.286479 -0.162490 -0.435464
