18 18
17 -0.361800 -0.555296 0.318086 -0.145395 0.069249 -0.120891 0.142192 0.360948 0.468619 -0.082058 -0.045241 0.297420 -0.127495 -0.179835 0.254675 -0.445951 -0.055828 -0.378840
3 -0.392218 -0.564392 0.329855 -0.107972 0.149424 -0.121972 0.159004 0.386462 0.447038 -0.136995 -0.030945 0.248773 -0.176435 -0.212113 0.214838 -0.459318 -0.008099 -0.363838
10 -0.403548 -0.664606 0.223623 0.077095 0.346944 -0.152166 0.238122 0.503405 0.649181 -0.229938 0.043125 0.234835 -0.194752 -0.152986 0.009916 -0.279908 0.119481 -0.268819
12 -0.386524 -0.535305 0.348604 -0.268879 0.015409 -0.093779 0.054301 0.264471 0.341937 -0.057393 -0.043391 0.337664 -0.149965 -0.186908 0.350777 -0.493375 -0.140639 -0.367595
7 -0.326911 -0.522998 0.321830 -0.252094 -0.008307 -0.060552 0.091102 0.303027 0.390612 -0.074418 -0.091741 0.313429 -0.132501 -0.229008 0.386951 -0.520752 -0.121447 -0.378553
2 -0.332191 -0.558574 0.298446 -0.165313 0.082122 -0.102452 0.132404 0.368593 0.419038 -0.109326 -0.062420 0.300646 -0.126477 -0.204187 0.275775 -0.484844 -0.084787 -0.330535
13 -0.287177 -0.435918 0.371240 -0.349113 -0.068558 -0.054115 0.038590 0.214066 0.280415 -0.028116 -0.111515 0.280458 -0.094725 -0.216706 0.461299 -0.581188 -0.211537 -0.394739
8 -0.329969 -0.514048 0.355091 -0.240995 -0.002955 -0.067334 0.084890 0.291532 0.345975 -0.055160 -0.081033 0.289625 -0.141946 -0.197847 0.388624 -0.536336 -0.120536 -0.366280
16 -0.350472 -0.465415 0.449627 -0.438491 -0.144857 -0.032052 0.018524 0.207254 0.254190 -0.012468 -0.149527 0.381756 -0.133880 -0.189680 0.610573 -0.708723 -0.297514 -0.480772
11 -0.365884 -0.528901 0.353223 -0.229198 0.046215 -0.092344 0.055133 0.340599 0.404542 -0.110745 -0.077707 0.309775 -0.143324 -0.175439 0.391919 -0.556024 -0.132845 -0.379593
1 -0.448443 -0.734324 0.196646 0.220187 0.493754 -0.258289 0.277514 0.618020 0.770361 -0.275629 0.063097 0.158711 -0.171990 -0.146378 -0.147987 -0.216600 0.225378 -0.253821
15 -0.378753 -0.512388 0.387566 -0.289360 0.011013 -0.052103 0.076833 0.262461 0.343342 -0.084479 -0.060326 0.293380 -0.129561 -0.184563 0.404761 -0.562606 -0.161722 -0.406759
14 -0.354339 -0.526796 0.341284 -0.217223 0.067484 -0.081459 0.085545 0.289933 0.357608 -0.069492 -0.083763 0.292020 -0.144299 -0.188643 0.292420 -0.452672 -0.071130 -0.346251
5 -0.379467 -0.642257 0.207852 0.045860 0.301572 -0.171185 0.224992 0.442796 0.599582 -0.205150 0.034129 0.239996 -0.186377 -0.155928 0.074161 -0.339849 0.067452 -0.306677
6 -0.400687 -0.692017 0.226118 0.144913 0.364372 -0.178190 0.259490 0.552030 0.663780 -0.220961 0.056098 0.205843 -0.192239 -0.171125 0.016518 -0.282474 0.115556 -0.300327
9 -0.338036 -0.501428 0.279236 -0.198044 0.051374 -0.083618 0.090938 0.320294 0.408172 -0.088115 -0.058965 0.307511 -0.131348 -0.211678 0.292610 -0.468117 -0.096524 -0.320116
0 -0.312229 -0.484340 0.298732 -0.235738 0.007710 -0.057821 0.064817 0.280584 0.351162 -0.081785 -0.032561 0.273154 -0.108077 -0.165671 0.345897 -0.476164 -0.088923 -0.333145
4 -0.342310 -0.468755 0.350718 -0.236361 0.038765 -0.101617 0.052991 0.326860 0.366462 -0.095804 -0.047645 0.309067 -0.115584 -0.201612 0.365421 -0.544030 -0.128152 -0.406243
