18 18
3 -0.232580 -0.424882 0.370654 -0.441342 -0.112305 0.091392 0.160163 -0.043457 0.119956 0.144254 -0.019360 0.245482 -0.196897 -0.446422 0.371820 -0.450210 -0.007275 -0.425940
10 -0.241726 -0.518908 0.411953 -0.542346 -0.117493 0.159582 0.187598 -0.083996 0.185471 0.176706 -0.018438 0.351936 -0.250073 -0.508922 0.471338 -0.491239 -0.058657 -0.470233
8 -0.183408 -0.429211 0.336842 -0.417033 -0.142084 0.102084 0.148215 -0.022787 0.138586 0.154781 -0.041171 0.241291 -0.161828 -0.414971 0.397201 -0.444086 -0.003219 -0.385083
0 -0.201916 -0.442233 0.330859 -0.470690 -0.168114 0.103260 0.128129 -0.019033 0.150738 0.133048 -0.013302 0.241997 -0.114929 -0.408545 0.403030 -0.447852 0.004590 -0.397427
16 -0.193957 -0.409240 0.336698 -0.431429 -0.136893 0.100893 0.159375 -0.037305 0.148768 0.144155 -0.047484 0.264108 -0.163036 -0.384031 0.410923 -0.439870 -0.060664 -0.421821
1 -0.219875 -0.460651 0.361827 -0.463211 -0.144826 0.062709 0.145175 0.016616 0.187468 0.146279 -0.057758 0.249248 -0.112389 -0.446066 0.374756 -0.466513 0.012531 -0.414794
7 -0.148547 -0.395764 0.287110 -0.423056 -0.176522 0.092753 0.140343 0.017422 0.177524 0.126982 -0.051931 0.224857 -0.094436 -0.452685 0.377433 -0.427067 0.025740 -0.384836
2 -0.159009 -0.423297 0.319045 -0.450433 -0.158923 0.089241 0.152234 -0.002594 0.126965 0.147298 -0.043220 0.265307 -0.113823 -0.463297 0.368686 -0.452469 -0.022479 -0.370105
9 -0.239348 -0.468000 0.367146 -0.514141 -0.115110 0.132142 0.149739 -0.064071 0.172580 0.173811 -0.027534 0.328410 -0.215452 -0.519330 0.431434 -0.473200 -0.066215 -0.422519
4 -0.198305 -0.416802 0.351918 -0.449782 -0.138600 0.068625 0.129196 0.016068 0.175399 0.140118 -0.010146 0.274315 -0.132055 -0.476489 0.402307 -0.474460 -0.004980 -0.451588
11 -0.232006 -0.441862 0.359950 -0.438928 -0.091810 0.102791 0.123898 -0.046877 0.151288 0.127262 -0.029261 0.270944 -0.204768 -0.388719 0.424242 -0.438023 -0.074469 -0.406964
13 -0.207036 -0.467790 0.406255 -0.531688 -0.124225 0.131386 0.167819 -0.119564 0.141359 0.211814 -0.039177 0.292699 -0.218615 -0.528509 0.461453 -0.469043 -0.096069 -0.464742
14 -0.241167 -0.475018 0.405153 -0.507916 -0.083384 0.143172 0.130290 -0.101882 0.119281 0.180793 -0.046056 0.312148 -0.240719 -0.448774 0.433607 -0.431432 -0.057587 -0.424977
12 -0.251201 -0.490508 0.386083 -0.518393 -0.144745 0.108347 0.135262 -0.092304 0.131709 0.192342 -0.003753 0.322512 -0.206911 -0.469840 0.444267 -0.458560 -0.077075 -0.439032
15 -0.209027 -0.419693 0.334121 -0.441712 -0.129205 0.112157 0.148393 -0.040275 0.148537 0.119954 -0.017345 0.238388 -0.120617 -0.374092 0.374312 -0.420107 -0.041118 -0.391166
17 -0.184813 -0.416001 0.324597 -0.417764 -0.174938 0.072239 0.146027 0.001284 0.174182 0.162701 -0.025586 0.265762 -0.111796 -0.414042 0.364323 -0.407009 -0.007677 -0.410325
6 -0.178674 -0.419298 0.333966 -0.395148 -0.127067 0.100589 0.153020 -0.010239 0.128806 0.139172 -0.013637 0.241576 -0.161433 -0.401788 0.394747 -0.416866 -0.038758 -0.406732
5 -0.193437 -0.437393 0.310526 -0.436594 -0.087666 0.095907 0.160220 -0.079533 0.162173 0.137323 -0.007940 0.287097 -0.203808 -0.416863 0.401805 -0.438636 -0.061473 -0.413974
