18 18
8 -0.297147 -0.610023 0.160182 -0.213448 -0.064012 -0.059497 0.135194 0.016294 0.442258 0.130838 0.369539 0.562498 -0.090135 -0.012516 0.199650 -0.065001 -0.376665 -0.240682
9 -0.343119 -0.628193 0.152240 -0.293902 -0.050439 -0.024669 0.110470 -0.019368 0.439882 0.114877 0.386007 0.594846 -0.069912 -0.049221 0.195862 -0.065595 -0.426624 -0.220421
10 -0.289678 -0.568425 0.143420 -0.222807 -0.039391 -0.035351 0.113959 -0.015320 0.432570 0.111501 0.411591 0.572621 -0.084783 -0.000937 0.171378 -0.002211 -0.400575 -0.211368
6 -0.265782 -0.549115 0.155871 -0.144451 -0.067808 -0.100815 0.106418 0.034667 0.445721 0.171156 0.452768 0.569062 -0.070121 -0.034356 0.170894 0.039047 -0.427492 -0.265838
1 -0.334165 -0.607771 0.167056 -0.227616 -0.022863 -0.109377 0.129981 0.020616 0.466168 0.118600 0.355474 0.548406 -0.063626 -0.023767 0.154460 -0.059837 -0.386528 -0.267381
0 -0.298427 -0.591728 0.164674 -0.271573 -0.088972 -0.025390 0.099611 -0.031015 0.391412 0.131602 0.409909 0.551302 -0.059485 -0.020284 0.219578 -0.051977 -0.386132 -0.235143
14 -0.359315 -0.650003 0.221086 -0.344847 -0.028638 0.019390 0.098185 -0.060674 0.364654 0.122291 0.317979 0.567044 -0.078492 -0.028270 0.212616 -0.078886 -0.387571 -0.226142
16 -0.311226 -0.564059 0.148388 -0.246502 -0.030200 -0.041944 0.148941 -0.029295 0.400576 0.094824 0.305183 0.532086 -0.088234 0.005679 0.196540 -0.093363 -0.394809 -0.257576
5 -0.317664 -0.628234 0.129960 -0.256474 -0.009770 -0.051448 0.157318 -0.045535 0.440432 0.081482 0.368125 0.571138 -0.098258 -0.006195 0.202280 -0.099403 -0.408012 -0.263891
2 -0.309399 -0.622166 0.170501 -0.282625 -0.050977 -0.026193 0.127301 -0.012312 0.381584 0.107276 0.358561 0.572932 -0.061992 -0.029884 0.195825 -0.088098 -0.412888 -0.219207
11 -0.322643 -0.608754 0.185680 -0.240385 -0.047620 -0.042991 0.079611 0.017194 0.420538 0.102983 0.369178 0.547617 -0.079094 -0.008637 0.221188 -0.071528 -0.390187 -0.226485
4 -0.274517 -0.494753 0.148566 -0.186843 -0.036524 -0.092891 0.069526 0.017660 0.397521 0.126536 0.409140 0.536762 -0.043108 -0.028160 0.150799 -0.001240 -0.386765 -0.242944
12 -0.296612 -0.542996 0.155380 -0.217163 -0.078224 -0.093146 0.069937 -0.037434 0.379754 0.176394 0.426638 0.555989 -0.062043 -0.014822 0.156722 0.041853 -0.434377 -0.218653
7 -0.291567 -0.603378 0.159652 -0.289250 -0.082305 0.001681 0.107691 -0.028167 0.416737 0.122715 0.371249 0.563323 -0.057963 -0.051169 0.220456 -0.040780 -0.402791 -0.227626
13 -0.265618 -0.551320 0.170560 -0.229756 -0.087562 -0.093298 0.099940 -0.034842 0.426368 0.191499 0.427392 0.553254 -0.043636 -0.050424 0.180529 0.022148 -0.462362 -0.254614
15 -0.403790 -0.677388 0.243272 -0.404331 -0.037130 0.065240 0.125184 -0.119859 0.351913 0.108470 0.342415 0.553956 -0.060518 -0.022285 0.236020 -0.105337 -0.444943 -0.246424
17 -0.280869 -0.553284 0.157641 -0.186133 -0.089629 -0.083447 0.113450 0.015803 0.434934 0.156542 0.407276 0.564300 -0.049372 -0.001775 0.157570 0.011458 -0.386997 -0.254412
3 -0.024675 0.005665 0.025365 0.004601 0.007865 -0.001883 0.014761 -0.000233 -0.026227 -0.010111 0.011993 -0.020661 -0.026950 -0.026588 -0.012274 -0.019090 0.026092 -0.020014
