18 18
8 -0.087738 -0.508087 0.045689 0.022269 -0.278742 0.145889 0.278294 0.385919 0.590126 0.104098 0.026961 0.453771 -0.267122 -0.313584 0.388966 -0.319771 0.056463 -0.177822
3 -0.114457 -0.451056 0.085238 0.046475 -0.200853 0.109916 0.332809 0.384808 0.495217 0.029373 0.071431 0.380813 -0.262674 -0.354494 0.282988 -0.345310 0.093955 -0.245225
7 -0.060474 -0.523774 -0.019724 0.003224 -0.332967 0.195633 0.270544 0.403320 0.686346 0.110636 0.014530 0.518236 -0.278622 -0.355476 0.430821 -0.279965 0.046260 -0.137491
6 -0.079975 -0.423008 0.086966 0.069096 -0.196532 0.117958 0.342810 0.374284 0.486195 0.035356 0.070514 0.359998 -0.216905 -0.323491 0.318511 -0.334425 0.051296 -0.305290
10 -0.067252 -0.463200 0.002698 0.055736 -0.217966 0.148911 0.287740 0.381478 0.590679 0.061239 0.043775 0.461685 -0.247858 -0.286992 0.282463 -0.235613 0.048158 -0.137742
0 -0.097645 -0.459696 0.062284 -0.006672 -0.256309 0.165579 0.285072 0.336535 0.523809 0.054650 0.075646 0.406824 -0.232451 -0.292127 0.377404 -0.323088 0.070957 -0.237555
9 -0.076752 -0.501463 -0.041853 0.005808 -0.290491 0.152276 0.223160 0.388726 0.662734 0.118645 0.023789 0.525301 -0.248974 -0.322942 0.359005 -0.241644 0.003172 -0.069111
1 -0.134374 -0.436687 0.153052 0.026870 -0.132167 0.021149 0.326787 0.382392 0.426041 -0.013374 0.067598 0.280826 -0.176231 -0.341464 0.251854 -0.415786 0.101861 -0.345994
16 -0.102088 -0.398851 0.102765 0.023120 -0.220640 0.131871 0.333696 0.322157 0.460222 0.034873 0.053356 0.367053 -0.227249 -0.272271 0.363821 -0.361572 0.036837 -0.325779
14 -0.079885 -0.500546 0.016378 0.003861 -0.265231 0.174682 0.248302 0.365415 0.607730 0.125422 0.001776 0.510172 -0.265180 -0.317282 0.356831 -0.237679 0.038929 -0.128638
5 -0.101814 -0.449737 0.092715 0.040247 -0.142435 0.068569 0.375972 0.342657 0.459892 -0.031746 0.106846 0.335788 -0.224877 -0.320771 0.305355 -0.425725 0.065831 -0.361522
2 -0.083587 -0.464913 0.099243 0.034501 -0.183621 0.081186 0.361211 0.399611 0.457487 -0.001021 0.077394 0.369371 -0.202099 -0.354932 0.297011 -0.412953 0.054586 -0.306309
12 -0.118391 -0.510037 0.041478 -0.017397 -0.274774 0.118898 0.228150 0.341350 0.556694 0.108338 0.059245 0.475261 -0.249260 -0.293417 0.380868 -0.285329 0.010033 -0.166450
17 -0.084823 -0.440772 0.053708 0.048325 -0.253943 0.117453 0.300885 0.360933 0.539294 0.084762 0.056402 0.431908 -0.215387 -0.280082 0.308675 -0.270837 0.046877 -0.236120
11 -0.123923 -0.546986 0.038769 0.001853 -0.266199 0.123730 0.196361 0.403508 0.629575 0.089544 0.012756 0.489272 -0.277256 -0.291694 0.416473 -0.305947 0.023256 -0.131039
15 -0.109266 -0.448356 0.073676 0.004616 -0.225620 0.162466 0.300926 0.324271 0.517821 0.048018 0.061051 0.393067 -0.226877 -0.289457 0.336469 -0.304582 0.038868 -0.229726
13 -0.072258 -0.554134 0.013118 -0.015296 -0.324898 0.163724 0.273627 0.391632 0.688736 0.140453 0.017275 0.522615 -0.270441 -0.361950 0.420022 -0.292438 0.008656 -0.143382
4 -0.100924 -0.448060 0.070975 0.036061 -0.202199 0.086903 0.277178 0.404192 0.528352 0.030028 0.081541 0.402420 -0.213672 -0.335497 0.316595 -0.348325 0.062331 -0.252000
