18 18
5 -0.302199 -0.459108 0.022156 -0.288972 0.098831 0.123482 0.259016 -0.041868 0.493139 -0.243920 0.205750 0.570988 -0.222331 0.161102 0.300719 -0.275067 -0.200934 -0.377834
16 -0.289852 -0.435426 0.058055 -0.251171 0.069233 0.185778 0.321635 -0.021522 0.509197 -0.235727 0.193144 0.577624 -0.284395 0.169881 0.304194 -0.219892 -0.171095 -0.418897
0 -0.328341 -0.480400 0.050829 -0.339250 0.058767 0.136574 0.226114 -0.030085 0.480367 -0.231503 0.209023 0.579485 -0.196977 0.163793 0.330614 -0.290105 -0.182747 -0.380885
7 -0.315469 -0.461358 0.032156 -0.314334 0.061049 0.136940 0.220499 -0.013046 0.506556 -0.232654 0.173910 0.575155 -0.206227 0.135780 0.319150 -0.255772 -0.186126 -0.368536
3 -0.110711 -0.332106 0.098944 0.071294 0.077279 0.438119 0.620959 0.100464 0.627254 -0.310982 0.286393 0.468288 -0.586806 0.026197 0.136311 0.111555 0.195514 -0.458906
17 -0.187354 -0.395771 0.072117 -0.065648 0.047606 0.284428 0.452232 0.072288 0.591905 -0.239757 0.236525 0.546589 -0.395699 0.119077 0.195057 -0.010930 0.025243 -0.433719
14 -0.302270 -0.455016 0.086917 -0.273960 0.083626 0.171471 0.256650 -0.017493 0.462657 -0.208240 0.158380 0.548807 -0.253248 0.138905 0.274899 -0.195288 -0.127359 -0.372621
4 -0.273274 -0.419614 0.073767 -0.191308 0.095394 0.179646 0.302181 0.059057 0.550340 -0.261808 0.242602 0.569348 -0.286193 0.125207 0.249489 -0.154596 -0.072321 -0.421063
1 -0.380003 -0.501520 0.108312 -0.307112 0.097767 0.084954 0.230425 0.024732 0.534217 -0.226856 0.171457 0.566318 -0.211524 0.151199 0.267737 -0.260154 -0.144514 -0.401634
13 -0.051350 -0.343093 0.094089 0.079459 0.063144 0.468170 0.662620 0.097947 0.690367 -0.292207 0.277510 0.476968 -0.589648 0.021568 0.143977 0.166898 0.186282 -0.471723
2 -0.260970 -0.447341 0.050643 -0.253194 0.070867 0.176854 0.310535 0.015372 0.486156 -0.239558 0.199952 0.584938 -0.246003 0.131347 0.273267 -0.220688 -0.155954 -0.377329
12 -0.276403 -0.431202 0.071463 -0.195739 0.060600 0.195259 0.306270 0.005733 0.501092 -0.217711 0.230245 0.547014 -0.310893 0.130859 0.232857 -0.106757 -0.080240 -0.373268
15 -0.369819 -0.476993 0.070763 -0.362233 0.082837 0.116077 0.193304 -0.060558 0.436747 -0.221267 0.180411 0.553432 -0.157871 0.176370 0.316222 -0.305336 -0.244482 -0.355624
11 -0.305840 -0.450952 0.069249 -0.235860 0.088005 0.146175 0.253536 0.027048 0.512262 -0.250302 0.190089 0.545400 -0.258676 0.155595 0.293390 -0.224545 -0.141944 -0.374567
9 -0.312202 -0.441497 0.034531 -0.277474 0.074799 0.154132 0.248831 0.005135 0.512727 -0.231513 0.196858 0.574918 -0.227292 0.124453 0.277182 -0.226966 -0.170644 -0.354177
10 -0.000800 -0.282117 0.059643 0.180290 0.080543 0.545207 0.687360 0.130633 0.671079 -0.326711 0.291174 0.433840 -0.642294 0.038516 0.082721 0.263476 0.273935 -0.394427
6 -0.035419 -0.335082 0.090972 0.162631 0.069392 0.512703 0.690754 0.147660 0.680802 -0.309013 0.304761 0.473404 -0.635893 0.023382 0.138432 0.207934 0.231463 -0.473828
8 0.003889 -0.024784 0.014791 0.006068 -0.018192 0.009774 0.013932 0.005426 -0.001505 0.020585 -0.012265 0.000073 -0.017512 0.000480 0.021614 -0.017675 0.015234 0.001164
