18 18
10 -0.170798 -0.438014 0.222270 -0.192508 0.102005 0.081589 0.296660 0.063861 0.109400 -0.076900 0.105434 0.527279 -0.345654 -0.117010 0.299238 -0.464389 -0.154300 -0.378947
0 -0.141356 -0.493802 0.223828 -0.314971 -0.081895 0.118841 0.328139 0.078242 0.111772 -0.020804 0.107601 0.513778 -0.221428 -0.154804 0.356242 -0.500106 -0.067057 -0.406270
1 -0.150549 -0.481343 0.259980 -0.268642 0.019794 0.042637 0.310135 0.135855 0.103274 -0.042081 0.012382 0.475075 -0.232240 -0.202055 0.316540 -0.539443 -0.082315 -0.413203
3 -0.199084 -0.449545 0.270011 -0.201060 0.119614 0.052140 0.304417 0.086693 0.052511 -0.086204 0.076898 0.496775 -0.361174 -0.191670 0.305148 -0.546716 -0.125373 -0.424913
9 -0.163878 -0.483511 0.204487 -0.256668 0.015689 0.073577 0.329325 0.111633 0.141572 -0.058692 0.098072 0.566934 -0.277628 -0.193468 0.326793 -0.538571 -0.134207 -0.405805
4 -0.140042 -0.420020 0.229263 -0.216498 0.072917 0.038764 0.278025 0.124884 0.082432 -0.071689 0.064594 0.505018 -0.258917 -0.180605 0.312927 -0.529465 -0.117604 -0.423701
16 -0.132604 -0.461012 0.239838 -0.272231 -0.022621 0.081446 0.342566 0.094710 0.085687 -0.029359 0.024996 0.500051 -0.247669 -0.165872 0.350417 -0.533591 -0.122585 -0.427486
2 -0.110332 -0.478569 0.232643 -0.265339 0.003776 0.083944 0.338138 0.139682 0.057001 -0.062184 0.012592 0.491455 -0.242879 -0.223186 0.333500 -0.571130 -0.097877 -0.385644
7 -0.107837 -0.468223 0.219874 -0.261583 -0.008245 0.091068 0.336418 0.124096 0.104543 -0.054686 0.002677 0.486241 -0.252565 -0.230067 0.352435 -0.542016 -0.091661 -0.409379
5 -0.136407 -0.462327 0.203152 -0.212991 0.084636 0.039801 0.321352 0.085264 0.100684 -0.078473 0.053188 0.504651 -0.300082 -0.174016 0.324099 -0.542486 -0.127578 -0.416538
14 -0.178357 -0.446812 0.240229 -0.239118 0.072391 0.068889 0.262449 0.050833 0.077922 -0.033936 0.067864 0.515664 -0.295338 -0.138470 0.295875 -0.457770 -0.124818 -0.381756
8 -0.147720 -0.468671 0.256499 -0.212162 0.065560 0.059508 0.309931 0.105534 0.059828 -0.046630 0.016830 0.483411 -0.314694 -0.188783 0.338022 -0.553466 -0.114842 -0.400953
11 -0.188931 -0.461971 0.240323 -0.208639 0.077548 0.052685 0.277190 0.094193 0.106291 -0.073306 0.075022 0.514866 -0.321807 -0.136678 0.340124 -0.517629 -0.158162 -0.401805
6 -0.154216 -0.440542 0.235711 -0.185370 0.073552 0.064003 0.299096 0.095607 0.079769 -0.052699 0.079729 0.495875 -0.308189 -0.162745 0.328766 -0.496647 -0.158269 -0.414939
17 -0.138013 -0.472309 0.230323 -0.238687 -0.037587 0.062859 0.337962 0.117769 0.126852 -0.019633 0.076328 0.529633 -0.230550 -0.151960 0.314402 -0.490761 -0.104734 -0.428708
15 -0.187879 -0.461895 0.230935 -0.254410 0.040700 0.098448 0.303988 0.039878 0.109401 -0.056550 0.116423 0.521110 -0.278158 -0.122276 0.323826 -0.484123 -0.163074 -0.406930
13 -0.149901 -0.432692 0.239392 -0.240331 0.052846 0.060047 0.294305 0.042284 0.089296 -0.026712 0.072065 0.490138 -0.293496 -0.167594 0.319217 -0.485838 -0.176728 -0.398917
12 -0.193572 -0.473495 0.238648 -0.238374 0.046596 0.052865 0.284525 0.052688 0.079783 -0.033342 0.116751 0.557018 -0.314957 -0.135644 0.326731 -0.483816 -0.187461 -0.405735
