18 18
11 -0.100463 -0.469606 0.146710 -0.159206 -0.254141 0.225065 0.378218 0.005641 0.365447 -0.023149 0.184195 0.348368 -0.261371 -0.053053 0.520333 -0.335690 -0.072501 -0.498067
6 -0.067826 -0.448679 0.142280 -0.135822 -0.272586 0.242142 0.407383 0.018261 0.341453 0.003133 0.189393 0.335212 -0.246699 -0.081956 0.502852 -0.312004 -0.071345 -0.502395
3 -0.110186 -0.477480 0.163352 -0.167657 -0.263126 0.240329 0.426682 -0.011877 0.342112 -0.021094 0.204962 0.338330 -0.288176 -0.098010 0.501513 -0.348749 -0.044397 -0.526342
0 -0.064865 -0.433715 0.116119 -0.186321 -0.294813 0.236146 0.371371 -0.010227 0.333569 0.005017 0.197941 0.337189 -0.213504 -0.081809 0.494097 -0.312734 -0.050755 -0.474815
13 -0.036968 -0.404299 0.105966 -0.169021 -0.291448 0.208872 0.388735 0.021831 0.374342 0.011959 0.182926 0.350267 -0.191778 -0.122280 0.481723 -0.323274 -0.104417 -0.478513
10 -0.056795 -0.414302 0.095495 -0.148762 -0.253314 0.238609 0.383197 0.008110 0.368770 -0.021350 0.194790 0.353108 -0.230026 -0.062370 0.454694 -0.280603 -0.061063 -0.439822
5 -0.084434 -0.480050 0.099153 -0.159317 -0.220161 0.226228 0.408503 -0.043688 0.379628 -0.035632 0.199977 0.351578 -0.277158 -0.053650 0.491956 -0.322802 -0.077913 -0.483097
17 -0.066018 -0.442192 0.133415 -0.134142 -0.306753 0.219734 0.416187 0.019360 0.358543 0.022115 0.192391 0.354633 -0.218763 -0.068293 0.463319 -0.287160 -0.057704 -0.493512
4 -0.053841 -0.360289 0.085369 -0.130400 -0.258655 0.181857 0.341341 0.090654 0.373807 -0.027113 0.222343 0.379302 -0.164725 -0.117031 0.448158 -0.328343 -0.086020 -0.472780
8 -0.059098 -0.450476 0.140163 -0.148608 -0.295122 0.232553 0.399739 0.025092 0.331489 0.019211 0.172212 0.340803 -0.238561 -0.092301 0.495465 -0.332959 -0.050367 -0.472253
16 -0.060929 -0.419801 0.124139 -0.153844 -0.298399 0.225737 0.408343 0.027778 0.360588 0.006891 0.165447 0.369594 -0.224684 -0.074739 0.497689 -0.331312 -0.094574 -0.499029
7 -0.051418 -0.458137 0.120223 -0.166652 -0.290025 0.264818 0.408286 -0.006727 0.363633 -0.008190 0.165670 0.340916 -0.247958 -0.095176 0.511333 -0.303816 -0.050839 -0.486337
14 -0.096543 -0.490319 0.166269 -0.184337 -0.245240 0.248573 0.390473 -0.028732 0.339035 0.009193 0.153227 0.355270 -0.270782 -0.063890 0.490428 -0.298930 -0.046642 -0.486759
15 -0.100164 -0.459120 0.153563 -0.178275 -0.245124 0.262148 0.398189 -0.039485 0.339132 -0.013637 0.178686 0.320024 -0.243741 -0.051749 0.477802 -0.300056 -0.069684 -0.478111
9 -0.051879 -0.395739 0.068242 -0.152477 -0.303655 0.215916 0.380422 0.090890 0.404664 -0.006316 0.201329 0.407669 -0.180800 -0.150036 0.465390 -0.338758 -0.100569 -0.446462
1 -0.104206 -0.476500 0.146423 -0.182174 -0.251314 0.201648 0.386316 0.011321 0.382557 -0.007192 0.173720 0.342267 -0.227320 -0.083468 0.473645 -0.328773 -0.055668 -0.489864
12 -0.095410 -0.448888 0.122268 -0.171412 -0.283052 0.208717 0.367493 -0.015368 0.331385 0.011825 0.212071 0.364981 -0.230847 -0.064649 0.475949 -0.293239 -0.096260 -0.464957
2 -0.044117 -0.448870 0.123125 -0.170541 -0.301776 0.235484 0.414211 0.032182 0.332771 -0.002442 0.188063 0.372718 -0.213521 -0.105390 0.497299 -0.346661 -0.085800 -0.480768
