18 18
0 -0.161364 -0.551898 0.171514 -0.074866 -0.201716 0.120890 0.351279 0.155451 0.326023 0.099968 0.108172 0.568307 -0.317734 -0.070199 0.464575 -0.375623 -0.218810 -0.402134
14 -0.161692 -0.539916 0.204617 -0.062143 -0.152920 0.122698 0.358862 0.159220 0.277491 0.105379 0.047806 0.565454 -0.317289 -0.077294 0.424796 -0.367253 -0.201176 -0.406148
2 -0.108395 -0.471792 0.187438 -0.020257 -0.137684 0.118161 0.408769 0.202181 0.199664 0.059874 0.058296 0.523424 -0.267486 -0.110876 0.375010 -0.425386 -0.180741 -0.416749
1 -0.182754 -0.553636 0.215294 -0.062432 -0.152493 0.077863 0.371884 0.194851 0.322603 0.090641 0.059833 0.536813 -0.296405 -0.096935 0.409642 -0.403773 -0.198083 -0.416258
10 -0.160838 -0.515016 0.138745 -0.055869 -0.158212 0.100973 0.321524 0.134593 0.359986 0.072232 0.111896 0.536126 -0.334932 -0.038698 0.405798 -0.307737 -0.227463 -0.323639
3 -0.159921 -0.455746 0.204089 -0.011398 -0.094773 0.106987 0.428544 0.162972 0.231443 0.022510 0.129891 0.484833 -0.328671 -0.130746 0.383979 -0.451668 -0.145465 -0.492210
15 -0.160861 -0.505167 0.202181 -0.055661 -0.118976 0.132134 0.408737 0.123122 0.259528 0.057329 0.093805 0.501686 -0.291375 -0.085271 0.405980 -0.408919 -0.199281 -0.455434
11 -0.180175 -0.508120 0.140867 -0.058232 -0.161896 0.068850 0.255754 0.151383 0.365745 0.077507 0.086257 0.523890 -0.316658 -0.027350 0.429105 -0.308562 -0.247139 -0.308271
12 -0.175704 -0.508990 0.156416 -0.078619 -0.178199 0.066365 0.286982 0.115192 0.288395 0.106163 0.112429 0.525711 -0.295962 -0.056365 0.394193 -0.307710 -0.232406 -0.337939
9 -0.171043 -0.531007 0.122601 -0.072365 -0.199348 0.083545 0.305303 0.158167 0.383093 0.105597 0.099029 0.561890 -0.315740 -0.081101 0.426003 -0.320803 -0.265574 -0.305408
8 -0.145760 -0.557099 0.213461 -0.038035 -0.190135 0.116426 0.388611 0.187364 0.280908 0.122788 0.035255 0.535055 -0.313387 -0.083564 0.437173 -0.398555 -0.193687 -0.393953
4 -0.145467 -0.456421 0.164724 -0.020170 -0.106496 0.090270 0.364469 0.173694 0.294008 0.033158 0.141957 0.523646 -0.299590 -0.102564 0.406276 -0.410873 -0.187786 -0.455349
7 -0.114021 -0.502914 0.155375 -0.040846 -0.178665 0.130485 0.388332 0.176322 0.306238 0.080567 0.062778 0.541678 -0.294129 -0.112165 0.433854 -0.378153 -0.198905 -0.416316
17 -0.141179 -0.498053 0.181706 -0.011925 -0.177792 0.090529 0.385831 0.186615 0.286115 0.103231 0.075211 0.552836 -0.280358 -0.063678 0.383397 -0.356022 -0.197129 -0.418982
13 -0.140281 -0.519958 0.159481 -0.084867 -0.195243 0.074714 0.317269 0.123229 0.347705 0.123493 0.080262 0.515083 -0.300342 -0.088466 0.431214 -0.331531 -0.259021 -0.359463
16 -0.143964 -0.483886 0.183397 -0.036131 -0.164247 0.097987 0.374392 0.162694 0.271074 0.092871 0.049526 0.535333 -0.306863 -0.059157 0.422853 -0.383235 -0.228446 -0.412653
6 -0.125113 -0.492874 0.190574 -0.007019 -0.139162 0.121924 0.392529 0.178298 0.251035 0.084672 0.075922 0.500348 -0.297950 -0.103989 0.413982 -0.381052 -0.194020 -0.430632
5 -0.136642 -0.487812 0.143613 -0.027814 -0.092532 0.093241 0.403015 0.121171 0.290963 0.027438 0.130551 0.508459 -0.322377 -0.087907 0.405942 -0.421186 -0.188172 -0.455057
