18 18
8 -0.294919 -0.402215 0.248791 -0.148472 -0.209977 0.160296 0.336063 0.162874 0.378927 0.050051 0.289577 0.370750 -0.304533 -0.283656 0.258500 -0.258939 0.256875 -0.494097
4 -0.303644 -0.320623 0.223601 -0.135685 -0.159943 0.116409 0.335666 0.158144 0.395528 -0.027704 0.380527 0.358592 -0.267033 -0.281157 0.204218 -0.257365 0.258070 -0.585609
17 -0.272021 -0.289956 0.179588 -0.100637 -0.192726 0.088272 0.356687 0.132634 0.397286 -0.014182 0.376263 0.348373 -0.245714 -0.240108 0.159708 -0.209290 0.253027 -0.583970
1 -0.303212 -0.336390 0.217073 -0.146433 -0.138282 0.086349 0.323586 0.139399 0.382514 -0.023472 0.319111 0.315520 -0.246652 -0.262837 0.168767 -0.247494 0.248003 -0.522988
10 -0.288549 -0.299795 0.183105 -0.134077 -0.139146 0.131826 0.379691 0.090282 0.397008 -0.072512 0.404636 0.338174 -0.290010 -0.230459 0.169052 -0.229660 0.252708 -0.573693
0 -0.295274 -0.327690 0.202427 -0.157716 -0.190169 0.129497 0.339805 0.124359 0.378507 -0.030712 0.395207 0.341526 -0.266242 -0.261880 0.219568 -0.261840 0.275709 -0.582563
15 -0.314985 -0.347507 0.232624 -0.163497 -0.160569 0.154543 0.365295 0.095036 0.374404 -0.024941 0.352287 0.328599 -0.276919 -0.257071 0.217065 -0.258965 0.218493 -0.558059
5 -0.284965 -0.338383 0.177927 -0.142226 -0.133057 0.108783 0.366173 0.088599 0.392587 -0.046092 0.373937 0.346560 -0.291812 -0.255823 0.210133 -0.272336 0.222173 -0.568253
7 -0.254102 -0.319941 0.179046 -0.140814 -0.202162 0.161633 0.339884 0.136268 0.393519 -0.012389 0.323097 0.345372 -0.265453 -0.283085 0.224800 -0.218952 0.254241 -0.532774
6 -0.272504 -0.353042 0.219455 -0.114919 -0.175425 0.150799 0.331870 0.159365 0.360802 0.013143 0.315839 0.335659 -0.277618 -0.270211 0.231473 -0.230617 0.232632 -0.513480
3 -0.334070 -0.312714 0.226736 -0.133231 -0.149028 0.108825 0.394390 0.120073 0.375308 -0.066451 0.415840 0.317075 -0.310696 -0.299801 0.177222 -0.288537 0.288076 -0.626104
9 -0.312265 -0.382836 0.211757 -0.164919 -0.199500 0.162178 0.335313 0.173407 0.427991 0.017886 0.332535 0.405714 -0.291700 -0.312395 0.232568 -0.247458 0.248284 -0.508979
14 -0.297124 -0.376293 0.248067 -0.169088 -0.166250 0.164009 0.303085 0.128930 0.350253 0.032279 0.283222 0.369582 -0.293536 -0.267752 0.231581 -0.220913 0.252107 -0.499997
12 -0.326083 -0.404036 0.235828 -0.183436 -0.201703 0.151412 0.322767 0.111373 0.374284 0.035161 0.350185 0.400680 -0.303315 -0.269970 0.241820 -0.226164 0.214999 -0.505687
16 -0.295781 -0.297043 0.202628 -0.133183 -0.165026 0.107850 0.381231 0.107960 0.388365 -0.040358 0.364251 0.342217 -0.285963 -0.239840 0.206048 -0.266632 0.229162 -0.616588
13 -0.284115 -0.333036 0.227570 -0.162012 -0.184280 0.126801 0.380473 0.106301 0.398787 -0.007232 0.357581 0.325779 -0.276906 -0.297336 0.213960 -0.259010 0.237735 -0.590685
11 -0.022755 -0.017997 0.010402 0.008892 0.014438 -0.011029 -0.020096 0.023319 0.018649 -0.022508 -0.004615 0.005927 -0.014992 0.016644 0.025927 -0.023252 -0.010098 -0.005158
2 0.021368 -0.003688 -0.004957 -0.007525 -0.007603 0.001755 0.011077 0.016235 -0.024745 -0.003279 -0.008624 0.014563 0.014594 -0.017313 -0.004715 -0.020484 -0.014205 0.014938
