18 18
15 -0.232690 -0.432316 0.068430 -0.429051 0.008044 0.175190 0.260742 -0.306688 0.163789 -0.109014 0.210572 0.413744 -0.122884 -0.012458 0.369818 -0.374098 -0.524373 -0.279045
11 -0.186574 -0.458737 0.053102 -0.392083 -0.025947 0.210831 0.275039 -0.259545 0.193151 -0.089867 0.174114 0.440825 -0.199154 -0.059679 0.422609 -0.349763 -0.500084 -0.257271
13 -0.117956 -0.421304 0.052314 -0.380258 -0.069985 0.235969 0.307309 -0.273143 0.173081 -0.015219 0.137625 0.389235 -0.199878 -0.144980 0.388741 -0.279705 -0.462234 -0.236952
5 -0.116502 -0.447300 0.004092 -0.344092 -0.052472 0.239195 0.322271 -0.288429 0.188016 -0.049465 0.181578 0.423947 -0.247874 -0.093934 0.409877 -0.282970 -0.437069 -0.251570
7 -0.036342 -0.435173 -0.000331 -0.327246 -0.154189 0.358507 0.376997 -0.262355 0.184694 0.002604 0.131649 0.412354 -0.293588 -0.195090 0.455308 -0.196097 -0.414817 -0.229798
12 -0.125803 -0.463299 0.041117 -0.366466 -0.117807 0.276493 0.322409 -0.290769 0.142210 0.020459 0.170568 0.438620 -0.266140 -0.147616 0.404708 -0.217982 -0.459208 -0.218283
8 -0.077231 -0.469280 0.042503 -0.328456 -0.131565 0.318487 0.359690 -0.252512 0.171073 0.027505 0.126519 0.413272 -0.302622 -0.179137 0.441472 -0.237379 -0.395795 -0.219486
2 -0.138267 -0.450626 0.041011 -0.397969 -0.055548 0.236634 0.319670 -0.267755 0.153712 -0.059548 0.166176 0.445540 -0.192342 -0.108080 0.400926 -0.334051 -0.497903 -0.242195
3 -0.126530 -0.434552 0.068076 -0.335471 -0.089838 0.278238 0.339260 -0.249878 0.141948 -0.010971 0.143112 0.377756 -0.287722 -0.192150 0.391127 -0.256524 -0.389270 -0.239499
10 -0.093171 -0.437544 0.024776 -0.336746 -0.089760 0.329583 0.363399 -0.258907 0.185516 -0.030732 0.155851 0.425571 -0.290529 -0.139518 0.401915 -0.213692 -0.423901 -0.206593
14 -0.101006 -0.438297 0.063528 -0.348216 -0.092306 0.295885 0.305753 -0.255271 0.144544 0.024281 0.102039 0.402581 -0.268538 -0.172501 0.393604 -0.206178 -0.381709 -0.210100
4 -0.212936 -0.419283 0.054166 -0.412304 0.018445 0.147536 0.237272 -0.258462 0.183778 -0.115148 0.219120 0.447528 -0.124092 -0.036486 0.373475 -0.384829 -0.506886 -0.285380
9 -0.241782 -0.454567 0.030837 -0.440444 0.004760 0.148026 0.248199 -0.248283 0.234293 -0.093474 0.180358 0.467249 -0.144580 -0.108218 0.352775 -0.389657 -0.512238 -0.231776
6 -0.093221 -0.454215 0.044612 -0.308988 -0.094756 0.304879 0.364265 -0.240990 0.165704 -0.010754 0.164541 0.403650 -0.285608 -0.158259 0.436532 -0.243050 -0.443408 -0.258334
16 -0.178931 -0.404208 0.053820 -0.379895 -0.033204 0.188822 0.283309 -0.270024 0.164349 -0.063276 0.156417 0.418997 -0.178192 -0.045390 0.380023 -0.329971 -0.488592 -0.265500
0 -0.161250 -0.452163 0.046625 -0.405150 -0.067712 0.243860 0.289672 -0.279414 0.164502 -0.055128 0.195023 0.424699 -0.199069 -0.090540 0.416474 -0.317498 -0.453625 -0.252561
1 -0.260319 -0.502954 0.086828 -0.463190 0.009183 0.132089 0.260571 -0.248508 0.228932 -0.080752 0.157823 0.450692 -0.140106 -0.097788 0.360226 -0.404410 -0.499124 -0.269364
17 -0.002915 -0.006397 0.005624 0.018021 -0.026928 -0.018564 0.015689 0.014203 0.025956 0.022864 0.010492 0.027524 0.013101 0.016295 -0.014503 0.021066 0.000664 -0.026546
