18 18
13 -0.361216 -0.636101 0.318782 -0.586218 -0.173524 -0.044772 -0.050022 -0.033259 0.263908 0.191158 -0.113339 0.303908 -0.004459 -0.327256 0.244625 -0.194303 -0.026026 -0.209439
7 -0.364987 -0.663046 0.313630 -0.590591 -0.196528 -0.015470 -0.071365 -0.007811 0.297798 0.170434 -0.133864 0.321327 -0.014725 -0.331096 0.274851 -0.173860 0.016939 -0.199349
10 -0.402877 -0.682031 0.328457 -0.581656 -0.158499 -0.022813 -0.055641 -0.014988 0.311430 0.164313 -0.089787 0.353239 -0.035623 -0.285297 0.250024 -0.167385 -0.000253 -0.205533
15 -0.438582 -0.696092 0.369798 -0.597331 -0.171766 -0.009905 -0.009809 -0.051405 0.299375 0.187193 -0.091025 0.349651 -0.011163 -0.282455 0.264074 -0.202211 -0.043480 -0.270521
5 -0.393050 -0.698050 0.289935 -0.578360 -0.135240 -0.043465 0.011072 -0.060442 0.326302 0.162618 -0.074439 0.382425 -0.040280 -0.292860 0.263452 -0.234521 -0.051929 -0.268584
12 -0.465069 -0.704845 0.381635 -0.601291 -0.162979 -0.076729 -0.109662 -0.026474 0.245931 0.198000 -0.079858 0.334337 -0.034382 -0.303659 0.251257 -0.178842 -0.003268 -0.219835
3 -0.447094 -0.612856 0.394968 -0.545946 -0.124096 -0.069610 -0.068454 0.013135 0.189826 0.160256 -0.076165 0.261706 -0.051390 -0.336861 0.199980 -0.224786 0.048740 -0.232502
1 -0.414587 -0.649957 0.356386 -0.541681 -0.121674 -0.080161 -0.074493 0.010841 0.265841 0.159883 -0.115076 0.276037 -0.014420 -0.286173 0.209912 -0.193492 0.030310 -0.211366
17 -0.427096 -0.690934 0.356602 -0.577981 -0.203738 -0.057206 -0.002141 -0.017228 0.328697 0.218516 -0.082301 0.391366 -0.001303 -0.298089 0.242673 -0.189106 -0.038685 -0.295053
0 -0.360384 -0.617873 0.281366 -0.583835 -0.177198 -0.022064 -0.060128 -0.017053 0.259576 0.160864 -0.073752 0.332912 -0.002931 -0.304841 0.247677 -0.210923 0.006516 -0.197290
2 -0.322904 -0.583158 0.273939 -0.559458 -0.157395 -0.035279 -0.032449 0.010334 0.228067 0.152831 -0.101462 0.333522 0.006245 -0.326864 0.213807 -0.229124 -0.025398 -0.180926
14 -0.417058 -0.669528 0.372271 -0.587914 -0.139035 -0.039456 -0.088478 -0.015196 0.234197 0.189682 -0.138929 0.313450 -0.033750 -0.307108 0.229083 -0.176499 0.028339 -0.197401
8 -0.418218 -0.685852 0.385462 -0.562657 -0.175006 -0.039853 -0.064325 0.003839 0.242082 0.201868 -0.124668 0.298007 -0.040140 -0.307583 0.254878 -0.203840 0.040613 -0.211568
9 -0.355434 -0.602717 0.257903 -0.564594 -0.164823 -0.023785 -0.040963 0.000443 0.301031 0.158922 -0.097840 0.349743 0.001389 -0.325008 0.224815 -0.201604 -0.035197 -0.176237
11 -0.399658 -0.652748 0.329977 -0.554835 -0.142385 -0.052616 -0.085806 0.013005 0.286300 0.144727 -0.108587 0.326852 -0.037261 -0.285441 0.273512 -0.215711 -0.010713 -0.213859
6 -0.397561 -0.664717 0.347871 -0.539858 -0.151302 -0.029233 -0.012849 -0.010249 0.273703 0.183620 -0.081937 0.329892 -0.024157 -0.307896 0.254919 -0.201127 -0.028923 -0.266446
4 -0.398790 -0.605279 0.339724 -0.548085 -0.127155 -0.072688 -0.097258 0.027926 0.247490 0.150366 -0.073449 0.305602 -0.002002 -0.321055 0.226976 -0.214585 0.019520 -0.229862
16 -0.403414 -0.662481 0.334419 -0.578026 -0.168838 -0.036574 -0.012321 -0.036299 0.299493 0.184887 -0.114975 0.368530 -0.033898 -0.273596 0.272390 -0.213234 -0.053145 -0.267658
