18 18
10 -0.186062 -0.548409 0.172561 -0.442815 -0.059572 0.128160 0.258952 -0.083146 0.547827 0.154826 0.011985 0.523155 -0.123349 -0.090223 0.177295 -0.145704 -0.227837 -0.129512
5 -0.118391 -0.602770 0.124302 -0.383033 -0.055961 0.109796 0.381164 0.004107 0.513902 0.059569 0.086573 0.509195 -0.137355 -0.271346 0.327880 -0.393972 -0.260640 -0.341409
6 -0.075397 -0.595570 0.135575 -0.310056 -0.065349 0.132246 0.439322 0.115128 0.459075 0.017321 0.121179 0.472018 -0.131522 -0.397862 0.406094 -0.502509 -0.278747 -0.460327
1 -0.218707 -0.626287 0.219091 -0.485117 -0.062320 0.088713 0.278527 -0.039287 0.582780 0.163227 -0.003681 0.533422 -0.101087 -0.165400 0.219380 -0.240488 -0.234363 -0.209934
17 -0.217282 -0.569870 0.212429 -0.431660 -0.107468 0.078620 0.250311 -0.066779 0.586508 0.221270 0.003949 0.554632 -0.093039 -0.062013 0.163279 -0.123522 -0.214722 -0.164548
8 -0.174954 -0.602396 0.200433 -0.443805 -0.090692 0.120093 0.291162 -0.038134 0.529765 0.162250 -0.001960 0.513330 -0.125747 -0.175301 0.264430 -0.269213 -0.224444 -0.203284
2 -0.074273 -0.592351 0.124600 -0.371813 -0.071624 0.121365 0.394897 0.090726 0.445267 0.035332 0.074237 0.493693 -0.107381 -0.373547 0.341390 -0.459620 -0.270223 -0.352337
9 -0.195146 -0.549471 0.152021 -0.467806 -0.067310 0.115923 0.233408 -0.068160 0.528886 0.161285 0.009743 0.525718 -0.100408 -0.154548 0.178951 -0.165036 -0.260320 -0.109276
13 -0.164541 -0.528344 0.186368 -0.470519 -0.076178 0.098352 0.226061 -0.105257 0.506597 0.191686 -0.019058 0.470135 -0.082972 -0.130434 0.178059 -0.137769 -0.257496 -0.122972
15 -0.191543 -0.519158 0.188437 -0.431111 -0.059147 0.133395 0.257033 -0.078581 0.472760 0.129670 0.024186 0.462697 -0.092306 -0.140671 0.222467 -0.214120 -0.259598 -0.190444
3 -0.146243 -0.582565 0.178194 -0.398892 -0.070999 0.116555 0.367312 0.028304 0.469998 0.074177 0.070452 0.475339 -0.141035 -0.321269 0.307188 -0.397240 -0.229486 -0.338244
0 -0.202565 -0.602562 0.193380 -0.498763 -0.097954 0.124456 0.245593 -0.076693 0.538362 0.174327 0.022251 0.532299 -0.104941 -0.133007 0.225659 -0.196325 -0.222238 -0.158027
16 -0.192892 -0.494321 0.187943 -0.435388 -0.075287 0.098690 0.228101 -0.092303 0.487194 0.170182 -0.024175 0.485631 -0.102126 -0.073419 0.194394 -0.164379 -0.254304 -0.152869
14 -0.219679 -0.577268 0.217413 -0.511234 -0.059972 0.116018 0.194926 -0.117749 0.519383 0.219374 -0.043926 0.537448 -0.108068 -0.093882 0.154917 -0.092570 -0.231682 -0.086769
11 -0.230354 -0.534219 0.195793 -0.447546 -0.058708 0.083714 0.167732 -0.086919 0.534168 0.179184 -0.029564 0.509507 -0.109429 -0.039838 0.161511 -0.104977 -0.235831 -0.075842
12 -0.214506 -0.603698 0.181282 -0.501732 -0.085646 0.105014 0.234513 -0.093877 0.509226 0.188089 0.026224 0.559736 -0.110957 -0.143761 0.192032 -0.158545 -0.281090 -0.127643
4 -0.147254 -0.566366 0.166618 -0.395662 -0.063117 0.102162 0.320118 0.041193 0.513341 0.083601 0.082578 0.514367 -0.098958 -0.272294 0.298305 -0.356213 -0.248646 -0.323396
7 -0.088957 -0.597908 0.118153 -0.400846 -0.094162 0.137551 0.373492 0.051616 0.501737 0.058779 0.057763 0.499400 -0.115621 -0.349638 0.347629 -0.400276 -0.255896 -0.332783
