18 18
0 -0.146808 -0.470975 0.157763 -0.220428 -0.112809 0.145797 0.177258 0.067733 0.279898 -0.090609 0.037292 0.266908 -0.235146 -0.142691 0.602699 -0.452387 -0.174553 -0.425725
14 -0.146480 -0.472748 0.186119 -0.210256 -0.078182 0.141717 0.189776 0.074019 0.280593 -0.082371 -0.008125 0.278974 -0.248926 -0.151190 0.601860 -0.455578 -0.184907 -0.452290
7 0.082820 -0.424875 -0.101965 -0.072474 -0.122802 0.249926 0.320605 0.197897 0.439636 -0.207524 0.011807 0.351029 -0.288157 -0.299981 0.586824 -0.409936 -0.206377 -0.281123
2 0.023042 -0.413201 -0.012418 -0.091268 -0.093818 0.182443 0.289711 0.179015 0.347209 -0.173240 0.009559 0.326328 -0.255981 -0.227122 0.553351 -0.442544 -0.206059 -0.316748
11 -0.195685 -0.535520 0.140081 -0.195643 -0.133578 0.105942 0.139383 0.072931 0.395754 -0.078842 0.016158 0.315123 -0.313202 -0.111496 0.685028 -0.438211 -0.301342 -0.386057
3 -0.086803 -0.427909 0.090145 -0.139892 -0.094113 0.171172 0.254713 0.127209 0.316687 -0.147472 0.040399 0.282488 -0.283825 -0.224720 0.575977 -0.456902 -0.175592 -0.405286
10 0.000576 -0.413830 -0.021057 -0.096127 -0.077252 0.215802 0.272250 0.146236 0.374324 -0.179099 0.039773 0.320977 -0.273858 -0.196281 0.532734 -0.384082 -0.182975 -0.291548
8 -0.050452 -0.479038 0.057413 -0.141751 -0.121844 0.198724 0.253815 0.134445 0.346433 -0.124790 0.020062 0.305849 -0.275957 -0.205470 0.584179 -0.443150 -0.166909 -0.345567
12 -0.124251 -0.456410 0.074040 -0.171781 -0.149677 0.125577 0.162515 0.058850 0.329332 -0.056471 0.040002 0.320082 -0.269316 -0.138343 0.571806 -0.352710 -0.264852 -0.314913
17 -0.167705 -0.420803 0.202135 -0.178564 -0.114597 0.086246 0.182024 0.078727 0.268513 -0.047734 0.030084 0.256234 -0.194505 -0.101112 0.532467 -0.410031 -0.167656 -0.476876
9 -0.033575 -0.440689 -0.029478 -0.128222 -0.117687 0.198549 0.243815 0.146906 0.397674 -0.144362 0.034637 0.339714 -0.267414 -0.229535 0.546131 -0.398136 -0.222956 -0.275377
6 -0.052964 -0.424060 0.070829 -0.106428 -0.082465 0.175165 0.252860 0.138557 0.318804 -0.134510 0.032327 0.283357 -0.262047 -0.195938 0.571681 -0.421187 -0.191992 -0.382728
4 -0.129423 -0.416106 0.153838 -0.179599 -0.070521 0.115971 0.175489 0.116230 0.295387 -0.118205 0.038924 0.265890 -0.209488 -0.163039 0.578508 -0.470801 -0.172208 -0.464470
1 -0.087668 -0.428594 0.094376 -0.143914 -0.057596 0.125669 0.226595 0.139431 0.318255 -0.136146 0.003827 0.265642 -0.219914 -0.177912 0.515108 -0.437017 -0.152275 -0.375289
13 -0.165592 -0.544612 0.157837 -0.244729 -0.170782 0.108993 0.164953 0.032440 0.401909 -0.030320 -0.004217 0.289274 -0.283891 -0.162028 0.690116 -0.433443 -0.324107 -0.409666
5 -0.013686 -0.459768 -0.017609 -0.107112 -0.071248 0.176123 0.290158 0.126217 0.394358 -0.183187 0.046509 0.333566 -0.292533 -0.206372 0.588731 -0.449262 -0.209815 -0.360292
15 -0.165542 -0.409902 0.175869 -0.209626 -0.073896 0.138125 0.167611 0.035882 0.245096 -0.086812 0.035174 0.224359 -0.197809 -0.119729 0.534925 -0.415042 -0.189102 -0.414612
16 -0.123647 -0.386575 0.120719 -0.146904 -0.095790 0.107422 0.191338 0.068676 0.287333 -0.082131 -0.000156 0.259969 -0.242068 -0.094952 0.550716 -0.399832 -0.212906 -0.390067
