18 18
8 -0.227216 -0.510099 0.185732 -0.199700 -0.021389 0.002133 0.272405 0.161528 0.342042 -0.067735 0.009724 0.298973 -0.182396 -0.281881 0.350247 -0.510179 -0.119217 -0.398270
13 -0.261425 -0.524713 0.231693 -0.245706 -0.001582 -0.054998 0.281130 0.107904 0.340531 -0.059273 -0.008621 0.295052 -0.174448 -0.301874 0.356632 -0.530058 -0.180710 -0.484537
7 -0.229759 -0.491893 0.168028 -0.206384 -0.015245 -0.032172 0.271637 0.153144 0.363298 -0.092616 0.017587 0.315545 -0.176994 -0.316200 0.362183 -0.515340 -0.134954 -0.462020
2 -0.202802 -0.463718 0.123533 -0.211992 0.025187 0.006352 0.244719 0.216345 0.315438 -0.147716 0.095814 0.294004 -0.109881 -0.363813 0.269661 -0.524254 -0.095807 -0.329668
14 -0.273405 -0.537086 0.261983 -0.226662 -0.014556 -0.037604 0.258881 0.097375 0.317159 -0.011557 -0.078396 0.360843 -0.213127 -0.213741 0.363086 -0.468305 -0.179015 -0.486201
1 -0.252217 -0.482837 0.157988 -0.217713 0.032605 -0.043279 0.226501 0.219770 0.362299 -0.129697 0.073682 0.276335 -0.113708 -0.351606 0.274069 -0.525515 -0.073156 -0.384077
0 -0.233525 -0.489805 0.160286 -0.239419 -0.018847 0.023259 0.234558 0.169275 0.331099 -0.113519 0.086035 0.281396 -0.134223 -0.329475 0.344104 -0.519075 -0.086228 -0.396370
6 -0.221617 -0.480105 0.165594 -0.181715 0.010141 0.002627 0.255249 0.200550 0.335215 -0.108651 0.065479 0.283371 -0.146210 -0.330006 0.324052 -0.503829 -0.118387 -0.403043
9 -0.244645 -0.491265 0.144378 -0.215711 0.000707 -0.000322 0.259650 0.185599 0.378611 -0.105683 0.044986 0.335975 -0.162842 -0.322000 0.322382 -0.511451 -0.148170 -0.377627
17 -0.262807 -0.524330 0.225020 -0.200105 -0.044561 -0.056798 0.293906 0.136562 0.369821 -0.031287 -0.010318 0.359914 -0.179010 -0.237550 0.352440 -0.491623 -0.174995 -0.503921
11 -0.285022 -0.539671 0.228792 -0.207926 -0.000193 -0.058383 0.258798 0.143314 0.360986 -0.081158 -0.021468 0.334079 -0.211030 -0.249884 0.394153 -0.535090 -0.187300 -0.483733
4 -0.288670 -0.471227 0.169781 -0.184390 0.093621 -0.097198 0.243965 0.213042 0.359613 -0.179685 0.137565 0.307911 -0.157551 -0.372853 0.283574 -0.578831 -0.096675 -0.469964
5 -0.277304 -0.487195 0.158564 -0.184545 0.087872 -0.111851 0.272103 0.113099 0.345204 -0.143389 0.088074 0.289451 -0.193137 -0.300376 0.298441 -0.540773 -0.140159 -0.477015
15 -0.286639 -0.513391 0.226879 -0.236150 -0.002251 -0.021565 0.269184 0.095787 0.325462 -0.077138 0.016626 0.294909 -0.168598 -0.252776 0.356596 -0.510954 -0.177098 -0.473274
10 -0.224452 -0.487305 0.142745 -0.201231 0.018995 0.032919 0.263292 0.191766 0.378111 -0.131123 0.067947 0.323185 -0.163960 -0.296342 0.301193 -0.480110 -0.106706 -0.357628
3 -0.305421 -0.508735 0.203292 -0.212092 0.057042 -0.066500 0.284823 0.180566 0.339783 -0.148131 0.094241 0.291222 -0.194552 -0.381115 0.302267 -0.586090 -0.097864 -0.476311
12 -0.265824 -0.504320 0.187670 -0.217440 -0.020242 -0.041435 0.237242 0.115700 0.314042 -0.057842 0.042584 0.335844 -0.177474 -0.253038 0.332443 -0.467109 -0.166625 -0.416580
16 -0.240774 -0.465483 0.194361 -0.188414 -0.013394 -0.029081 0.267202 0.122287 0.324652 -0.064605 -0.018465 0.316950 -0.191119 -0.215685 0.354435 -0.482944 -0.182231 -0.445051
