18 18
14 -0.411304 -0.420203 0.185826 -0.146341 0.213713 0.101605 0.109228 0.152877 0.430845 -0.227813 0.019683 0.522802 -0.464830 -0.168361 0.204297 -0.210883 0.068324 -0.339326
5 -0.358817 -0.404501 0.089487 -0.099001 0.210723 0.092819 0.185237 0.134905 0.479636 -0.275471 0.108371 0.503939 -0.459063 -0.169698 0.199605 -0.232367 0.033011 -0.349694
6 -0.367585 -0.408045 0.136257 -0.061207 0.203057 0.104841 0.171733 0.188966 0.465205 -0.259018 0.099397 0.485782 -0.453540 -0.180733 0.225246 -0.219851 0.022784 -0.364314
16 -0.406279 -0.401138 0.155933 -0.109942 0.195894 0.090120 0.164378 0.169578 0.473139 -0.256346 0.060755 0.525366 -0.469210 -0.154049 0.226059 -0.243429 0.018427 -0.380080
11 -0.400699 -0.397323 0.153458 -0.087395 0.212117 0.082251 0.112216 0.193126 0.464362 -0.272143 0.062337 0.485067 -0.449324 -0.138665 0.222310 -0.234635 0.031358 -0.324689
3 -0.427257 -0.408127 0.162780 -0.113839 0.197897 0.091669 0.190810 0.172341 0.464143 -0.268574 0.097614 0.504465 -0.487607 -0.220913 0.181015 -0.242748 0.068793 -0.386121
2 -0.380250 -0.413835 0.139894 -0.112311 0.197931 0.094831 0.163234 0.200944 0.463157 -0.274261 0.066578 0.537529 -0.449400 -0.186333 0.206358 -0.253710 0.020728 -0.328821
1 -0.440513 -0.456300 0.185693 -0.150703 0.197208 0.062623 0.172217 0.174729 0.496240 -0.241817 0.058891 0.522447 -0.452473 -0.197288 0.188622 -0.246570 0.057969 -0.396279
13 -0.384325 -0.420793 0.151344 -0.126734 0.201719 0.098841 0.166463 0.149960 0.494258 -0.246015 0.065826 0.509490 -0.460416 -0.193093 0.223612 -0.228196 0.018005 -0.369663
10 -0.384009 -0.397376 0.119481 -0.094984 0.218471 0.127886 0.161889 0.174057 0.494849 -0.289284 0.094502 0.522781 -0.472825 -0.152045 0.191801 -0.201407 0.052223 -0.319736
9 -0.380950 -0.381218 0.097629 -0.113102 0.193954 0.102877 0.138330 0.167303 0.483537 -0.257374 0.083646 0.506592 -0.431029 -0.190728 0.180523 -0.206702 0.032413 -0.296848
7 -0.367444 -0.401891 0.120163 -0.127625 0.170877 0.116782 0.161620 0.166150 0.489396 -0.257191 0.057241 0.513912 -0.446449 -0.203402 0.214806 -0.212168 0.053879 -0.357375
12 -0.419140 -0.426051 0.145598 -0.152718 0.168434 0.084119 0.134293 0.121994 0.438670 -0.219991 0.094316 0.543510 -0.455902 -0.163852 0.188401 -0.191430 0.019201 -0.333235
17 -0.396751 -0.416411 0.140060 -0.100058 0.162660 0.079637 0.179838 0.175584 0.500548 -0.231326 0.090968 0.540981 -0.440169 -0.167848 0.181070 -0.195241 0.042821 -0.379816
8 -0.381425 -0.423818 0.155327 -0.093309 0.181742 0.106415 0.168656 0.176886 0.469012 -0.239128 0.062540 0.502405 -0.470497 -0.162952 0.230631 -0.241462 0.052397 -0.346425
4 -0.392177 -0.370624 0.143952 -0.090600 0.214106 0.075131 0.123952 0.207798 0.472445 -0.278188 0.098232 0.506540 -0.429438 -0.177478 0.194680 -0.231953 0.046042 -0.356332
15 -0.394173 -0.402993 0.143464 -0.132028 0.192860 0.125219 0.163490 0.122575 0.450130 -0.250215 0.084387 0.483288 -0.432865 -0.163184 0.196782 -0.208274 0.026212 -0.340819
0 -0.005399 -0.014495 0.001279 -0.026652 -0.021820 0.016369 -0.010898 -0.008016 -0.006711 0.000758 0.022893 0.001004 0.004839 -0.000095 0.023655 -0.011355 0.019530 -0.003746
