18 18
5 -0.153637 -0.457867 -0.012143 -0.107999 -0.068836 0.246727 0.235603 0.083279 0.391928 -0.075511 0.316743 0.540089 -0.288916 0.030811 0.527760 -0.388336 -0.022731 -0.408097
8 -0.143369 -0.434770 0.031081 -0.091070 -0.108755 0.243316 0.206862 0.123404 0.340353 -0.025305 0.249456 0.490006 -0.270302 0.005766 0.502468 -0.363446 0.006775 -0.352260
10 -0.172039 -0.455261 0.009744 -0.109226 -0.106629 0.318115 0.302645 0.114555 0.377946 -0.078781 0.379727 0.594909 -0.313247 0.033863 0.551196 -0.409763 -0.036304 -0.444999
4 -0.167347 -0.396273 0.016308 -0.092513 -0.085986 0.244628 0.223575 0.147138 0.353447 -0.078160 0.357079 0.547681 -0.260582 -0.001300 0.521191 -0.407880 -0.025398 -0.444380
15 -0.192933 -0.447061 0.039974 -0.133985 -0.094578 0.289297 0.263674 0.083956 0.340369 -0.066059 0.333280 0.537069 -0.275918 0.020125 0.532353 -0.410443 -0.055347 -0.430856
16 -0.174981 -0.381864 0.029751 -0.118813 -0.113170 0.268777 0.319921 0.077526 0.278517 -0.063044 0.367536 0.551249 -0.285580 0.033089 0.534911 -0.448878 -0.095472 -0.494567
6 -0.180683 -0.397981 0.035935 -0.089665 -0.105346 0.281805 0.317314 0.113456 0.285327 -0.066431 0.403909 0.543054 -0.289484 -0.004172 0.537409 -0.440772 -0.080697 -0.499783
3 -0.197605 -0.369141 0.046772 -0.108915 -0.090170 0.257782 0.304160 0.083760 0.254844 -0.081254 0.383148 0.501327 -0.293554 -0.018519 0.485338 -0.439503 -0.042823 -0.475541
7 -0.133421 -0.423318 -0.009514 -0.106299 -0.121351 0.268219 0.228442 0.121667 0.389854 -0.062131 0.290501 0.525734 -0.264141 -0.011737 0.535705 -0.369136 -0.008276 -0.405717
0 -0.173794 -0.406354 0.021638 -0.134146 -0.122831 0.276041 0.264477 0.089372 0.296749 -0.063047 0.378523 0.528712 -0.264260 0.007769 0.527992 -0.420164 -0.035717 -0.446451
17 -0.171354 -0.436153 0.025565 -0.093992 -0.131139 0.248733 0.268373 0.128963 0.368024 -0.036259 0.332729 0.569726 -0.268135 0.022233 0.509827 -0.384131 -0.034147 -0.441407
14 -0.174118 -0.447134 0.045937 -0.126929 -0.083975 0.263045 0.215086 0.106452 0.336216 -0.041729 0.283153 0.541336 -0.285481 0.009231 0.518461 -0.377473 -0.002333 -0.406414
9 -0.202856 -0.459908 0.002430 -0.131375 -0.112486 0.297402 0.282380 0.133729 0.392986 -0.076122 0.376413 0.612573 -0.307328 -0.020144 0.568600 -0.457985 -0.058666 -0.452218
2 -0.158118 -0.419691 0.019595 -0.127467 -0.106327 0.276200 0.294802 0.113463 0.282996 -0.069341 0.340807 0.557766 -0.268415 -0.011537 0.508796 -0.443621 -0.078114 -0.416396
11 -0.182443 -0.445552 0.026828 -0.097538 -0.078505 0.245448 0.206413 0.143685 0.371868 -0.085380 0.303131 0.539019 -0.289976 0.029259 0.540579 -0.408242 -0.027718 -0.402797
13 0.019096 0.002747 0.009678 -0.019404 -0.008210 -0.004883 0.008138 -0.018294 0.006568 0.019257 -0.015253 -0.018294 0.012156 -0.023377 0.007956 -0.002520 -0.021393 -0.009389
12 -0.026600 -0.022358 0.002765 -0.019307 -0.014582 -0.010130 -0.018079 -0.025837 -0.017080 0.018496 0.026502 0.027636 -0.006702 0.013838 0.001462 0.019107 -0.024921 0.008452
1 -0.027660 -0.027217 0.026180 -0.019122 0.012075 -0.026796 -0.004699 0.019366 0.022084 0.001540 -0.016522 -0.005216 0.015504 -0.011155 -0.013895 -0.016653 0.015775 -0.011908
