18 18
0 -0.324125 -0.635254 0.261565 -0.336715 -0.142445 0.229765 0.178264 -0.091032 0.377052 0.063741 0.279000 0.479313 -0.159612 0.066546 0.331287 -0.101709 -0.016695 -0.349790
14 -0.351060 -0.681229 0.306899 -0.340247 -0.105572 0.232392 0.178078 -0.090639 0.388059 0.071374 0.238049 0.485050 -0.177946 0.076486 0.322743 -0.089368 -0.005467 -0.362492
1 -0.328107 -0.620307 0.276256 -0.297427 -0.101554 0.183237 0.189708 -0.062448 0.400832 0.060106 0.224531 0.439980 -0.147836 0.068484 0.286622 -0.112554 -0.008343 -0.350004
15 -0.328708 -0.609803 0.282359 -0.325690 -0.120908 0.246571 0.197564 -0.110382 0.372948 0.053491 0.266442 0.445225 -0.154850 0.073563 0.330787 -0.106511 -0.052993 -0.364620
4 -0.318881 -0.598281 0.277824 -0.301015 -0.112268 0.193937 0.169552 -0.055294 0.363579 0.053793 0.275302 0.468630 -0.147253 0.054895 0.304278 -0.110073 -0.022348 -0.368837
8 -0.294948 -0.632493 0.265995 -0.282893 -0.138489 0.219387 0.210927 -0.069807 0.381797 0.082393 0.229944 0.450109 -0.174886 0.067686 0.330192 -0.118251 -0.003897 -0.349976
16 -0.302948 -0.591045 0.246631 -0.290209 -0.127168 0.196427 0.204391 -0.084634 0.371699 0.071523 0.222291 0.466105 -0.169408 0.084028 0.310555 -0.104338 -0.047757 -0.354772
10 -0.287740 -0.596811 0.235535 -0.284840 -0.118629 0.234684 0.203643 -0.079720 0.392383 0.052580 0.262253 0.469103 -0.175386 0.080772 0.302878 -0.067619 -0.027257 -0.327148
7 -0.313231 -0.640676 0.253908 -0.330629 -0.142729 0.244717 0.183062 -0.072805 0.411390 0.049500 0.243859 0.468479 -0.158965 0.042154 0.335401 -0.088771 -0.020819 -0.344997
13 -0.277562 -0.606114 0.258591 -0.330270 -0.149558 0.222678 0.195196 -0.117260 0.398728 0.101180 0.241422 0.446962 -0.144167 0.046648 0.341903 -0.078148 -0.066872 -0.357996
17 -0.311101 -0.606864 0.259436 -0.273124 -0.140989 0.191854 0.204628 -0.064328 0.400131 0.074387 0.251502 0.463370 -0.141741 0.084818 0.286008 -0.079647 -0.022150 -0.365906
3 -0.335025 -0.586784 0.287523 -0.293808 -0.107625 0.199090 0.202362 -0.078892 0.315771 0.049370 0.259755 0.422284 -0.185047 0.024381 0.267620 -0.116406 -0.002339 -0.348684
12 -0.342022 -0.619699 0.264542 -0.331582 -0.138787 0.202279 0.157485 -0.117054 0.340375 0.083986 0.279773 0.479094 -0.160717 0.075953 0.294687 -0.058557 -0.063560 -0.316713
5 -0.295009 -0.626449 0.213048 -0.288100 -0.095246 0.198237 0.215133 -0.097150 0.399128 0.037555 0.258987 0.463230 -0.176308 0.070169 0.308542 -0.117543 -0.036772 -0.348891
9 -0.325271 -0.636226 0.234970 -0.319703 -0.128523 0.225524 0.198025 -0.070111 0.426857 0.062006 0.266365 0.505792 -0.167590 0.039178 0.313610 -0.102406 -0.044320 -0.334491
2 -0.296307 -0.610083 0.259804 -0.314019 -0.125615 0.205508 0.203821 -0.061583 0.317941 0.052977 0.245829 0.468319 -0.146761 0.030798 0.276584 -0.120923 -0.046383 -0.317298
11 -0.328379 -0.608812 0.266205 -0.279112 -0.102145 0.196138 0.168976 -0.050360 0.391207 0.033968 0.234221 0.443809 -0.170552 0.085310 0.323350 -0.123981 -0.034343 -0.348842
6 -0.299396 -0.638692 0.268645 -0.291533 -0.137998 0.238292 0.211579 -0.065422 0.396810 0.074149 0.271620 0.472902 -0.169825 0.045311 0.355841 -0.095934 -0.042892 -0.388571
