18 18
16 -0.399830 -0.434514 0.455627 -0.320976 0.099819 -0.024417 0.182738 -0.026495 0.258266 0.109885 -0.103374 0.364237 -0.172235 -0.161564 0.290319 -0.309096 -0.372958 -0.535136
12 -0.474056 -0.460290 0.451703 -0.300299 0.099649 -0.073119 0.125325 -0.006602 0.262821 0.098939 0.005751 0.442612 -0.194271 -0.121064 0.268318 -0.267628 -0.385757 -0.546207
6 -0.269240 -0.447671 0.414847 -0.259704 0.014628 0.020413 0.242031 0.036496 0.255933 0.179205 -0.155525 0.276500 -0.131007 -0.310277 0.309845 -0.296116 -0.330271 -0.500480
17 -0.339749 -0.446753 0.412665 -0.226050 0.010175 -0.048908 0.219824 0.053557 0.300212 0.157709 -0.083066 0.386834 -0.154770 -0.197070 0.284441 -0.279377 -0.336098 -0.568048
9 -0.282085 -0.439139 0.392352 -0.366754 0.037874 0.029139 0.209891 -0.021511 0.265938 0.185473 -0.175629 0.291482 -0.080465 -0.349186 0.272840 -0.302831 -0.366281 -0.426616
14 -0.443360 -0.482091 0.505363 -0.432826 0.149353 -0.004236 0.131380 -0.088326 0.233998 0.134268 -0.130838 0.377983 -0.140169 -0.183403 0.263483 -0.285598 -0.382720 -0.488515
5 -0.405666 -0.493109 0.435424 -0.359524 0.128844 -0.047726 0.187319 -0.062823 0.287851 0.109984 -0.071216 0.403044 -0.172865 -0.193152 0.294822 -0.327731 -0.403869 -0.556352
11 -0.419538 -0.430289 0.427342 -0.240621 0.111885 -0.069114 0.130196 0.036521 0.259261 0.050295 -0.050286 0.353509 -0.196213 -0.112920 0.273936 -0.303703 -0.309639 -0.508646
13 -0.304950 -0.445164 0.455254 -0.436946 0.080437 0.029709 0.195111 -0.105017 0.233451 0.186347 -0.199414 0.253832 -0.070460 -0.302914 0.269310 -0.289527 -0.386111 -0.431734
3 -0.368925 -0.435336 0.447501 -0.233446 0.048067 -0.048307 0.230635 0.046053 0.248651 0.118168 -0.082101 0.321503 -0.208347 -0.240886 0.279453 -0.325805 -0.284051 -0.570410
2 -0.368476 -0.456066 0.440599 -0.320467 0.080228 -0.024848 0.189591 0.010917 0.236828 0.113048 -0.088232 0.377082 -0.149373 -0.214002 0.272958 -0.316785 -0.369800 -0.502800
10 -0.520696 -0.468408 0.488459 -0.296948 0.171590 -0.043069 0.142540 0.012348 0.321104 0.028416 0.028254 0.470678 -0.235838 -0.066136 0.265346 -0.274620 -0.376606 -0.572264
7 -0.225680 -0.385305 0.325775 -0.200001 -0.028470 0.004259 0.221498 0.054069 0.266119 0.145927 -0.124349 0.285945 -0.141546 -0.270740 0.296221 -0.264092 -0.272771 -0.486770
1 -0.396681 -0.487356 0.480678 -0.420018 0.115050 -0.027437 0.165350 -0.047311 0.268214 0.146354 -0.157029 0.310911 -0.089057 -0.255075 0.244404 -0.309060 -0.352409 -0.468342
8 -0.281167 -0.448370 0.402560 -0.250387 -0.005337 0.003937 0.236213 0.033317 0.262842 0.181115 -0.128805 0.308843 -0.148948 -0.266709 0.303390 -0.299688 -0.307296 -0.495085
4 -0.480292 -0.441155 0.480731 -0.311437 0.149314 -0.073941 0.117933 0.024556 0.294498 0.070440 0.007852 0.445698 -0.169864 -0.145841 0.270079 -0.301951 -0.387952 -0.587376
15 -0.398009 -0.475053 0.477960 -0.417687 0.103494 0.026073 0.188209 -0.086952 0.246844 0.139461 -0.125756 0.321607 -0.106071 -0.235888 0.276586 -0.304938 -0.395672 -0.483651
0 -0.005399 -0.014495 0.001279 -0.026652 -0.021820 0.016369 -0.010898 -0.008016 -0.006711 0.000758 0.022893 0.001004 0.004839 -0.000095 0.023655 -0.011355 0.019530 -0.003746
