18 18
7 -0.067724 -0.405322 -0.053669 -0.100580 -0.217480 0.134830 0.113205 0.445110 0.777875 -0.127947 -0.037198 0.375022 -0.006295 -0.329923 0.460589 -0.257177 -0.109526 -0.257018
11 -0.314789 -0.498486 0.226233 -0.172639 -0.033516 -0.035233 0.004922 0.393531 0.569571 -0.178228 0.005305 0.321843 -0.017334 -0.229779 0.498927 -0.442716 -0.221072 -0.455378
9 -0.143126 -0.461416 -0.016381 -0.119058 -0.190008 0.109831 0.116839 0.484351 0.842206 -0.147603 -0.010619 0.427478 -0.011862 -0.350006 0.491606 -0.328076 -0.161205 -0.312809
12 -0.382428 -0.552988 0.321175 -0.249454 -0.031525 -0.086748 -0.001627 0.320217 0.459808 -0.133044 0.053323 0.332453 0.006589 -0.245495 0.495029 -0.466983 -0.287334 -0.536040
1 -0.372120 -0.539185 0.321171 -0.238660 -0.004361 -0.090452 0.003313 0.378250 0.503778 -0.160566 0.011834 0.293088 0.023103 -0.272535 0.465702 -0.486203 -0.221722 -0.522434
17 -0.175971 -0.446352 0.086202 -0.114051 -0.159062 0.039164 0.104568 0.441482 0.710742 -0.120787 0.006505 0.382943 0.009948 -0.292999 0.445204 -0.322666 -0.158913 -0.393788
0 -0.273509 -0.438755 0.218297 -0.188962 -0.066279 -0.004190 0.028695 0.343956 0.475933 -0.148349 0.057731 0.281438 0.018717 -0.247763 0.457226 -0.415566 -0.187599 -0.454811
6 -0.248741 -0.438500 0.200713 -0.137057 -0.051836 0.007385 0.061594 0.384022 0.527013 -0.151127 0.030319 0.285006 0.002427 -0.276688 0.458068 -0.398774 -0.204076 -0.455321
13 -0.294289 -0.515852 0.266174 -0.225253 -0.057451 -0.051041 0.043130 0.367165 0.550012 -0.136873 0.005352 0.311537 0.019149 -0.308013 0.495037 -0.461058 -0.250912 -0.512936
15 -0.293707 -0.413510 0.256005 -0.174347 -0.016230 0.007608 0.046490 0.313033 0.438418 -0.161643 0.041531 0.240469 0.020756 -0.226217 0.436737 -0.414752 -0.227777 -0.471674
8 0.003143 -0.401725 -0.131791 -0.037034 -0.289894 0.188608 0.165429 0.460255 0.858543 -0.071605 -0.056158 0.403755 -0.040368 -0.306874 0.446812 -0.189392 -0.056740 -0.164949
2 -0.337574 -0.472779 0.343325 -0.222890 0.013408 -0.078478 0.025700 0.374377 0.379563 -0.181381 0.040580 0.270535 0.044799 -0.290143 0.456944 -0.531627 -0.257529 -0.557013
3 -0.338639 -0.388576 0.332848 -0.165779 0.029399 -0.066818 0.031254 0.335231 0.335835 -0.173513 0.061971 0.204861 -0.000833 -0.266321 0.390904 -0.467712 -0.181569 -0.531013
10 -0.068652 -0.410931 -0.077025 -0.071324 -0.203161 0.154361 0.139123 0.449876 0.828320 -0.137012 -0.013737 0.409547 -0.039513 -0.289310 0.432835 -0.222362 -0.096492 -0.223660
4 -0.334664 -0.426361 0.310986 -0.179560 0.020316 -0.070641 -0.002028 0.382416 0.437706 -0.184065 0.069063 0.263558 0.041991 -0.265327 0.450411 -0.476038 -0.230487 -0.551732
16 -0.232150 -0.389477 0.186322 -0.131844 -0.079497 0.018707 0.078949 0.377136 0.529591 -0.141639 0.013892 0.291241 0.004964 -0.246892 0.455004 -0.394029 -0.206591 -0.456380
5 -0.357066 -0.549846 0.303678 -0.234989 0.020258 -0.095204 0.043260 0.337752 0.501121 -0.181459 0.044336 0.320946 -0.004050 -0.270521 0.497361 -0.527939 -0.269509 -0.580253
14 -0.308690 -0.497370 0.263652 -0.210973 -0.028978 -0.025302 0.017407 0.353662 0.506166 -0.138051 -0.010099 0.318096 -0.007918 -0.257903 0.466795 -0.424933 -0.201303 -0.469757
