18 18
4 -0.247648 -0.110564 0.275789 -0.084185 0.300553 -0.329606 0.123816 0.346805 0.047700 -0.225943 0.353187 0.499306 0.060324 -0.213766 0.066653 -0.616465 -0.153492 -0.746648
3 -0.190073 -0.162410 0.261035 -0.145782 0.170874 -0.189005 0.167273 0.269884 0.038951 -0.159495 0.303159 0.426022 -0.045934 -0.337933 0.150178 -0.568164 -0.092822 -0.635150
15 -0.297523 -0.184350 0.330764 -0.126973 0.230769 -0.233848 0.160232 0.291605 0.114244 -0.192346 0.309336 0.560501 0.008523 -0.099487 0.167616 -0.598340 -0.187041 -0.791352
2 -0.126822 -0.203380 0.220298 -0.185906 0.113588 -0.120008 0.166527 0.289795 0.084477 -0.146928 0.278109 0.478801 -0.039087 -0.384356 0.228019 -0.581886 -0.127750 -0.586549
14 -0.153426 -0.241389 0.246815 -0.203350 0.061781 -0.004059 0.120438 0.265100 0.179749 -0.105062 0.218327 0.515924 -0.119574 -0.316422 0.327911 -0.492088 -0.087950 -0.561027
1 -0.187697 -0.249724 0.272257 -0.212729 0.112468 -0.134861 0.158621 0.295225 0.161529 -0.128761 0.269453 0.510356 -0.055811 -0.354949 0.259997 -0.583544 -0.114347 -0.659073
0 -0.173200 -0.225549 0.231977 -0.189071 0.052271 -0.029378 0.130171 0.260004 0.173350 -0.127467 0.284036 0.513023 -0.093271 -0.253450 0.314384 -0.498373 -0.086103 -0.596235
7 -0.060786 -0.313317 0.177263 -0.274010 -0.100611 0.176483 0.160254 0.275361 0.318941 -0.087701 0.225921 0.545198 -0.203101 -0.487013 0.517001 -0.490961 -0.068899 -0.504513
9 -0.090416 -0.319764 0.176955 -0.278099 -0.072541 0.214027 0.139367 0.290841 0.317549 -0.097836 0.229746 0.542376 -0.234493 -0.537382 0.516202 -0.511653 -0.075269 -0.436756
16 -0.238328 -0.129919 0.276135 -0.092615 0.245989 -0.292700 0.173084 0.285949 0.068593 -0.182598 0.271764 0.515201 0.016121 -0.130029 0.121616 -0.600386 -0.198682 -0.755172
6 -0.085947 -0.261672 0.195696 -0.206341 0.010232 0.074827 0.166853 0.273946 0.179709 -0.108634 0.276963 0.463072 -0.166325 -0.480431 0.385852 -0.505712 -0.076106 -0.512120
12 -0.053811 -0.370503 0.175291 -0.348797 -0.213913 0.230358 0.123821 0.179773 0.267311 0.017812 0.250979 0.534397 -0.254315 -0.545099 0.560687 -0.405283 -0.075541 -0.403524
8 -0.036193 -0.355239 0.187465 -0.297684 -0.177366 0.238049 0.152524 0.222598 0.281319 -0.007292 0.201516 0.489973 -0.250046 -0.525083 0.552195 -0.455146 -0.040001 -0.410670
11 -0.232221 -0.261131 0.266582 -0.150569 0.103693 -0.015010 0.106943 0.347270 0.277285 -0.184860 0.257222 0.596903 -0.133576 -0.206336 0.382771 -0.551760 -0.127725 -0.637839
10 -0.153979 -0.261293 0.222132 -0.193823 0.047016 0.062926 0.157181 0.289124 0.262832 -0.150777 0.267791 0.565443 -0.160718 -0.296958 0.375614 -0.497374 -0.089952 -0.568035
5 -0.225154 -0.168489 0.237417 -0.112381 0.264687 -0.301113 0.170549 0.252296 0.067524 -0.193042 0.317285 0.491898 0.012318 -0.193813 0.102680 -0.598349 -0.179412 -0.718841
17 -0.265463 -0.151885 0.289983 -0.073314 0.221073 -0.330557 0.152659 0.311698 0.113521 -0.157226 0.304455 0.561368 0.054388 -0.078920 0.086365 -0.550612 -0.178267 -0.788371
13 -0.035859 -0.307733 0.211770 -0.314534 -0.121380 0.125703 0.166340 0.202915 0.250314 -0.011567 0.202902 0.470093 -0.180079 -0.531227 0.476691 -0.479544 -0.088875 -0.495123
