18 18
9 -0.396126 -0.510141 0.115652 -0.386516 -0.082703 0.087232 0.011809 0.178343 0.475838 0.070259 0.062918 0.603125 -0.201759 -0.339560 0.095306 -0.163041 0.036144 0.012702
12 -0.423207 -0.529643 0.150777 -0.381746 -0.078961 0.071312 -0.010049 0.129903 0.404342 0.083647 0.107912 0.619674 -0.224680 -0.265611 0.102281 -0.139118 0.021494 -0.002730
14 -0.440064 -0.553789 0.195418 -0.417477 -0.063576 0.108124 -0.001971 0.158786 0.439846 0.088115 0.033281 0.591816 -0.232127 -0.307901 0.103256 -0.148549 0.073931 0.000369
4 -0.390985 -0.505755 0.135587 -0.360892 -0.038313 0.057840 -0.000079 0.222886 0.482458 0.044688 0.101839 0.625578 -0.199315 -0.346321 0.110623 -0.200751 0.060215 -0.058033
2 -0.377612 -0.545497 0.140278 -0.394472 -0.085497 0.082700 0.032189 0.200648 0.442190 0.073068 0.064846 0.647326 -0.208770 -0.347574 0.119093 -0.211204 0.031560 -0.014445
1 -0.391230 -0.521386 0.154996 -0.385122 -0.074674 0.045583 0.013518 0.197303 0.468106 0.080608 0.037417 0.565003 -0.174201 -0.341714 0.099023 -0.187852 0.065414 -0.036793
7 -0.348186 -0.521250 0.102698 -0.392903 -0.123315 0.098228 0.035585 0.198736 0.508166 0.082733 0.036369 0.618649 -0.195993 -0.379426 0.131717 -0.172992 0.053991 -0.017700
8 -0.384120 -0.539213 0.152526 -0.364823 -0.089981 0.100795 0.034937 0.177649 0.451892 0.086645 0.044745 0.578102 -0.226026 -0.305006 0.123577 -0.176310 0.066809 -0.006982
5 -0.375484 -0.551854 0.103289 -0.359979 -0.019276 0.053963 0.045789 0.182639 0.497034 0.031448 0.112442 0.640376 -0.237587 -0.332614 0.137504 -0.234041 0.038209 -0.082633
10 -0.385114 -0.508257 0.134529 -0.369648 -0.068881 0.116463 0.032605 0.163744 0.462919 0.053325 0.073226 0.583818 -0.218237 -0.278200 0.088093 -0.128534 0.061870 0.012947
15 -0.405489 -0.511004 0.166470 -0.366703 -0.052253 0.111777 0.034524 0.141706 0.413607 0.048829 0.070804 0.532689 -0.201679 -0.279885 0.112623 -0.171058 0.030332 -0.035159
11 -0.394307 -0.509708 0.148479 -0.351194 -0.055947 0.076862 0.000215 0.177138 0.437371 0.040924 0.056418 0.551457 -0.216307 -0.257800 0.125585 -0.173048 0.033665 -0.012238
13 -0.404031 -0.545567 0.169874 -0.416443 -0.100442 0.090956 0.028079 0.154027 0.473058 0.103279 0.047836 0.586325 -0.207683 -0.341604 0.116434 -0.163774 0.027859 -0.013430
16 -0.384948 -0.517909 0.138122 -0.381278 -0.087723 0.079917 0.043603 0.184749 0.480038 0.074057 0.043994 0.620633 -0.221949 -0.307231 0.138793 -0.197667 0.029104 -0.053939
3 -0.408498 -0.514689 0.162394 -0.365090 -0.060369 0.068018 0.036832 0.195365 0.445318 0.056297 0.083830 0.583970 -0.230290 -0.361266 0.099210 -0.205827 0.081723 -0.057938
0 -0.370795 -0.506884 0.128171 -0.389570 -0.100789 0.089534 0.010661 0.165926 0.438450 0.071653 0.080602 0.567064 -0.185219 -0.313429 0.128180 -0.176259 0.065650 -0.026314
17 -0.410134 -0.567578 0.147805 -0.384581 -0.118283 0.068321 0.046560 0.207814 0.538795 0.106912 0.075120 0.691718 -0.217938 -0.323910 0.110620 -0.161541 0.051139 -0.058982
6 -0.358287 -0.522369 0.133353 -0.324419 -0.045312 0.071291 0.046303 0.220741 0.457637 0.057887 0.093989 0.590279 -0.217332 -0.360181 0.136887 -0.209081 0.049370 -0.084009
