18 18
1 -0.304191 -0.581457 0.278802 -0.283152 -0.025362 0.089936 0.156475 0.131075 0.374208 -0.045859 -0.064615 0.315955 -0.112107 -0.053270 0.301005 -0.298085 -0.069991 -0.274882
2 -0.301646 -0.669210 0.290496 -0.298232 -0.004386 0.119442 0.233345 0.174576 0.364780 -0.114502 -0.003593 0.396548 -0.177039 -0.121612 0.381864 -0.437613 -0.092553 -0.343838
14 -0.296784 -0.610275 0.299694 -0.299443 -0.011993 0.137409 0.162588 0.134140 0.368566 -0.048448 -0.087362 0.356653 -0.151201 -0.061799 0.347762 -0.316559 -0.064796 -0.288295
10 -0.288068 -0.598427 0.271559 -0.288351 -0.024625 0.152516 0.185325 0.123144 0.407187 -0.061034 -0.060606 0.362490 -0.151569 -0.024498 0.329747 -0.282171 -0.085414 -0.258953
3 -0.335198 -0.619830 0.292409 -0.241360 0.043998 0.098553 0.249621 0.169949 0.341720 -0.163841 0.079305 0.356288 -0.230699 -0.149563 0.348759 -0.451754 -0.026146 -0.404939
7 -0.270943 -0.590424 0.245137 -0.277613 -0.041474 0.140695 0.187484 0.146419 0.416261 -0.077290 -0.056336 0.358968 -0.147982 -0.076872 0.363286 -0.316916 -0.076929 -0.298502
11 -0.327897 -0.634686 0.304093 -0.309226 -0.053966 0.124046 0.140101 0.119184 0.430232 -0.022688 -0.119193 0.360031 -0.137390 0.003846 0.366919 -0.280130 -0.133897 -0.257172
0 -0.279537 -0.579934 0.247114 -0.278904 -0.036021 0.133985 0.171196 0.123497 0.346471 -0.078177 -0.004084 0.331883 -0.144964 -0.067467 0.350842 -0.335387 -0.065237 -0.283538
17 -0.301709 -0.604865 0.294949 -0.287038 -0.097440 0.088154 0.165765 0.110301 0.413458 0.030620 -0.071284 0.375997 -0.094867 -0.007185 0.301817 -0.225534 -0.114402 -0.283983
15 -0.314104 -0.614342 0.283696 -0.307093 -0.030890 0.155492 0.193190 0.110175 0.406281 -0.064682 -0.057855 0.357133 -0.138113 -0.043332 0.357558 -0.316838 -0.115794 -0.298582
8 -0.295519 -0.646693 0.318027 -0.308693 -0.080904 0.135647 0.179378 0.109115 0.397130 0.017236 -0.104876 0.349109 -0.139941 -0.037421 0.359937 -0.289665 -0.101872 -0.265105
9 -0.316631 -0.618772 0.255052 -0.306058 -0.054070 0.133903 0.179582 0.141946 0.444497 -0.046230 -0.055879 0.404767 -0.137301 -0.058414 0.344100 -0.304209 -0.120953 -0.270551
12 -0.346379 -0.667564 0.324215 -0.346901 -0.090543 0.109401 0.152982 0.066448 0.393408 0.034750 -0.058040 0.400083 -0.132775 -0.010497 0.341808 -0.246086 -0.153189 -0.268996
13 -0.280872 -0.630167 0.319153 -0.349957 -0.086847 0.118292 0.162377 0.077833 0.401681 0.040122 -0.121641 0.336612 -0.102530 -0.059252 0.346473 -0.263112 -0.141481 -0.260793
16 -0.307406 -0.602708 0.293567 -0.314184 -0.071244 0.136069 0.179129 0.111154 0.422596 -0.011737 -0.123963 0.378977 -0.133136 0.003338 0.363176 -0.283406 -0.135666 -0.287676
4 -0.328914 -0.631359 0.297053 -0.254533 0.049147 0.086251 0.218010 0.206617 0.377986 -0.162989 0.093428 0.399742 -0.193054 -0.143832 0.375263 -0.463009 -0.049688 -0.421532
5 -0.296671 -0.628087 0.228524 -0.227177 0.067458 0.087823 0.253800 0.156352 0.368675 -0.186145 0.107916 0.381835 -0.230919 -0.131243 0.374652 -0.470629 -0.053127 -0.406299
6 -0.293778 -0.601882 0.267759 -0.223466 0.022464 0.113259 0.227590 0.179078 0.347317 -0.128533 0.046138 0.349390 -0.190343 -0.116832 0.364335 -0.402671 -0.068383 -0.367366
