18 18
1 -0.300795 -0.582867 0.087578 -0.176711 0.050372 -0.062061 0.312416 0.173832 0.487413 -0.109763 0.130377 0.393074 -0.086797 -0.171812 0.216864 -0.439607 -0.263151 -0.331867
9 -0.291530 -0.557032 0.039260 -0.158766 0.042503 -0.034216 0.317840 0.161227 0.479303 -0.118654 0.193470 0.431938 -0.115211 -0.187569 0.227019 -0.439659 -0.267918 -0.323144
6 -0.313382 -0.566998 0.112279 -0.093236 0.023634 -0.045312 0.314459 0.159985 0.397997 -0.078949 0.262686 0.410847 -0.162125 -0.163859 0.242821 -0.420719 -0.177041 -0.423238
2 -0.264078 -0.587010 0.046247 -0.180470 0.048874 -0.024257 0.345444 0.161810 0.462888 -0.130527 0.140790 0.421457 -0.083827 -0.174963 0.230127 -0.451966 -0.328825 -0.294224
10 -0.285974 -0.615597 0.020902 -0.171098 0.079998 0.009858 0.367410 0.154307 0.543598 -0.167216 0.173923 0.456112 -0.130165 -0.148239 0.235653 -0.431259 -0.321923 -0.287743
14 -0.352830 -0.596265 0.142191 -0.124030 0.032305 -0.041847 0.296597 0.151836 0.386496 -0.070177 0.277386 0.464919 -0.181571 -0.160361 0.235805 -0.423010 -0.133358 -0.440137
15 -0.310334 -0.594269 0.061097 -0.192019 0.066801 -0.003473 0.340375 0.126329 0.498270 -0.140323 0.152501 0.413948 -0.095503 -0.140694 0.244791 -0.438829 -0.351900 -0.307400
5 -0.297839 -0.566193 0.062108 -0.112293 0.049925 -0.043437 0.318124 0.110608 0.400977 -0.113766 0.278450 0.419764 -0.163765 -0.135442 0.237689 -0.433718 -0.179848 -0.398757
3 -0.354977 -0.566423 0.140009 -0.085444 0.017081 -0.051676 0.321570 0.151305 0.355323 -0.093733 0.334558 0.421452 -0.205615 -0.183694 0.223567 -0.452947 -0.083237 -0.470718
13 -0.273330 -0.596117 0.087751 -0.235559 0.049191 -0.055235 0.357530 0.134961 0.523578 -0.099801 0.079134 0.389035 -0.070592 -0.204461 0.242485 -0.464077 -0.385377 -0.330103
11 -0.292955 -0.536773 0.087510 -0.123293 0.045015 -0.053273 0.270290 0.161918 0.422640 -0.110689 0.176905 0.390904 -0.130881 -0.133158 0.230709 -0.407389 -0.223136 -0.332175
17 -0.314194 -0.571729 0.101021 -0.096707 -0.017112 -0.063163 0.319508 0.162608 0.428102 -0.060743 0.286922 0.465445 -0.135818 -0.139812 0.215984 -0.397874 -0.151614 -0.439669
7 -0.248795 -0.554073 0.026634 -0.154612 0.028703 -0.000817 0.312666 0.156114 0.481111 -0.126898 0.152960 0.408830 -0.103671 -0.174822 0.235686 -0.393934 -0.249574 -0.298862
12 -0.323362 -0.562620 0.105149 -0.137706 0.005552 -0.054621 0.274532 0.119887 0.372353 -0.059589 0.258874 0.438962 -0.155776 -0.143844 0.217546 -0.381244 -0.192482 -0.365842
8 -0.288759 -0.573255 0.113355 -0.119437 -0.000725 -0.033421 0.311524 0.155129 0.411142 -0.058820 0.210118 0.411175 -0.159152 -0.163428 0.249347 -0.426477 -0.165125 -0.381594
0 -0.320368 -0.565379 0.105074 -0.125422 -0.008535 -0.029607 0.285833 0.147581 0.380422 -0.081956 0.314966 0.429174 -0.153821 -0.157761 0.253511 -0.433358 -0.107804 -0.432455
16 -0.283609 -0.556305 0.094507 -0.190433 0.030550 -0.053231 0.340369 0.144303 0.477583 -0.090071 0.089655 0.395486 -0.103149 -0.155679 0.251195 -0.448575 -0.331150 -0.353242
4 -0.331681 -0.571723 0.090218 -0.105236 0.036422 -0.052859 0.301794 0.181932 0.426559 -0.117693 0.333227 0.480117 -0.148006 -0.171797 0.235876 -0.451997 -0.162573 -0.445147
