18 18
15 -0.291491 -0.343257 0.289965 -0.218080 -0.158989 0.106490 0.033556 0.049237 0.101901 0.033968 0.058084 0.321742 -0.153090 -0.042407 0.601026 -0.459317 -0.366721 -0.434483
9 -0.278074 -0.354380 0.229883 -0.198534 -0.166687 0.077042 0.040982 0.104606 0.175873 0.031348 0.084480 0.420074 -0.160340 -0.081625 0.587632 -0.464499 -0.381262 -0.421190
16 -0.288700 -0.376631 0.281897 -0.201554 -0.164583 0.093962 0.086141 0.077326 0.168361 0.021918 0.063275 0.424679 -0.198465 -0.007576 0.646795 -0.489364 -0.403365 -0.498736
0 -0.294472 -0.381151 0.293826 -0.246834 -0.216693 0.114742 0.029559 0.074227 0.114261 0.045861 0.085039 0.368189 -0.160779 -0.060252 0.669230 -0.507137 -0.365005 -0.466816
8 -0.245587 -0.366544 0.260224 -0.171426 -0.169641 0.083815 0.073988 0.086775 0.147537 0.053762 0.058347 0.386135 -0.180262 -0.034309 0.594746 -0.459934 -0.342800 -0.438018
2 -0.216097 -0.384725 0.200689 -0.144258 -0.116283 0.101835 0.151624 0.129642 0.197723 -0.053321 0.153525 0.481070 -0.174654 -0.028618 0.572378 -0.468346 -0.383520 -0.459088
17 -0.244409 -0.464127 0.189805 -0.097376 -0.130028 0.088598 0.239649 0.168627 0.350168 -0.062955 0.260052 0.658635 -0.205780 0.032849 0.601694 -0.465800 -0.425881 -0.582916
3 -0.303092 -0.371518 0.299998 -0.198020 -0.167030 0.095970 0.076263 0.090351 0.119111 0.019708 0.090190 0.370716 -0.201572 -0.085250 0.621808 -0.499698 -0.355552 -0.475870
13 -0.236303 -0.351692 0.249365 -0.189489 -0.160504 0.073397 0.077355 0.072577 0.168382 0.043681 0.078594 0.382218 -0.154984 -0.061448 0.577829 -0.430747 -0.371610 -0.438691
7 -0.246883 -0.359788 0.245222 -0.199731 -0.185701 0.118516 0.074718 0.087860 0.169306 0.013297 0.064243 0.379700 -0.171386 -0.069708 0.645296 -0.466860 -0.364424 -0.462921
12 -0.290327 -0.374700 0.262723 -0.204294 -0.185140 0.068505 0.036460 0.060742 0.119867 0.060788 0.095802 0.392472 -0.165001 -0.050005 0.578400 -0.416308 -0.375131 -0.413904
6 -0.239718 -0.360925 0.242630 -0.142476 -0.145268 0.094559 0.096998 0.109312 0.157467 0.014170 0.099742 0.389869 -0.176681 -0.051716 0.579637 -0.429404 -0.357493 -0.441612
11 -0.281394 -0.374875 0.261715 -0.170302 -0.136993 0.079040 0.053316 0.107924 0.178670 -0.007038 0.072654 0.393445 -0.188190 -0.006115 0.616150 -0.468735 -0.364188 -0.453925
4 -0.232917 -0.301019 0.211479 -0.137831 -0.115126 0.061440 0.055738 0.116306 0.166903 -0.013216 0.132881 0.395960 -0.143309 -0.039337 0.527532 -0.415751 -0.327313 -0.434743
10 -0.231884 -0.430093 0.170211 -0.117643 -0.095208 0.134987 0.209445 0.137246 0.311545 -0.094446 0.237394 0.589625 -0.223096 0.025853 0.583936 -0.444621 -0.390505 -0.501419
14 -0.286452 -0.364911 0.300492 -0.226176 -0.160030 0.088237 0.011697 0.072655 0.119053 0.063450 0.028996 0.387287 -0.176112 -0.054120 0.618693 -0.462318 -0.354476 -0.453092
5 -0.220123 -0.434931 0.144491 -0.108865 -0.071353 0.092033 0.219047 0.117535 0.309771 -0.101192 0.239115 0.577870 -0.220806 0.019664 0.571643 -0.462811 -0.389789 -0.520795
1 -0.027660 -0.027217 0.026180 -0.019122 0.012075 -0.026796 -0.004699 0.019366 0.022084 0.001540 -0.016522 -0.005216 0.015504 -0.011155 -0.013895 -0.016653 0.015775 -0.011908
