18 18
0 -0.381258 -0.433530 0.354341 -0.187439 0.064108 0.090464 0.167098 0.154166 0.023013 -0.157990 0.402802 0.295218 -0.241597 -0.232009 0.324895 -0.405216 0.031708 -0.564332
10 -0.363125 -0.422102 0.332339 -0.166603 0.150078 0.120483 0.202310 0.167952 0.049513 -0.229151 0.437109 0.314903 -0.295497 -0.278870 0.290316 -0.407353 0.025027 -0.555461
2 -0.301038 -0.407938 0.299226 -0.165051 0.127808 0.094024 0.200259 0.199952 0.027169 -0.201650 0.378526 0.314958 -0.247149 -0.333664 0.279247 -0.434206 0.008737 -0.528431
13 -0.299490 -0.416784 0.304039 -0.185265 0.118709 0.093889 0.201631 0.171452 0.087803 -0.168396 0.358465 0.293502 -0.243681 -0.370379 0.296573 -0.403194 -0.021081 -0.551740
1 -0.302157 -0.438696 0.292244 -0.171009 0.124371 0.074203 0.184553 0.231594 0.111249 -0.175699 0.320953 0.284652 -0.221606 -0.390498 0.276501 -0.406788 0.016262 -0.523590
7 -0.269466 -0.424171 0.252554 -0.157519 0.085505 0.115019 0.198665 0.223091 0.129082 -0.184322 0.348665 0.316669 -0.234481 -0.393639 0.323482 -0.390422 -0.002016 -0.546843
16 -0.366377 -0.378514 0.342285 -0.144179 0.068864 0.057126 0.186836 0.133082 0.014158 -0.132719 0.344361 0.304316 -0.252375 -0.168761 0.300213 -0.380276 -0.025112 -0.568463
12 -0.366191 -0.433910 0.323589 -0.174835 0.098282 0.078599 0.167871 0.164786 0.032371 -0.173059 0.412880 0.326012 -0.267815 -0.297960 0.296806 -0.384588 -0.015823 -0.540646
11 -0.333944 -0.422822 0.309078 -0.142120 0.138215 0.088410 0.169168 0.220089 0.074843 -0.218575 0.367577 0.304489 -0.278502 -0.320787 0.321163 -0.428519 -0.006427 -0.524342
4 -0.320060 -0.377110 0.297913 -0.147608 0.158924 0.075899 0.160033 0.217883 0.064498 -0.215900 0.397832 0.294381 -0.241401 -0.354519 0.267745 -0.405046 0.016549 -0.537337
5 -0.296436 -0.393375 0.250640 -0.151942 0.166866 0.080010 0.199679 0.139573 0.069179 -0.208740 0.377138 0.301146 -0.274597 -0.307044 0.265632 -0.406718 -0.007162 -0.517159
8 -0.282414 -0.430644 0.283053 -0.144664 0.079326 0.099144 0.198250 0.203783 0.085664 -0.150392 0.329992 0.299937 -0.255171 -0.341666 0.318150 -0.411153 0.016543 -0.524497
14 -0.329323 -0.407463 0.324248 -0.170916 0.148995 0.099305 0.175459 0.173684 0.037487 -0.168114 0.340849 0.309390 -0.263920 -0.319903 0.267207 -0.382419 0.020485 -0.526727
9 -0.292032 -0.410889 0.236751 -0.162452 0.132652 0.105648 0.189856 0.223382 0.138280 -0.191549 0.353053 0.325768 -0.238776 -0.412477 0.285957 -0.397331 -0.032173 -0.498937
6 -0.307589 -0.421939 0.297316 -0.125411 0.118321 0.110413 0.204489 0.222448 0.077618 -0.190595 0.393225 0.298996 -0.258760 -0.357155 0.315090 -0.396211 -0.012182 -0.551639
17 -0.386994 -0.425757 0.364206 -0.142844 0.037888 0.052341 0.191934 0.172377 0.050760 -0.116295 0.395481 0.337144 -0.224691 -0.187928 0.283209 -0.360838 0.016606 -0.604127
3 -0.314525 -0.358708 0.298813 -0.135064 0.134282 0.078077 0.189525 0.178794 0.018552 -0.190863 0.363620 0.260391 -0.269065 -0.341737 0.237134 -0.390282 0.036881 -0.512939
15 -0.365153 -0.427074 0.337477 -0.186490 0.127497 0.124427 0.196036 0.153991 0.058812 -0.196895 0.383880 0.283974 -0.248005 -0.286304 0.306608 -0.408068 -0.016858 -0.536588
