18 18
3 -0.252360 -0.435809 0.296083 -0.167611 0.009966 0.116899 0.443876 0.032153 0.210204 -0.120091 0.031206 0.249621 -0.265298 -0.169899 0.351001 -0.548543 -0.102806 -0.554164
1 -0.348882 -0.552160 0.368975 -0.272762 -0.003464 0.069320 0.313607 0.049870 0.324730 -0.026047 -0.017255 0.253989 -0.155153 -0.096466 0.319127 -0.457052 -0.082810 -0.480422
0 -0.295761 -0.502627 0.315000 -0.258822 -0.044740 0.107820 0.284210 0.019456 0.264173 -0.018084 0.028206 0.243677 -0.151716 -0.086361 0.327927 -0.410086 -0.063099 -0.438036
15 -0.312010 -0.487330 0.335808 -0.245582 0.015818 0.132920 0.379151 -0.013372 0.263118 -0.084131 0.011499 0.249014 -0.200523 -0.084360 0.356692 -0.491767 -0.148198 -0.514004
9 -0.299553 -0.509973 0.291314 -0.220372 -0.005707 0.111606 0.371736 0.067056 0.321886 -0.073007 0.021727 0.311657 -0.220149 -0.149840 0.367014 -0.511115 -0.133663 -0.491950
14 -0.326011 -0.511923 0.361258 -0.275073 0.009524 0.108253 0.301021 0.005500 0.277027 -0.027584 -0.037409 0.262633 -0.178155 -0.067379 0.331216 -0.427123 -0.094420 -0.463373
13 -0.281491 -0.498619 0.327651 -0.265352 -0.027130 0.096533 0.314031 0.004879 0.295043 -0.009217 -0.021783 0.242178 -0.155051 -0.098627 0.336948 -0.422916 -0.130666 -0.450884
8 -0.306197 -0.527367 0.343778 -0.232938 -0.037929 0.099587 0.306763 0.037821 0.290423 0.004346 -0.019462 0.247689 -0.177415 -0.073097 0.333506 -0.421786 -0.077428 -0.430445
10 -0.340172 -0.554341 0.350746 -0.263347 0.001022 0.132580 0.346963 0.039033 0.350375 -0.054014 0.013357 0.299792 -0.203738 -0.070118 0.342352 -0.439472 -0.091211 -0.479653
2 -0.246527 -0.498875 0.303405 -0.215542 -0.019152 0.115438 0.410669 0.048836 0.239287 -0.076752 0.008940 0.287300 -0.208429 -0.150672 0.366477 -0.536770 -0.129290 -0.513597
6 -0.239328 -0.465318 0.287791 -0.152567 0.001756 0.116003 0.401908 0.059204 0.242484 -0.082999 0.038470 0.255672 -0.234018 -0.155708 0.362190 -0.489839 -0.112935 -0.525467
4 -0.299569 -0.486101 0.334389 -0.218356 0.019049 0.102381 0.373043 0.042724 0.278716 -0.093992 0.046945 0.282383 -0.199439 -0.117987 0.362334 -0.515970 -0.117667 -0.564474
12 -0.334117 -0.525830 0.327856 -0.256079 -0.024924 0.091176 0.302474 0.013466 0.269009 -0.023236 0.033640 0.291458 -0.187700 -0.081081 0.337037 -0.426308 -0.126850 -0.455998
17 -0.325210 -0.523191 0.346854 -0.234054 -0.045811 0.079220 0.315039 0.042725 0.320223 0.007513 0.016510 0.276693 -0.144101 -0.060945 0.287168 -0.373351 -0.080249 -0.467228
16 -0.292491 -0.465220 0.322183 -0.233405 -0.007101 0.103087 0.355820 0.004037 0.268930 -0.055311 -0.020298 0.269030 -0.193878 -0.053307 0.358382 -0.468758 -0.146247 -0.506069
7 -0.253334 -0.505813 0.291805 -0.217819 -0.024495 0.131170 0.411345 0.048559 0.311150 -0.090724 0.003737 0.291094 -0.222683 -0.158190 0.395294 -0.525907 -0.114539 -0.545933
5 -0.184000 -0.408624 0.206456 -0.139335 0.020466 0.090213 0.395738 0.008557 0.230444 -0.110443 0.048224 0.251474 -0.224239 -0.125762 0.326517 -0.481251 -0.112909 -0.497570
11 -0.291568 -0.484822 0.302869 -0.209045 -0.004559 0.084981 0.290161 0.060414 0.303433 -0.058858 -0.015503 0.253169 -0.186327 -0.071634 0.344417 -0.443711 -0.109110 -0.432669
