18 18
5 -0.243125 -0.527057 0.149378 -0.358735 0.031706 0.044854 0.162662 -0.119033 0.371575 -0.024110 0.357890 0.426881 -0.089323 -0.069797 0.285282 -0.286152 -0.062816 -0.454008
6 -0.216621 -0.521656 0.189094 -0.373102 0.038395 0.103267 0.179953 -0.054032 0.389178 -0.036726 0.380120 0.479222 -0.059299 -0.157509 0.323643 -0.286333 -0.099221 -0.521000
15 -0.255207 -0.518407 0.186978 -0.384622 0.019806 0.098320 0.164217 -0.112531 0.367267 -0.024806 0.362547 0.436020 -0.056218 -0.083406 0.293955 -0.267386 -0.093371 -0.465842
10 -0.219164 -0.535620 0.162797 -0.396673 0.025073 0.124449 0.192213 -0.082317 0.415233 -0.051232 0.393144 0.503439 -0.071434 -0.110730 0.313904 -0.263619 -0.095204 -0.486521
0 -0.243192 -0.518940 0.181045 -0.394735 -0.013861 0.086379 0.150507 -0.094226 0.354331 -0.007579 0.373869 0.435666 -0.051934 -0.099815 0.303414 -0.270277 -0.058683 -0.459885
14 -0.259094 -0.555674 0.223472 -0.417248 0.033836 0.089135 0.152486 -0.095096 0.374408 -0.001933 0.350379 0.486227 -0.074450 -0.124986 0.310566 -0.290089 -0.062181 -0.506244
9 -0.234969 -0.497897 0.159365 -0.386696 0.015757 0.083983 0.157488 -0.067869 0.391032 -0.022052 0.358620 0.473208 -0.050329 -0.142409 0.284069 -0.275193 -0.100448 -0.452143
17 -0.266914 -0.543803 0.200658 -0.378415 -0.018813 0.047782 0.174009 -0.088584 0.409519 0.024436 0.375952 0.487437 -0.044113 -0.076717 0.270637 -0.249003 -0.075275 -0.501882
4 -0.204239 -0.455866 0.173808 -0.365021 0.055659 0.080064 0.138770 -0.037698 0.375788 -0.056620 0.365460 0.460282 -0.031495 -0.150241 0.292947 -0.276041 -0.086285 -0.492422
12 -0.268309 -0.535621 0.196544 -0.401321 -0.002700 0.058008 0.137350 -0.101474 0.349654 0.008841 0.376115 0.476695 -0.060513 -0.099116 0.288133 -0.253528 -0.103503 -0.464607
7 -0.207760 -0.517191 0.163486 -0.398415 -0.002993 0.104871 0.168380 -0.070179 0.408181 -0.030591 0.352118 0.471297 -0.047248 -0.152074 0.328117 -0.274195 -0.084700 -0.492145
8 -0.226007 -0.515318 0.183857 -0.345604 -0.008596 0.069057 0.161976 -0.082044 0.347325 0.012164 0.325798 0.422583 -0.076909 -0.091276 0.291648 -0.279826 -0.056040 -0.441155
3 -0.263787 -0.487011 0.208634 -0.352122 0.040514 0.062260 0.159466 -0.082276 0.326443 -0.029511 0.350942 0.399827 -0.094774 -0.124850 0.262058 -0.288547 -0.037804 -0.470035
16 -0.226701 -0.517695 0.200569 -0.406007 0.016536 0.108630 0.199390 -0.077233 0.388794 -0.030141 0.356450 0.494206 -0.068033 -0.136362 0.347860 -0.309402 -0.127134 -0.538425
11 -0.244628 -0.511404 0.186427 -0.355028 0.036107 0.062115 0.136489 -0.054420 0.378775 -0.042471 0.337509 0.441998 -0.075588 -0.093291 0.310673 -0.292814 -0.087239 -0.465325
13 -0.229112 -0.556448 0.205242 -0.443545 0.011517 0.095047 0.189323 -0.105671 0.421696 -0.009133 0.380534 0.487371 -0.044679 -0.156531 0.337575 -0.296925 -0.120086 -0.531141
2 -0.195633 -0.505931 0.177659 -0.389946 0.014696 0.095849 0.179990 -0.054338 0.346288 -0.034624 0.348648 0.477486 -0.040721 -0.153705 0.301199 -0.297256 -0.105936 -0.473909
1 -0.265955 -0.551386 0.209341 -0.402436 0.041747 0.051192 0.159550 -0.066511 0.407634 -0.022539 0.346370 0.458524 -0.050551 -0.120723 0.283937 -0.299567 -0.059418 -0.498273
