18 18
12 -0.130017 -0.449884 0.154469 -0.138606 -0.223184 0.133875 0.153781 0.244820 0.245040 -0.023219 0.332706 0.477996 -0.099089 -0.265790 0.511998 -0.351106 -0.125582 -0.525148
2 0.010285 -0.382770 0.119877 -0.092414 -0.204737 0.118528 0.218426 0.333458 0.171923 -0.066841 0.274100 0.375160 -0.089265 -0.456753 0.508182 -0.476914 -0.054841 -0.509391
1 -0.068977 -0.402548 0.162174 -0.112808 -0.182156 0.090801 0.179076 0.307486 0.229258 -0.047721 0.256908 0.352669 -0.073813 -0.375057 0.474119 -0.423448 -0.038879 -0.522305
7 -0.004879 -0.387241 0.109008 -0.099108 -0.233079 0.147231 0.204818 0.315274 0.238928 -0.059772 0.274705 0.382577 -0.088487 -0.414696 0.531195 -0.419962 -0.039270 -0.533762
11 -0.105371 -0.415270 0.155235 -0.086273 -0.178129 0.122311 0.141219 0.279254 0.244445 -0.065494 0.275622 0.418171 -0.116386 -0.224102 0.514930 -0.372397 -0.100618 -0.501243
3 -0.071507 -0.377057 0.169663 -0.084075 -0.177441 0.107087 0.202121 0.311589 0.172602 -0.081625 0.306107 0.343366 -0.138335 -0.434702 0.508328 -0.476625 -0.017694 -0.562137
16 -0.065950 -0.369300 0.142454 -0.082830 -0.180300 0.108330 0.188347 0.257816 0.207961 -0.052053 0.254314 0.383532 -0.115350 -0.266238 0.491614 -0.392744 -0.095294 -0.506835
10 -0.068660 -0.411535 0.126584 -0.087263 -0.183605 0.151500 0.183102 0.275555 0.263247 -0.073935 0.303126 0.434214 -0.120919 -0.250582 0.497937 -0.355234 -0.077799 -0.497931
13 -0.041987 -0.371667 0.154828 -0.111478 -0.190574 0.105659 0.188377 0.270328 0.212016 -0.040023 0.264902 0.346069 -0.087247 -0.376470 0.497261 -0.418170 -0.078492 -0.527825
0 -0.102709 -0.417683 0.146452 -0.125513 -0.217983 0.155169 0.144513 0.238365 0.228323 -0.038711 0.303958 0.409274 -0.104541 -0.232558 0.513401 -0.346645 -0.066119 -0.492361
17 -0.095254 -0.431986 0.155459 -0.102647 -0.230935 0.129727 0.200349 0.266307 0.275357 -0.013733 0.320961 0.458605 -0.078966 -0.262139 0.487559 -0.346598 -0.097046 -0.551339
4 -0.062058 -0.390292 0.149176 -0.103563 -0.189000 0.109507 0.182726 0.325254 0.234477 -0.068734 0.347562 0.423614 -0.071904 -0.401490 0.520441 -0.448695 -0.067129 -0.587812
6 -0.019930 -0.402422 0.130165 -0.068259 -0.209102 0.143251 0.214552 0.310621 0.208231 -0.048114 0.298663 0.375623 -0.105952 -0.398347 0.530315 -0.419235 -0.068446 -0.535437
8 -0.038414 -0.400153 0.134043 -0.087434 -0.211760 0.139618 0.196220 0.272358 0.217032 -0.025013 0.256806 0.380049 -0.109923 -0.324523 0.499680 -0.392253 -0.057028 -0.477477
9 -0.076772 -0.392761 0.133464 -0.112356 -0.182974 0.113067 0.192305 0.317136 0.248674 -0.071967 0.306379 0.412287 -0.101127 -0.417980 0.507067 -0.458936 -0.075833 -0.538402
15 -0.109085 -0.433583 0.167996 -0.137733 -0.191619 0.163291 0.199477 0.231781 0.241652 -0.048275 0.310758 0.425218 -0.090739 -0.273066 0.507672 -0.384976 -0.116867 -0.535599
5 -0.066343 -0.435630 0.117537 -0.112615 -0.173545 0.110090 0.212312 0.250176 0.259500 -0.068599 0.324375 0.432064 -0.109052 -0.322057 0.515428 -0.427443 -0.101221 -0.550672
14 -0.092463 -0.419086 0.166350 -0.130474 -0.188239 0.143195 0.160354 0.259576 0.224868 -0.030152 0.274870 0.433697 -0.106186 -0.301082 0.504496 -0.367306 -0.070335 -0.521712
