18 18
13 -0.222016 -0.498435 0.112774 -0.454682 -0.133375 0.145322 -0.001325 0.005703 0.311442 0.035082 0.082154 0.496522 -0.060152 -0.238750 0.408701 -0.231342 -0.305324 -0.185331
14 -0.319811 -0.576039 0.195830 -0.473107 -0.035771 0.121469 -0.050856 0.030243 0.321995 -0.016586 -0.003325 0.531288 -0.127197 -0.168897 0.453145 -0.292694 -0.293113 -0.218906
7 -0.245828 -0.490640 0.094305 -0.421259 -0.098330 0.130224 -0.035301 0.045243 0.332713 -0.020195 0.054992 0.495582 -0.078358 -0.214879 0.424574 -0.257922 -0.267769 -0.183599
15 -0.304815 -0.544852 0.166565 -0.457764 -0.056203 0.144159 -0.012746 0.000283 0.320018 -0.024193 0.054836 0.509580 -0.099280 -0.171449 0.440579 -0.280854 -0.332580 -0.217610
12 -0.239220 -0.475559 0.058429 -0.439881 -0.155673 0.146187 -0.038522 0.007491 0.278436 0.030783 0.160085 0.519178 -0.048087 -0.224553 0.364258 -0.190298 -0.278799 -0.120354
8 -0.267360 -0.558454 0.130219 -0.453446 -0.131497 0.158296 -0.007085 0.037613 0.327475 0.025511 0.094826 0.531442 -0.095059 -0.229970 0.441132 -0.271500 -0.273240 -0.179809
6 -0.204930 -0.470841 0.044158 -0.379907 -0.140571 0.175272 0.006751 0.049074 0.309361 0.016346 0.160637 0.466938 -0.056870 -0.256287 0.368258 -0.193351 -0.225939 -0.145657
17 -0.234385 -0.513979 0.061493 -0.442959 -0.195789 0.159991 0.005043 0.042487 0.351683 0.053193 0.171735 0.562337 -0.033232 -0.250961 0.368334 -0.183623 -0.263238 -0.160297
10 -0.239416 -0.523441 0.059507 -0.456133 -0.131108 0.192381 0.000186 0.033681 0.357508 -0.006436 0.153913 0.549006 -0.073888 -0.234017 0.388012 -0.208372 -0.260719 -0.136096
11 -0.391717 -0.643672 0.197726 -0.492848 -0.020424 0.088756 -0.087821 0.074842 0.412002 -0.075213 0.002579 0.569274 -0.152986 -0.149590 0.533545 -0.370679 -0.331596 -0.254773
16 -0.287342 -0.518592 0.163969 -0.442643 -0.073880 0.103968 -0.015436 0.026328 0.320952 -0.011159 0.004635 0.520410 -0.111592 -0.148944 0.456420 -0.300297 -0.336999 -0.241476
2 -0.231863 -0.537499 0.096687 -0.493109 -0.154531 0.170949 -0.000076 0.039711 0.308803 0.017832 0.116719 0.580605 -0.049929 -0.270185 0.429074 -0.270371 -0.338170 -0.168130
0 -0.206994 -0.485803 -0.023113 -0.477790 -0.241531 0.226420 -0.043355 0.040969 0.324712 0.034384 0.262062 0.516784 0.002388 -0.321027 0.389398 -0.196075 -0.172470 -0.083051
3 -0.266030 -0.492291 0.114651 -0.440720 -0.127141 0.151175 0.003247 0.028939 0.294498 0.006020 0.127058 0.511918 -0.087875 -0.255019 0.391015 -0.253126 -0.269539 -0.189634
1 -0.397978 -0.651314 0.206423 -0.521997 -0.024625 0.068758 -0.082162 0.074981 0.418882 -0.049074 0.000013 0.558112 -0.114842 -0.178438 0.479368 -0.353973 -0.290479 -0.247369
4 -0.295901 -0.548550 0.122950 -0.482550 -0.096047 0.140616 -0.053496 0.057663 0.364720 -0.018741 0.131502 0.579306 -0.066158 -0.240548 0.448723 -0.280705 -0.308219 -0.215531
9 -0.218535 -0.482011 -0.029110 -0.457100 -0.194961 0.201165 -0.033856 0.062494 0.359223 0.020153 0.221987 0.535722 -0.016058 -0.331403 0.363011 -0.204344 -0.217767 -0.068706
5 -0.299966 -0.570224 0.127283 -0.447055 -0.037921 0.103810 -0.016118 0.014863 0.363717 -0.041811 0.059724 0.528473 -0.128530 -0.169731 0.450556 -0.308909 -0.298183 -0.229373
