18 18
1 -0.166320 -0.406948 0.142670 -0.192862 -0.087547 -0.026112 0.389446 0.225981 0.560570 0.022775 0.030540 0.635775 -0.053879 -0.204187 0.084808 -0.193761 -0.223937 -0.439659
0 -0.130541 -0.373408 0.115210 -0.191140 -0.122788 0.014017 0.372244 0.188222 0.521582 0.020647 0.074694 0.618519 -0.068160 -0.179238 0.131149 -0.185110 -0.227975 -0.422220
15 -0.165827 -0.382008 0.134430 -0.186945 -0.092237 0.028262 0.382137 0.157222 0.508532 0.012300 0.069694 0.607802 -0.074889 -0.157578 0.125638 -0.182863 -0.261653 -0.430399
10 -0.130856 -0.373439 0.098551 -0.168335 -0.085863 0.028726 0.401443 0.193476 0.569490 -0.006832 0.061004 0.656961 -0.106539 -0.152070 0.096651 -0.147961 -0.254247 -0.391457
17 -0.133704 -0.359928 0.112958 -0.142946 -0.122250 -0.014188 0.391078 0.196163 0.548838 0.039215 0.054654 0.636371 -0.071276 -0.152663 0.092368 -0.142099 -0.245455 -0.433061
2 -0.111275 -0.372459 0.120101 -0.176257 -0.107117 -0.001625 0.396442 0.216431 0.487718 0.022047 0.038432 0.634686 -0.060518 -0.208356 0.099945 -0.200525 -0.257592 -0.409062
3 -0.168378 -0.366151 0.146781 -0.157759 -0.084492 -0.006997 0.406885 0.203487 0.498858 -0.001469 0.079783 0.612466 -0.121575 -0.214745 0.089625 -0.205640 -0.211762 -0.451871
8 -0.134465 -0.392887 0.144783 -0.165192 -0.122099 0.007367 0.407578 0.203825 0.502639 0.047059 0.041106 0.623591 -0.093693 -0.201491 0.130985 -0.209162 -0.233444 -0.438524
6 -0.145671 -0.417950 0.147058 -0.167154 -0.103114 0.005428 0.433703 0.232570 0.559463 0.032711 0.057592 0.683721 -0.093198 -0.221158 0.133126 -0.200119 -0.288325 -0.480868
14 -0.159735 -0.418629 0.151846 -0.205515 -0.092230 0.014742 0.396171 0.202681 0.567047 0.036996 0.009838 0.702593 -0.101877 -0.179551 0.122455 -0.169111 -0.273412 -0.440258
12 -0.180779 -0.429103 0.132679 -0.212200 -0.116587 -0.012093 0.384764 0.180417 0.573640 0.039824 0.062324 0.714532 -0.093749 -0.160993 0.117642 -0.152720 -0.311859 -0.431784
11 -0.168240 -0.395989 0.127219 -0.172018 -0.082481 -0.016751 0.347711 0.222418 0.589659 -0.006395 0.027800 0.660119 -0.099264 -0.140903 0.133313 -0.175749 -0.285683 -0.407678
5 -0.132443 -0.364318 0.078732 -0.162062 -0.067882 -0.010018 0.367764 0.143085 0.514606 -0.000369 0.065119 0.599369 -0.098944 -0.145087 0.114231 -0.177202 -0.243764 -0.402409
4 -0.152621 -0.346193 0.136538 -0.150674 -0.080726 -0.027255 0.362307 0.235522 0.527074 0.008634 0.077442 0.640334 -0.068401 -0.196580 0.094293 -0.185963 -0.237183 -0.454548
7 -0.103670 -0.345515 0.085753 -0.168720 -0.114534 0.023391 0.371383 0.184348 0.536948 0.008598 0.020768 0.605723 -0.080403 -0.181564 0.126549 -0.154849 -0.236950 -0.399651
16 -0.139453 -0.358321 0.128841 -0.163665 -0.106675 -0.002275 0.407175 0.189360 0.531449 0.030337 0.021322 0.642904 -0.100027 -0.154868 0.127356 -0.184373 -0.280472 -0.448964
9 -0.151203 -0.374510 0.094779 -0.182850 -0.090937 -0.003589 0.385181 0.221381 0.576450 0.010957 0.040854 0.668299 -0.082744 -0.214695 0.084633 -0.176622 -0.266777 -0.391179
13 -0.107487 -0.362980 0.116369 -0.199403 -0.105990 -0.001363 0.382350 0.165482 0.560159 0.035522 0.003600 0.617577 -0.076981 -0.177378 0.113151 -0.149860 -0.300941 -0.391287
