18 18
8 -0.337336 -0.527377 0.173624 -0.271404 -0.143306 0.320534 0.159417 0.050770 0.393444 -0.088411 0.293872 0.491613 -0.285979 0.016223 0.356262 -0.153229 0.029607 -0.218366
3 -0.351892 -0.488083 0.197258 -0.263737 -0.109767 0.294433 0.159961 0.051288 0.339163 -0.114296 0.295515 0.438788 -0.288982 -0.023461 0.315403 -0.165328 0.049970 -0.239992
0 -0.341141 -0.507533 0.165164 -0.295146 -0.140771 0.307317 0.133895 0.029213 0.369788 -0.102294 0.325136 0.485156 -0.249860 0.030727 0.362530 -0.161090 0.015427 -0.243092
10 -0.328109 -0.492049 0.121226 -0.254604 -0.092170 0.326082 0.150306 0.061193 0.423072 -0.143975 0.331506 0.513615 -0.284674 0.034057 0.299283 -0.104674 0.022434 -0.167795
6 -0.314261 -0.496109 0.146941 -0.204354 -0.091755 0.304871 0.148647 0.105505 0.380783 -0.125517 0.305412 0.465259 -0.297999 -0.018873 0.310134 -0.122369 0.035670 -0.181487
4 -0.364271 -0.500843 0.159412 -0.272333 -0.118240 0.301511 0.118258 0.069735 0.417357 -0.125617 0.369648 0.536002 -0.256699 0.030971 0.353986 -0.153152 0.008484 -0.248934
1 -0.363507 -0.520046 0.188856 -0.291239 -0.102921 0.271909 0.136406 0.070347 0.402729 -0.110019 0.286350 0.476685 -0.251619 -0.002701 0.318094 -0.165797 0.035401 -0.234250
14 -0.341222 -0.505041 0.193360 -0.287436 -0.101083 0.296083 0.120090 0.045762 0.357568 -0.093214 0.265639 0.475689 -0.269296 0.004062 0.327253 -0.136652 0.034266 -0.219494
16 -0.337290 -0.474834 0.175217 -0.282760 -0.130120 0.277096 0.160251 0.011737 0.381883 -0.084929 0.276900 0.496654 -0.249238 0.060608 0.367452 -0.165316 -0.052214 -0.285829
9 -0.338807 -0.476703 0.117002 -0.250545 -0.107914 0.293920 0.124118 0.081776 0.408691 -0.118306 0.316273 0.501885 -0.269054 -0.013880 0.295221 -0.125370 0.012567 -0.158442
12 -0.389480 -0.546658 0.159292 -0.305065 -0.129749 0.304178 0.124676 0.022551 0.406007 -0.105594 0.365595 0.558034 -0.284300 0.046698 0.353600 -0.129723 -0.027161 -0.217557
11 -0.344174 -0.510442 0.152732 -0.243637 -0.101200 0.288415 0.114082 0.098550 0.403403 -0.144965 0.294676 0.486103 -0.290410 0.016528 0.348964 -0.165461 0.023434 -0.188781
2 -0.329926 -0.523916 0.149114 -0.276886 -0.112553 0.312017 0.146436 0.093578 0.385808 -0.134352 0.314690 0.529377 -0.271937 -0.011263 0.326151 -0.164048 0.012107 -0.183932
13 -0.328619 -0.498234 0.186104 -0.299357 -0.133184 0.285970 0.158805 0.022251 0.400608 -0.080380 0.289128 0.474461 -0.246294 -0.000147 0.358334 -0.162254 -0.026451 -0.265904
15 -0.358495 -0.475920 0.177934 -0.286417 -0.110499 0.286669 0.144231 -0.002115 0.372008 -0.097278 0.314844 0.477969 -0.223607 0.059322 0.340984 -0.153159 -0.053637 -0.263466
17 -0.342425 -0.502987 0.172912 -0.251932 -0.151945 0.273060 0.169828 0.050431 0.413252 -0.074996 0.312954 0.513744 -0.249479 0.038067 0.330324 -0.131496 -0.006988 -0.272788
5 -0.359860 -0.524104 0.159815 -0.296614 -0.111271 0.279023 0.176250 -0.010111 0.415545 -0.112578 0.340325 0.522031 -0.267797 0.049927 0.384354 -0.197626 -0.040328 -0.313363
7 -0.296416 -0.489933 0.123991 -0.259844 -0.126688 0.318512 0.139896 0.076356 0.399500 -0.128105 0.280102 0.472613 -0.267147 -0.027548 0.335245 -0.132036 0.037826 -0.189535
