18 18
0 -0.211025 -0.555722 0.214238 -0.398621 -0.114967 0.204657 0.217269 -0.074822 0.482428 0.039249 -0.025285 0.410729 -0.060365 -0.109702 0.393005 -0.185769 -0.065800 -0.483456
7 -0.157550 -0.538436 0.160860 -0.397339 -0.146669 0.220678 0.207052 -0.100986 0.542073 0.072220 -0.108875 0.406204 -0.043413 -0.099664 0.403179 -0.112447 -0.088415 -0.436644
8 -0.190737 -0.552417 0.213570 -0.349358 -0.125587 0.197717 0.229212 -0.066972 0.479587 0.076554 -0.076237 0.391490 -0.080325 -0.085546 0.394579 -0.175477 -0.075367 -0.445535
2 -0.275458 -0.530432 0.272217 -0.312416 0.003188 0.152778 0.297404 0.057218 0.366165 -0.089957 0.062557 0.432406 -0.112530 -0.189996 0.346290 -0.392223 -0.078556 -0.548145
10 -0.225432 -0.544192 0.211071 -0.333563 -0.049180 0.210279 0.265610 -0.043684 0.491791 -0.013797 -0.004610 0.432293 -0.116142 -0.089955 0.371027 -0.208522 -0.088781 -0.487712
1 -0.231327 -0.517193 0.228265 -0.334674 -0.056373 0.143606 0.215734 -0.019747 0.450165 0.015867 -0.046346 0.363538 -0.059908 -0.115824 0.334895 -0.219054 -0.064891 -0.460525
15 -0.224165 -0.560950 0.215841 -0.387073 -0.099607 0.220603 0.240499 -0.101524 0.500691 0.041311 -0.057418 0.406692 -0.063281 -0.074065 0.396498 -0.175753 -0.114684 -0.473770
11 -0.207606 -0.530961 0.201737 -0.329913 -0.082512 0.173368 0.193406 -0.054773 0.481365 0.031784 -0.071774 0.384641 -0.087575 -0.065761 0.396939 -0.182116 -0.107355 -0.442169
13 -0.163785 -0.544395 0.205081 -0.396533 -0.125084 0.191313 0.220052 -0.109814 0.520268 0.093934 -0.099774 0.390469 -0.050971 -0.112728 0.397778 -0.137390 -0.118781 -0.471262
5 -0.228162 -0.532932 0.194778 -0.307987 -0.024457 0.160969 0.265933 -0.047289 0.457938 -0.024973 0.010467 0.407050 -0.116971 -0.105849 0.374868 -0.262341 -0.103006 -0.512278
6 -0.204038 -0.524928 0.220043 -0.303008 -0.065330 0.195034 0.255253 -0.041432 0.445392 0.019820 -0.016836 0.395209 -0.107618 -0.113481 0.385202 -0.201505 -0.100501 -0.505991
12 -0.239964 -0.542465 0.214043 -0.344342 -0.082532 0.166094 0.219269 -0.071803 0.429633 0.035197 -0.005082 0.419669 -0.098862 -0.090202 0.365552 -0.192054 -0.115553 -0.462711
16 -0.202307 -0.495499 0.203814 -0.326433 -0.089174 0.176277 0.232605 -0.069803 0.450750 0.041032 -0.058474 0.390443 -0.089741 -0.064131 0.381269 -0.186264 -0.114565 -0.477908
14 -0.195938 -0.524984 0.215855 -0.365847 -0.079104 0.197011 0.199597 -0.089379 0.461060 0.063149 -0.079998 0.402383 -0.081693 -0.091325 0.365962 -0.139259 -0.075923 -0.453569
3 -0.294937 -0.527831 0.283440 -0.319978 -0.022543 0.163324 0.279738 0.012386 0.394171 -0.057298 0.051922 0.388120 -0.138365 -0.180086 0.342968 -0.323935 -0.036100 -0.550571
4 -0.283095 -0.506771 0.266010 -0.312772 -0.009547 0.146378 0.237703 0.045611 0.427926 -0.064072 0.061223 0.413121 -0.089502 -0.157691 0.343908 -0.306154 -0.049495 -0.554009
17 -0.171222 -0.537977 0.185245 -0.373931 -0.155530 0.183511 0.213096 -0.093509 0.543794 0.105538 -0.084954 0.423360 -0.031231 -0.069911 0.363707 -0.084738 -0.089882 -0.463810
9 -0.226709 -0.518761 0.195121 -0.348401 -0.073900 0.178036 0.223730 -0.031161 0.487134 0.016427 -0.025944 0.414973 -0.072880 -0.134846 0.362199 -0.213489 -0.095020 -0.463100
