18 18
9 -0.074102 -0.444221 0.079170 -0.465036 -0.150003 0.126474 0.307238 0.010885 0.299669 -0.072906 0.270738 0.462899 0.028064 -0.379005 0.322309 -0.523696 -0.216058 -0.381975
5 -0.045837 -0.438786 0.057965 -0.417578 -0.116212 0.103289 0.335814 -0.035877 0.289155 -0.075053 0.239153 0.425891 -0.008704 -0.323445 0.304536 -0.489708 -0.195993 -0.372469
11 -0.085735 -0.427083 0.118004 -0.413823 -0.132667 0.108356 0.244153 0.065873 0.254329 -0.110803 0.279226 0.393235 0.034948 -0.341496 0.352808 -0.551865 -0.179879 -0.401269
0 -0.060212 -0.443827 0.104885 -0.465305 -0.184026 0.142799 0.261403 0.032846 0.230573 -0.078418 0.311275 0.419484 0.057729 -0.356344 0.366734 -0.545614 -0.169269 -0.408081
2 -0.025984 -0.453374 0.091041 -0.461234 -0.167193 0.120968 0.326068 0.035866 0.250439 -0.073490 0.264445 0.465058 0.054751 -0.385231 0.333657 -0.558469 -0.220357 -0.394586
13 -0.025784 -0.399739 0.099788 -0.429045 -0.147041 0.102966 0.292860 -0.009124 0.265954 -0.041311 0.217327 0.366814 0.050078 -0.352514 0.314501 -0.491189 -0.216466 -0.382855
10 -0.067038 -0.408749 0.081447 -0.413720 -0.158200 0.135212 0.359306 -0.071297 0.294259 -0.055414 0.254957 0.453544 -0.041620 -0.233147 0.318584 -0.437797 -0.241839 -0.405152
17 -0.051649 -0.431484 0.091106 -0.418201 -0.176630 0.101164 0.329801 0.007881 0.296717 -0.037821 0.259123 0.457100 0.036541 -0.324843 0.297852 -0.473094 -0.198186 -0.406001
7 -0.024270 -0.422996 0.062955 -0.427752 -0.165765 0.138608 0.322029 -0.011604 0.286017 -0.062268 0.215623 0.415016 0.011873 -0.342973 0.321964 -0.466404 -0.186617 -0.367576
4 -0.056463 -0.392969 0.106437 -0.424898 -0.147600 0.094800 0.234312 0.090166 0.239161 -0.101944 0.340499 0.427569 0.091754 -0.373625 0.342903 -0.561396 -0.188100 -0.434935
16 -0.107636 -0.387267 0.102841 -0.417685 -0.214254 0.113229 0.383932 -0.136751 0.241919 -0.019091 0.254317 0.492585 -0.092978 -0.143758 0.400786 -0.463709 -0.337604 -0.499935
1 -0.096788 -0.425287 0.116163 -0.424206 -0.148834 0.083973 0.319546 -0.037311 0.266819 -0.043417 0.227133 0.419267 -0.005237 -0.268911 0.306083 -0.467883 -0.216226 -0.412264
3 -0.080249 -0.408836 0.121429 -0.415565 -0.134568 0.117038 0.311299 0.001195 0.227814 -0.082893 0.266396 0.379319 -0.005753 -0.358554 0.309822 -0.521615 -0.158757 -0.409959
15 -0.079234 -0.417499 0.108221 -0.428073 -0.127760 0.143997 0.296834 -0.024610 0.245198 -0.079144 0.243818 0.383391 0.019530 -0.306589 0.307064 -0.477198 -0.190045 -0.371743
14 -0.053504 -0.434923 0.109759 -0.435762 -0.124200 0.125926 0.289796 -0.008928 0.254351 -0.044846 0.195212 0.413939 0.012162 -0.338079 0.294595 -0.461869 -0.157758 -0.357421
6 -0.040176 -0.406049 0.091402 -0.378282 -0.138450 0.121257 0.279646 0.033443 0.234129 -0.066880 0.255372 0.375601 0.026119 -0.326497 0.325366 -0.479260 -0.187775 -0.381617
12 -0.138241 -0.400700 0.102523 -0.420452 -0.210583 0.105015 0.327564 -0.163645 0.195897 -0.005535 0.284351 0.475934 -0.096556 -0.123505 0.360766 -0.392083 -0.325275 -0.437208
8 -0.051421 -0.457748 0.108239 -0.431271 -0.168656 0.128546 0.332349 -0.005139 0.268475 -0.038702 0.235964 0.439786 0.000945 -0.334827 0.341211 -0.514130 -0.192158 -0.390511
