18 18
14 -0.467955 -0.582817 0.529890 -0.261932 0.164900 0.204605 0.043587 0.149773 0.170950 -0.025524 -0.044105 0.411405 -0.391214 -0.170327 0.250434 -0.117732 0.053181 -0.319333
10 -0.426487 -0.565661 0.480266 -0.253693 0.164102 0.248655 0.090968 0.171138 0.223633 -0.062564 -0.011825 0.400758 -0.371580 -0.197008 0.216829 -0.099321 0.038977 -0.263004
8 -0.440890 -0.591509 0.517183 -0.225499 0.109797 0.218490 0.079763 0.161786 0.183883 -0.013096 -0.010773 0.383475 -0.411628 -0.156014 0.328181 -0.189258 0.085569 -0.354203
15 -0.445000 -0.544229 0.492204 -0.247785 0.133128 0.226752 0.080071 0.126034 0.182208 -0.045712 0.010218 0.355080 -0.361156 -0.160171 0.277642 -0.157578 0.026562 -0.330086
7 -0.410592 -0.586504 0.483651 -0.279543 0.135070 0.250054 0.080576 0.175377 0.232309 -0.046029 -0.036506 0.403121 -0.371924 -0.254234 0.250435 -0.111707 0.052721 -0.284537
12 -0.462499 -0.588636 0.485946 -0.278541 0.129036 0.209144 0.057036 0.127511 0.180303 -0.020217 0.018620 0.419844 -0.367668 -0.180648 0.226044 -0.089591 0.006965 -0.265895
6 -0.407882 -0.548644 0.486397 -0.223122 0.155794 0.219215 0.094535 0.180896 0.177515 -0.040399 -0.007188 0.356116 -0.352299 -0.241061 0.221157 -0.118002 0.024038 -0.298096
9 -0.446771 -0.562019 0.476080 -0.272770 0.162558 0.223213 0.072779 0.176060 0.211576 -0.048076 -0.015156 0.402534 -0.349075 -0.241920 0.204761 -0.122391 0.016324 -0.259450
11 -0.438811 -0.541367 0.474636 -0.205935 0.135976 0.172781 0.039043 0.172936 0.195358 -0.059719 -0.005701 0.363010 -0.371459 -0.141619 0.293464 -0.171992 0.041248 -0.331798
2 -0.418475 -0.563461 0.494937 -0.251662 0.137295 0.210752 0.083376 0.185476 0.162483 -0.043788 -0.022121 0.390527 -0.343551 -0.219083 0.234887 -0.155885 0.029018 -0.296289
5 -0.401607 -0.540613 0.428283 -0.216917 0.143586 0.177428 0.082877 0.116745 0.183850 -0.052238 0.018122 0.365424 -0.366779 -0.152503 0.269913 -0.168003 0.034884 -0.327377
13 -0.405567 -0.556079 0.498802 -0.283774 0.153232 0.211956 0.081727 0.155716 0.204287 -0.027456 -0.049398 0.361802 -0.326980 -0.248388 0.198459 -0.105052 0.006960 -0.265355
1 -0.441914 -0.579042 0.497572 -0.270423 0.151266 0.171997 0.053315 0.161118 0.201671 -0.028895 -0.042762 0.362736 -0.334450 -0.187221 0.220865 -0.137554 0.060666 -0.290576
3 -0.447221 -0.532779 0.505457 -0.226459 0.151558 0.185746 0.077791 0.158506 0.147547 -0.045054 -0.001052 0.348409 -0.380663 -0.211231 0.218668 -0.149116 0.072651 -0.324012
4 -0.435829 -0.526276 0.498404 -0.223485 0.163675 0.195690 0.055607 0.200675 0.191347 -0.056736 0.015298 0.384954 -0.350114 -0.214772 0.237814 -0.144903 0.048688 -0.332497
16 -0.457507 -0.561627 0.507916 -0.250048 0.136192 0.198130 0.080713 0.150081 0.194256 -0.032762 -0.024080 0.408700 -0.391581 -0.160866 0.278424 -0.153091 0.016510 -0.349152
0 -0.434641 -0.557507 0.482383 -0.235516 0.096552 0.208156 0.059112 0.140019 0.161143 -0.035667 0.041294 0.364065 -0.380052 -0.150284 0.332020 -0.195357 0.087534 -0.371682
17 -0.440863 -0.543756 0.489948 -0.204399 0.108789 0.169555 0.076688 0.171995 0.209334 -0.018108 0.006475 0.404948 -0.358865 -0.147561 0.247931 -0.125802 0.053349 -0.357988
