18 18
9 -0.239408 -0.341791 0.066219 -0.347060 -0.116206 -0.052901 0.223660 -0.089538 0.464954 0.024012 0.153368 0.470840 -0.092455 -0.173970 0.327999 -0.377193 -0.363779 -0.459093
15 -0.254439 -0.371953 0.083213 -0.360576 -0.105389 -0.036228 0.235942 -0.142272 0.438508 0.014163 0.161472 0.451058 -0.078919 -0.102625 0.331645 -0.359727 -0.397952 -0.464818
17 -0.241936 -0.364370 0.088541 -0.337647 -0.141325 -0.075700 0.244245 -0.097242 0.477869 0.048075 0.160873 0.494662 -0.075095 -0.120402 0.327288 -0.355711 -0.376913 -0.509484
5 -0.227322 -0.394114 0.041018 -0.353871 -0.095651 -0.049722 0.266037 -0.168507 0.445146 0.006383 0.181935 0.498523 -0.132606 -0.102484 0.360583 -0.386933 -0.396072 -0.492695
2 -0.214260 -0.359710 0.101554 -0.358570 -0.118393 -0.045505 0.243658 -0.079851 0.402641 0.020667 0.135779 0.477420 -0.098801 -0.175669 0.350985 -0.423205 -0.356564 -0.480214
4 -0.252316 -0.317936 0.201105 -0.335015 -0.092764 -0.057715 0.195915 0.008836 0.457144 0.013494 0.139007 0.395733 -0.118014 -0.291633 0.371235 -0.467140 -0.224451 -0.562896
7 -0.204287 -0.336508 0.094519 -0.334933 -0.129706 -0.026377 0.222850 -0.069039 0.454896 0.019000 0.114767 0.424778 -0.103753 -0.195846 0.365460 -0.380902 -0.302688 -0.484532
10 -0.232425 -0.359824 0.086364 -0.337510 -0.101925 -0.020501 0.252259 -0.108680 0.448834 0.004525 0.165591 0.468343 -0.130248 -0.126312 0.334767 -0.364462 -0.336914 -0.468285
14 -0.244305 -0.360584 0.156423 -0.357733 -0.096697 -0.032355 0.209946 -0.079245 0.416956 0.039321 0.110529 0.444139 -0.134350 -0.197140 0.360541 -0.399200 -0.279811 -0.506126
16 -0.211169 -0.312992 0.071120 -0.315693 -0.108278 -0.047021 0.232203 -0.113417 0.397239 0.022227 0.119270 0.440291 -0.105252 -0.096475 0.336505 -0.362587 -0.367945 -0.459429
0 -0.236550 -0.366598 0.097475 -0.377394 -0.133967 -0.043353 0.216684 -0.106796 0.435713 0.029841 0.160164 0.457819 -0.084938 -0.154175 0.365434 -0.396852 -0.344502 -0.490277
12 -0.252375 -0.379277 0.064578 -0.365707 -0.135033 -0.061691 0.213778 -0.150688 0.404975 0.046714 0.175543 0.508332 -0.103092 -0.101224 0.340444 -0.343870 -0.409446 -0.453579
1 -0.263189 -0.370327 0.117210 -0.362505 -0.102428 -0.092949 0.201721 -0.070434 0.467271 0.033920 0.120862 0.429423 -0.058427 -0.168458 0.312808 -0.384676 -0.338948 -0.474144
3 -0.273067 -0.352782 0.182797 -0.353127 -0.113398 -0.041732 0.252727 -0.062531 0.427078 0.019884 0.148241 0.414417 -0.159927 -0.258786 0.368255 -0.460556 -0.270371 -0.554605
13 -0.209398 -0.332356 0.121178 -0.353931 -0.117554 -0.056509 0.223431 -0.095614 0.437949 0.046891 0.115158 0.400785 -0.083634 -0.201710 0.344116 -0.389148 -0.339654 -0.485535
8 -0.243628 -0.374546 0.175444 -0.342163 -0.130628 -0.024069 0.247464 -0.050219 0.436105 0.044360 0.125402 0.427616 -0.158570 -0.234813 0.394630 -0.456885 -0.258702 -0.527674
11 -0.255418 -0.358810 0.109473 -0.328002 -0.100614 -0.068821 0.195426 -0.063391 0.462387 0.005568 0.135139 0.436554 -0.103593 -0.146502 0.359623 -0.395824 -0.347632 -0.480855
6 0.007299 -0.006988 0.006429 0.025394 0.003018 0.008962 0.013628 0.017139 -0.003415 0.002961 0.009307 -0.005691 -0.008572 -0.012634 0.015137 0.000585 -0.007433 -0.019036
