18 18
2 -0.191893 -0.348853 0.220952 -0.319677 0.027740 -0.042919 0.012445 0.470593 0.272430 -0.167207 0.004365 0.402096 0.064614 -0.465008 0.228501 -0.565785 -0.170885 -0.191069
10 -0.247298 -0.389808 0.219215 -0.273681 0.047325 0.032990 0.026873 0.427840 0.363195 -0.200402 0.053309 0.447898 -0.042283 -0.317538 0.297017 -0.505708 -0.188265 -0.198676
1 -0.235086 -0.349465 0.234578 -0.290216 0.046805 -0.058702 0.002930 0.450257 0.307871 -0.161986 0.001434 0.372070 0.032447 -0.403787 0.219180 -0.529903 -0.143958 -0.206918
11 -0.287751 -0.365862 0.242638 -0.246969 0.066269 -0.041965 -0.028590 0.456367 0.336767 -0.203161 0.010703 0.416062 -0.065112 -0.300754 0.314889 -0.524955 -0.209323 -0.206858
0 -0.279938 -0.439204 0.274327 -0.360993 0.011334 0.030371 0.005844 0.405581 0.320155 -0.167530 0.042511 0.450169 0.004087 -0.378001 0.333429 -0.562347 -0.171500 -0.246764
13 -0.201757 -0.342844 0.236017 -0.323606 0.026902 -0.037255 0.013980 0.434513 0.305764 -0.147268 0.000903 0.380391 0.041583 -0.454732 0.256662 -0.558230 -0.184586 -0.220537
16 -0.258800 -0.348918 0.240324 -0.274503 0.042536 -0.011200 0.018413 0.391644 0.307192 -0.163388 -0.004858 0.420140 -0.042891 -0.301907 0.297934 -0.506459 -0.209298 -0.233781
4 -0.200381 -0.287597 0.197663 -0.261896 0.053608 -0.063370 -0.028057 0.474255 0.294482 -0.180963 0.048683 0.389634 0.054559 -0.432187 0.220728 -0.544808 -0.149884 -0.209319
9 -0.208915 -0.310642 0.181195 -0.280439 0.040825 -0.045624 -0.004032 0.467065 0.321404 -0.169838 0.015174 0.405733 0.030102 -0.442255 0.218598 -0.536010 -0.174504 -0.174519
7 -0.203926 -0.352457 0.204690 -0.300023 0.014471 0.001973 0.014786 0.426589 0.326486 -0.168469 0.006055 0.405403 0.022133 -0.414030 0.274209 -0.520216 -0.162109 -0.213130
8 -0.179684 -0.343090 0.210566 -0.269810 0.006562 -0.044350 0.021515 0.453805 0.280488 -0.134727 0.015590 0.377871 0.040541 -0.433195 0.237332 -0.563231 -0.129773 -0.201294
5 -0.191173 -0.371361 0.180622 -0.296567 0.040191 -0.028839 0.044942 0.405735 0.322300 -0.173283 0.042446 0.416399 0.024423 -0.419822 0.251117 -0.557584 -0.163228 -0.231058
6 -0.230128 -0.351415 0.228562 -0.244594 0.044536 -0.005393 0.010096 0.427428 0.295559 -0.164263 0.030397 0.389350 -0.020303 -0.356047 0.282836 -0.502247 -0.183942 -0.215983
3 -0.260803 -0.339881 0.252777 -0.284757 0.053759 -0.031564 0.010981 0.452536 0.284321 -0.187617 0.029561 0.389780 -0.018637 -0.428654 0.245582 -0.557201 -0.149506 -0.228917
14 -0.284603 -0.426573 0.282555 -0.327797 0.060672 0.028140 0.003503 0.374523 0.312664 -0.150785 -0.011984 0.449563 -0.040952 -0.331952 0.296229 -0.499576 -0.171049 -0.228447
17 -0.223983 -0.386388 0.224006 -0.283256 -0.004472 -0.019177 0.033697 0.431651 0.350450 -0.140834 0.047734 0.455033 0.039975 -0.371240 0.252060 -0.508446 -0.164605 -0.245593
12 -0.280864 -0.406198 0.240718 -0.308333 0.027745 -0.010611 -0.006945 0.404848 0.319370 -0.162497 0.053880 0.459954 -0.026380 -0.343811 0.298664 -0.516006 -0.214875 -0.213428
15 -0.264896 -0.400323 0.258822 -0.329049 0.043751 0.045427 0.031600 0.356541 0.305952 -0.168455 0.033840 0.403817 0.009298 -0.350913 0.280307 -0.517460 -0.184600 -0.228685
