18 18
4 -0.243739 -0.398769 0.167131 -0.327753 0.007960 0.084252 0.032951 0.099758 0.115595 -0.119209 0.298741 0.492731 -0.122342 -0.274833 0.420446 -0.463099 -0.272868 -0.348318
2 -0.198584 -0.412680 0.151203 -0.318776 -0.009007 0.097165 0.080853 0.101932 0.086288 -0.118327 0.255512 0.482965 -0.130668 -0.279786 0.414981 -0.481526 -0.283800 -0.312363
13 -0.245293 -0.452345 0.182992 -0.385247 -0.054991 0.107199 0.050429 0.035094 0.091851 -0.053275 0.280038 0.492908 -0.136088 -0.276780 0.455179 -0.464521 -0.308945 -0.315729
12 -0.322421 -0.492159 0.183294 -0.417852 -0.120623 0.122755 -0.008678 -0.012669 0.037769 -0.003598 0.361573 0.538068 -0.145825 -0.225712 0.456188 -0.412712 -0.298195 -0.263324
11 -0.260397 -0.431844 0.178267 -0.319063 0.025332 0.080918 0.036691 0.107487 0.136574 -0.137413 0.255615 0.494149 -0.158134 -0.251654 0.449331 -0.479772 -0.298961 -0.346474
7 -0.194189 -0.390583 0.127452 -0.312373 -0.003081 0.106395 0.070558 0.094413 0.148509 -0.127679 0.245212 0.472419 -0.130277 -0.287915 0.425249 -0.440107 -0.272416 -0.337462
5 -0.234308 -0.436483 0.131662 -0.335589 -0.009436 0.091964 0.072506 0.026272 0.112387 -0.095742 0.303304 0.490965 -0.151193 -0.242956 0.427192 -0.453045 -0.288500 -0.329448
6 -0.218678 -0.406885 0.160143 -0.295858 -0.005995 0.104608 0.065647 0.086908 0.102841 -0.093983 0.269728 0.460038 -0.138931 -0.264055 0.422099 -0.432747 -0.275807 -0.332413
0 -0.296473 -0.477880 0.177541 -0.420653 -0.165086 0.164274 -0.008154 -0.017143 0.022514 0.011680 0.356280 0.482785 -0.132497 -0.213364 0.464974 -0.411370 -0.218698 -0.233796
15 -0.271826 -0.440930 0.180050 -0.369025 -0.045079 0.138412 0.052684 0.023016 0.083561 -0.075675 0.297581 0.474311 -0.133975 -0.237836 0.433588 -0.438819 -0.279507 -0.307218
16 -0.223306 -0.382223 0.156997 -0.312981 -0.010809 0.087585 0.069765 0.062452 0.101690 -0.091975 0.237748 0.466517 -0.139982 -0.229367 0.412756 -0.438904 -0.287578 -0.333694
14 -0.245679 -0.444723 0.195399 -0.360936 0.026674 0.100994 0.044648 0.078149 0.105819 -0.101086 0.235004 0.518351 -0.152978 -0.284032 0.439331 -0.463266 -0.287368 -0.353550
1 -0.237783 -0.412974 0.178637 -0.322088 -0.003838 0.068978 0.051276 0.088877 0.112580 -0.087129 0.222989 0.429665 -0.114789 -0.253183 0.375279 -0.431367 -0.233283 -0.303875
3 -0.261364 -0.433525 0.192376 -0.337113 -0.005605 0.108878 0.083905 0.077835 0.088373 -0.118584 0.294345 0.475817 -0.175539 -0.299366 0.432884 -0.493172 -0.260258 -0.356854
8 -0.316317 -0.541716 0.211395 -0.429780 -0.184410 0.178300 0.016736 0.000364 0.025340 0.031900 0.358865 0.529999 -0.170307 -0.236217 0.515833 -0.467500 -0.240339 -0.249111
10 -0.223714 -0.431170 0.149136 -0.323040 0.011661 0.129743 0.093740 0.081610 0.138990 -0.139085 0.291079 0.503613 -0.165951 -0.251239 0.422907 -0.453562 -0.276846 -0.321829
9 -0.286338 -0.435876 0.141334 -0.377587 -0.092933 0.127580 0.006574 0.029510 0.088226 -0.030590 0.313271 0.505694 -0.130160 -0.242973 0.414896 -0.405606 -0.266289 -0.232845
17 -0.002915 -0.006397 0.005624 0.018021 -0.026928 -0.018564 0.015689 0.014203 0.025956 0.022864 0.010492 0.027524 0.013101 0.016295 -0.014503 0.021066 0.000664 -0.026546
