18 18
11 -0.235380 -0.624366 0.226067 -0.354521 -0.208958 0.143649 0.065787 0.302622 0.310482 -0.064125 0.176948 0.402617 -0.021918 -0.295511 0.390892 -0.338243 0.036094 -0.280393
6 -0.099988 -0.551002 0.139739 -0.247955 -0.242943 0.173988 0.154664 0.409650 0.286364 -0.062240 0.152248 0.391584 0.010426 -0.418339 0.358193 -0.365194 0.109904 -0.281718
3 -0.235885 -0.609292 0.242607 -0.356177 -0.227275 0.156111 0.115366 0.291831 0.265927 -0.051987 0.187405 0.379305 -0.041513 -0.373448 0.376164 -0.364989 0.083556 -0.331473
2 -0.124721 -0.561591 0.144664 -0.304718 -0.248131 0.157717 0.143754 0.387613 0.275030 -0.075253 0.153517 0.415319 0.022333 -0.400270 0.345500 -0.386297 0.090807 -0.264055
0 -0.222517 -0.614321 0.213788 -0.385976 -0.261502 0.160670 0.076086 0.289682 0.290693 -0.037090 0.195766 0.406583 0.004072 -0.309482 0.385518 -0.335553 0.070301 -0.287463
16 -0.175401 -0.560329 0.185076 -0.315489 -0.248591 0.141246 0.114762 0.329971 0.286124 -0.041534 0.134975 0.402552 -0.003165 -0.300060 0.367124 -0.345631 0.034759 -0.278188
7 -0.103113 -0.525021 0.127277 -0.290269 -0.243685 0.167908 0.130340 0.362740 0.305795 -0.069140 0.124078 0.376829 0.017457 -0.406579 0.355194 -0.351614 0.121339 -0.272620
12 -0.283442 -0.652979 0.249991 -0.433190 -0.249169 0.134697 0.033566 0.184054 0.267206 0.004408 0.209958 0.419953 -0.023882 -0.236385 0.388221 -0.269040 -0.055019 -0.253010
1 -0.206562 -0.601202 0.208746 -0.346991 -0.231113 0.122364 0.103054 0.351647 0.310923 -0.048070 0.140809 0.392885 0.022901 -0.348424 0.334579 -0.355596 0.094381 -0.285046
4 -0.187906 -0.534829 0.185035 -0.314696 -0.195652 0.130079 0.066336 0.327352 0.286341 -0.073201 0.189495 0.388009 0.015042 -0.328088 0.337410 -0.326432 0.071991 -0.285392
10 -0.212993 -0.632068 0.206098 -0.367519 -0.243495 0.178906 0.108132 0.320323 0.332349 -0.057948 0.187366 0.440206 -0.011349 -0.299744 0.363171 -0.313445 0.056790 -0.261972
5 -0.192456 -0.574637 0.167256 -0.324157 -0.178427 0.137417 0.121599 0.251717 0.299090 -0.078652 0.196950 0.385215 -0.037772 -0.338905 0.369786 -0.359110 0.084469 -0.339246
14 -0.236347 -0.604736 0.249658 -0.385011 -0.199792 0.150483 0.057571 0.243187 0.260055 -0.024626 0.149038 0.394684 -0.026428 -0.292554 0.364385 -0.303911 0.056287 -0.282689
15 -0.236090 -0.589290 0.229209 -0.370701 -0.202465 0.168076 0.087589 0.243824 0.276384 -0.054222 0.177293 0.374436 -0.007159 -0.284905 0.360990 -0.317365 0.028806 -0.282489
13 -0.283240 -0.689961 0.293913 -0.478562 -0.247727 0.149120 0.062798 0.193049 0.314320 0.001834 0.195560 0.410973 -0.015176 -0.288665 0.424280 -0.315533 -0.044019 -0.310382
8 -0.132440 -0.555704 0.164458 -0.277763 -0.249498 0.154889 0.134509 0.340954 0.270951 -0.029120 0.130838 0.374160 -0.007505 -0.355497 0.355497 -0.358007 0.104374 -0.262681
9 -0.128627 -0.511860 0.112340 -0.266129 -0.227910 0.148917 0.123254 0.368424 0.293697 -0.063300 0.140463 0.388641 0.011684 -0.377593 0.309546 -0.341077 0.079875 -0.224890
17 -0.211450 -0.597001 0.207389 -0.319852 -0.268080 0.127327 0.109527 0.325438 0.317637 -0.021560 0.185573 0.428857 0.013934 -0.289608 0.343300 -0.306679 0.058500 -0.310139
