18 18
4 -0.388095 -0.471347 0.396211 -0.399477 0.065445 0.277955 0.019175 -0.004546 0.152192 -0.097318 0.169860 0.380789 -0.108724 -0.034139 0.432273 -0.299305 -0.156176 -0.413509
1 -0.374232 -0.480170 0.382034 -0.381357 0.058201 0.236687 0.046379 0.009864 0.168451 -0.085651 0.128383 0.356531 -0.104284 -0.041003 0.407979 -0.311761 -0.139362 -0.402772
0 -0.349351 -0.466909 0.383037 -0.413693 -0.019687 0.313545 0.053074 -0.059508 0.139691 -0.063515 0.150844 0.360286 -0.118497 0.019498 0.504098 -0.305717 -0.162386 -0.435650
13 -0.340973 -0.474931 0.401004 -0.416676 0.027876 0.289200 0.071056 -0.055130 0.156752 -0.062517 0.111057 0.336638 -0.114257 -0.042154 0.470828 -0.315038 -0.181313 -0.431637
11 -0.347788 -0.455710 0.365177 -0.356685 0.036026 0.266130 0.035522 -0.022613 0.162796 -0.092439 0.118576 0.340347 -0.132692 0.018571 0.465211 -0.304370 -0.170545 -0.394550
12 -0.378412 -0.486553 0.377166 -0.409512 0.022884 0.266219 0.025971 -0.075758 0.120103 -0.045188 0.147186 0.365784 -0.123878 -0.001409 0.423660 -0.256974 -0.173900 -0.370846
2 -0.342433 -0.474530 0.367599 -0.387636 0.049339 0.281131 0.066406 0.002426 0.126304 -0.095230 0.144749 0.383851 -0.116570 -0.069025 0.437608 -0.336568 -0.175450 -0.395211
3 -0.374751 -0.436192 0.375903 -0.354513 0.056492 0.249756 0.058276 -0.008662 0.124736 -0.102147 0.169372 0.340715 -0.146555 -0.052882 0.400116 -0.308187 -0.120153 -0.415915
15 -0.374859 -0.485852 0.392430 -0.418361 0.060870 0.315540 0.062183 -0.080704 0.139414 -0.086202 0.130584 0.331247 -0.126587 -0.026170 0.437533 -0.301599 -0.166273 -0.387329
14 -0.351147 -0.479265 0.395998 -0.405290 0.055262 0.291891 0.031363 -0.068943 0.116442 -0.047271 0.084652 0.336032 -0.136073 -0.021974 0.433141 -0.268968 -0.130475 -0.377514
8 -0.339090 -0.483875 0.387085 -0.380511 0.019646 0.293237 0.064973 -0.062815 0.131296 -0.038727 0.094478 0.319930 -0.140963 -0.011283 0.442592 -0.289643 -0.136258 -0.368230
16 -0.345052 -0.406500 0.395529 -0.371501 -0.053988 0.293008 0.106759 -0.062427 0.136731 -0.041864 0.124553 0.408686 -0.135301 0.111257 0.519421 -0.301847 -0.232932 -0.513599
10 -0.360715 -0.469335 0.364854 -0.382910 0.060177 0.306871 0.069187 -0.029330 0.176372 -0.110657 0.166779 0.396051 -0.151345 0.001372 0.441588 -0.286052 -0.161168 -0.405745
7 -0.319104 -0.468590 0.349145 -0.390806 0.028301 0.296260 0.050793 -0.036086 0.166086 -0.077837 0.101182 0.332911 -0.112389 -0.051552 0.435041 -0.273214 -0.135837 -0.366298
9 -0.389470 -0.485405 0.361679 -0.405333 0.066227 0.273475 0.044664 -0.004854 0.180649 -0.096597 0.163001 0.401902 -0.128836 -0.081321 0.430086 -0.324060 -0.165803 -0.400611
6 -0.348168 -0.472678 0.379925 -0.357046 0.047277 0.284801 0.060846 -0.012070 0.144750 -0.077587 0.141676 0.347467 -0.130332 -0.037807 0.455084 -0.294122 -0.171242 -0.418079
17 -0.339287 -0.420833 0.385357 -0.334896 -0.072390 0.265504 0.114525 -0.016085 0.173458 -0.035903 0.165701 0.442413 -0.109415 0.103920 0.481884 -0.274143 -0.210650 -0.523343
5 -0.330501 -0.462778 0.327123 -0.356540 0.058721 0.248966 0.075839 -0.036233 0.176388 -0.099961 0.157098 0.377992 -0.141664 -0.010202 0.441418 -0.314369 -0.162165 -0.425537
