18 18
12 -0.363828 -0.416822 0.279903 -0.457242 -0.066837 0.018557 0.079154 -0.219030 0.229711 0.026274 0.350774 0.298813 -0.118658 -0.070850 0.335958 -0.250275 -0.153925 -0.478721
4 -0.331977 -0.352913 0.285266 -0.431229 -0.055949 0.007334 0.089497 -0.173394 0.252956 -0.002310 0.326354 0.270451 -0.088193 -0.089381 0.323953 -0.286052 -0.143129 -0.530630
15 -0.312433 -0.356667 0.296882 -0.436645 -0.100810 0.054520 0.125021 -0.205228 0.243592 0.039123 0.258860 0.237772 -0.057065 -0.070239 0.312181 -0.241978 -0.169954 -0.517936
0 -0.339145 -0.409051 0.283148 -0.477867 -0.080853 0.039813 0.118581 -0.206874 0.273401 -0.013736 0.353466 0.255645 -0.128158 -0.105047 0.372916 -0.327477 -0.117681 -0.534155
13 -0.329980 -0.406458 0.297812 -0.500514 -0.075845 0.022530 0.142446 -0.246479 0.280110 0.002345 0.331734 0.245941 -0.130511 -0.111742 0.371794 -0.331326 -0.170684 -0.549648
11 -0.346664 -0.410363 0.270348 -0.423448 -0.009963 0.009673 0.098703 -0.180669 0.281940 -0.070058 0.337838 0.225622 -0.198302 -0.091228 0.366681 -0.348008 -0.109485 -0.488584
10 -0.336966 -0.401168 0.240503 -0.436703 -0.001777 0.045059 0.127309 -0.203403 0.288764 -0.089642 0.379286 0.233860 -0.206377 -0.083359 0.331441 -0.314420 -0.078597 -0.437864
17 -0.322725 -0.393990 0.365918 -0.468161 -0.189070 0.023186 0.146307 -0.174816 0.318358 0.146963 0.259043 0.337275 -0.008505 -0.099031 0.318607 -0.192460 -0.163983 -0.656780
9 -0.349735 -0.400173 0.294772 -0.468431 -0.090981 0.024794 0.119681 -0.180826 0.302540 0.040848 0.313530 0.303054 -0.093652 -0.129540 0.331423 -0.273999 -0.155362 -0.536505
16 -0.337050 -0.381093 0.310507 -0.477210 -0.116744 0.026911 0.162548 -0.230159 0.273833 0.036267 0.279783 0.301383 -0.086178 -0.046336 0.373485 -0.312475 -0.219595 -0.606623
14 -0.364623 -0.429431 0.353293 -0.490941 -0.061321 0.043271 0.097693 -0.204523 0.261811 0.050469 0.291733 0.294337 -0.126031 -0.114724 0.346302 -0.259205 -0.106103 -0.549952
6 -0.317518 -0.392748 0.309937 -0.412885 -0.068210 0.039131 0.127582 -0.174934 0.248910 0.043149 0.295032 0.251481 -0.112224 -0.112364 0.329325 -0.244242 -0.131494 -0.523236
1 -0.362256 -0.420336 0.342439 -0.469592 -0.070941 0.004024 0.107105 -0.166652 0.289052 0.052846 0.279647 0.273805 -0.082094 -0.120787 0.312145 -0.263875 -0.111245 -0.544350
5 -0.328371 -0.416016 0.253772 -0.447649 -0.036100 0.014569 0.144094 -0.224723 0.295538 -0.029149 0.350458 0.277501 -0.154789 -0.089117 0.359680 -0.329553 -0.145482 -0.544105
3 -0.382624 -0.423385 0.320545 -0.470077 -0.036358 0.027324 0.153516 -0.220972 0.259422 -0.044108 0.378056 0.231349 -0.208111 -0.136244 0.351581 -0.352898 -0.088304 -0.549587
7 -0.312988 -0.399003 0.337400 -0.504179 -0.161214 0.051008 0.147237 -0.195643 0.325407 0.082421 0.259595 0.316362 -0.049254 -0.136453 0.377835 -0.264446 -0.173668 -0.654409
2 -0.325617 -0.413470 0.313562 -0.497684 -0.105397 0.030496 0.165118 -0.212139 0.267797 0.016651 0.306344 0.309542 -0.088358 -0.103005 0.371723 -0.342453 -0.207067 -0.596798
8 0.003889 -0.024784 0.014791 0.006068 -0.018192 0.009774 0.013932 0.005426 -0.001505 0.020585 -0.012265 0.000073 -0.017512 0.000480 0.021614 -0.017675 0.015234 0.001164
