18 18
10 -0.105665 -0.512584 -0.178054 -0.171505 0.097739 0.184557 0.106170 0.130179 0.414430 -0.306265 0.269867 0.510551 -0.222000 -0.115026 0.476560 -0.503913 -0.178008 -0.105748
9 -0.094404 -0.524456 -0.210838 -0.173252 0.091527 0.151506 0.086077 0.169214 0.418566 -0.300771 0.245420 0.541761 -0.221896 -0.177875 0.516450 -0.586490 -0.204009 -0.102277
5 -0.147420 -0.596280 -0.114935 -0.232029 0.107110 0.158652 0.163430 0.043611 0.408233 -0.281751 0.261709 0.420105 -0.201306 -0.123434 0.522584 -0.591473 -0.152530 -0.240262
8 -0.105213 -0.578886 -0.155328 -0.176097 0.070073 0.176137 0.115152 0.153614 0.407649 -0.279838 0.258276 0.530899 -0.245715 -0.144993 0.560972 -0.602422 -0.186671 -0.137337
12 -0.119851 -0.548392 -0.183230 -0.180812 0.077967 0.142822 0.074964 0.143653 0.388759 -0.287630 0.277176 0.552689 -0.224931 -0.140745 0.521276 -0.554838 -0.233992 -0.111781
6 -0.171242 -0.605942 -0.045006 -0.228583 0.079364 0.196531 0.173133 0.059104 0.394173 -0.251167 0.262456 0.382827 -0.192567 -0.138451 0.547405 -0.575110 -0.156730 -0.265473
14 -0.110114 -0.526320 -0.135089 -0.205452 0.098437 0.162632 0.078440 0.110236 0.367726 -0.268509 0.213985 0.467301 -0.204530 -0.139637 0.493141 -0.528380 -0.135974 -0.148342
2 -0.085602 -0.545878 -0.163714 -0.186134 0.082285 0.159870 0.123659 0.152848 0.375943 -0.297731 0.241294 0.503076 -0.198552 -0.164696 0.522415 -0.604329 -0.207058 -0.139737
7 -0.079592 -0.541637 -0.189516 -0.192401 0.065630 0.176958 0.115047 0.135423 0.429181 -0.297833 0.243437 0.496804 -0.208357 -0.174301 0.546115 -0.572254 -0.178185 -0.156989
15 -0.228828 -0.623608 0.009804 -0.302640 0.085735 0.217908 0.184038 -0.027281 0.385794 -0.247162 0.264248 0.320471 -0.161478 -0.096092 0.525718 -0.567013 -0.118941 -0.305683
11 -0.109211 -0.526357 -0.178465 -0.151327 0.108626 0.128819 0.066143 0.180689 0.408363 -0.324708 0.244178 0.507043 -0.222730 -0.134021 0.541415 -0.602435 -0.198092 -0.137815
13 -0.081073 -0.517752 -0.148582 -0.193387 0.070450 0.152687 0.109704 0.115440 0.390273 -0.257858 0.230764 0.469376 -0.198019 -0.167193 0.514025 -0.551742 -0.206843 -0.143153
0 -0.157276 -0.610571 -0.107061 -0.267012 0.064476 0.196716 0.130864 0.061608 0.410383 -0.282138 0.290746 0.430002 -0.193420 -0.136017 0.570567 -0.606402 -0.120969 -0.235256
1 -0.227554 -0.652243 -0.005674 -0.290740 0.092046 0.170092 0.164435 0.046566 0.423015 -0.255804 0.252169 0.359929 -0.161698 -0.129161 0.527441 -0.603176 -0.114510 -0.290349
4 -0.079917 -0.459361 -0.195443 -0.131110 0.106720 0.122002 0.053886 0.198118 0.390769 -0.315869 0.274826 0.519300 -0.190391 -0.152509 0.485215 -0.554152 -0.187513 -0.123007
17 -0.002915 -0.006397 0.005624 0.018021 -0.026928 -0.018564 0.015689 0.014203 0.025956 0.022864 0.010492 0.027524 0.013101 0.016295 -0.014503 0.021066 0.000664 -0.026546
16 -0.003066 0.009981 0.006043 0.000869 -0.007381 -0.001770 0.017455 -0.006904 0.000948 0.004908 -0.016488 0.011175 -0.012361 0.022003 0.021550 -0.015661 -0.025305 -0.027720
3 -0.024675 0.005665 0.025365 0.004601 0.007865 -0.001883 0.014761 -0.000233 -0.026227 -0.010111 0.011993 -0.020661 -0.026950 -0.026588 -0.012274 -0.019090 0.026092 -0.020014
