18 18
0 -0.387917 -0.546090 0.406486 -0.294242 -0.039414 0.167210 0.044000 0.032243 -0.015710 -0.000184 0.230311 0.361058 -0.277511 -0.056068 0.394030 -0.373158 -0.070942 -0.258505
2 -0.306502 -0.543745 0.369462 -0.227848 -0.003022 0.131073 0.065059 0.184621 -0.030221 -0.054715 0.223934 0.352324 -0.288174 -0.265079 0.356620 -0.438581 -0.087816 -0.192263
8 -0.389415 -0.600515 0.437754 -0.270437 -0.016986 0.161675 0.064893 0.088874 -0.007005 -0.002948 0.224765 0.378725 -0.321501 -0.120541 0.407784 -0.427471 -0.079496 -0.243274
4 -0.346004 -0.523198 0.377196 -0.215305 0.008357 0.101292 0.014785 0.197629 -0.000863 -0.062850 0.286478 0.367759 -0.281673 -0.236420 0.361811 -0.422064 -0.061714 -0.234790
11 -0.395083 -0.592018 0.417158 -0.242754 0.014284 0.119321 0.024021 0.169321 0.008586 -0.067549 0.250275 0.382756 -0.333441 -0.191131 0.419060 -0.461859 -0.102084 -0.241496
10 -0.309705 -0.542457 0.348047 -0.195257 0.008084 0.131688 0.051617 0.213033 0.006764 -0.079981 0.278260 0.365658 -0.322531 -0.273059 0.357074 -0.413091 -0.074541 -0.177894
16 -0.393634 -0.545887 0.427432 -0.281982 -0.016959 0.155868 0.075419 0.046886 -0.000865 -0.008537 0.194706 0.385503 -0.307803 -0.056084 0.412985 -0.410030 -0.121465 -0.294575
1 -0.364718 -0.538109 0.389922 -0.250591 0.001079 0.110989 0.051048 0.113968 0.019607 -0.024487 0.200494 0.320080 -0.259660 -0.158429 0.339535 -0.385979 -0.055868 -0.240292
6 -0.312341 -0.585099 0.374132 -0.173247 -0.020558 0.135189 0.066933 0.249982 0.011050 -0.055202 0.262570 0.350033 -0.330370 -0.329454 0.432926 -0.448038 -0.086196 -0.255462
13 -0.373408 -0.618492 0.437637 -0.279080 -0.012825 0.137846 0.058481 0.160275 0.002524 -0.031866 0.268352 0.389467 -0.327997 -0.271620 0.424328 -0.471733 -0.115203 -0.251693
9 -0.400707 -0.625982 0.409294 -0.269929 -0.006007 0.147855 0.053987 0.183831 0.039102 -0.050392 0.274318 0.433153 -0.340141 -0.254203 0.423460 -0.477565 -0.109431 -0.236985
14 -0.482617 -0.692526 0.540721 -0.360987 0.011417 0.208556 0.051743 0.061982 -0.015230 -0.003294 0.234033 0.447052 -0.365897 -0.130881 0.451760 -0.459941 -0.092823 -0.292839
3 -0.366736 -0.568190 0.411588 -0.216530 -0.004558 0.128809 0.065063 0.198680 -0.030843 -0.064124 0.284743 0.349556 -0.349311 -0.311552 0.383746 -0.456604 -0.055966 -0.249258
5 -0.360445 -0.589736 0.368428 -0.247691 0.017449 0.130050 0.076425 0.110392 0.026270 -0.058281 0.266537 0.383123 -0.325433 -0.183964 0.396044 -0.441217 -0.098865 -0.253975
12 -0.361592 -0.566296 0.378272 -0.239008 -0.022283 0.111166 0.029570 0.141063 -0.031760 -0.026058 0.279245 0.377485 -0.309286 -0.225162 0.367020 -0.397499 -0.108350 -0.201067
17 -0.405276 -0.580745 0.438219 -0.265745 -0.048245 0.133573 0.074979 0.090683 0.025280 0.012196 0.241587 0.420532 -0.289639 -0.086732 0.387807 -0.386807 -0.095485 -0.307175
15 -0.549243 -0.716676 0.574044 -0.396555 0.007614 0.247224 0.072299 -0.000126 -0.019350 -0.017784 0.285090 0.449841 -0.363547 -0.063045 0.475379 -0.469930 -0.128012 -0.331788
7 -0.301220 -0.568616 0.355404 -0.213746 -0.048995 0.144371 0.067440 0.220096 0.037564 -0.052264 0.225796 0.357540 -0.310301 -0.322223 0.432409 -0.436284 -0.070549 -0.250688
