18 18
10 -0.385054 -0.529046 0.266353 -0.119255 -0.039405 -0.081909 0.249445 0.273448 0.493284 0.002330 0.290856 0.522100 -0.011372 -0.077993 0.069996 -0.148726 -0.122174 -0.488349
1 -0.365758 -0.524138 0.294963 -0.121812 -0.042422 -0.150875 0.210914 0.323194 0.455326 0.028578 0.235577 0.464126 0.022250 -0.172996 0.066962 -0.199554 -0.072510 -0.493801
0 -0.348192 -0.500899 0.247136 -0.144135 -0.073181 -0.088191 0.195470 0.254909 0.431836 0.023349 0.267692 0.466600 0.010097 -0.119229 0.098489 -0.171538 -0.078390 -0.450517
4 -0.297902 -0.453015 0.263838 -0.066122 -0.046299 -0.142980 0.218872 0.362471 0.433987 0.013949 0.283239 0.479617 0.014948 -0.234361 0.081146 -0.207778 -0.062205 -0.532287
2 -0.273556 -0.485433 0.260129 -0.076263 -0.069291 -0.128389 0.253889 0.358634 0.398600 0.026183 0.261005 0.484696 0.011281 -0.268272 0.070218 -0.212918 -0.075884 -0.490677
7 -0.324816 -0.523109 0.262556 -0.105366 -0.079612 -0.097753 0.254891 0.330533 0.490805 0.017412 0.261807 0.505519 0.000783 -0.207184 0.114986 -0.195042 -0.085252 -0.540565
12 -0.383053 -0.546006 0.272677 -0.131959 -0.069960 -0.119729 0.216905 0.256085 0.452525 0.041336 0.310444 0.533317 -0.011775 -0.113072 0.101234 -0.156537 -0.139539 -0.506265
17 -0.358866 -0.515265 0.281148 -0.098518 -0.080878 -0.117601 0.253348 0.288175 0.475437 0.044256 0.265914 0.503667 0.010509 -0.115052 0.074864 -0.156657 -0.104872 -0.531158
13 -0.287118 -0.477316 0.300647 -0.104980 -0.057658 -0.129476 0.246960 0.287371 0.410510 0.055189 0.219066 0.426945 0.001763 -0.239446 0.103952 -0.201941 -0.103529 -0.531295
3 -0.348597 -0.488440 0.310071 -0.086201 -0.050625 -0.114990 0.263898 0.310439 0.398051 0.019984 0.281079 0.452763 -0.033949 -0.240261 0.066142 -0.205444 -0.058247 -0.532415
11 -0.344276 -0.494797 0.277664 -0.087996 -0.035177 -0.107378 0.203822 0.294808 0.430116 0.001718 0.228800 0.449674 -0.026082 -0.123279 0.125865 -0.206612 -0.102232 -0.497538
14 -0.306726 -0.490301 0.304652 -0.099530 -0.041657 -0.115539 0.227078 0.314554 0.387480 0.045101 0.223607 0.466242 -0.018951 -0.235001 0.090266 -0.196942 -0.057901 -0.517375
15 -0.417387 -0.507068 0.288850 -0.151671 -0.027695 -0.048868 0.229937 0.198387 0.441022 -0.005808 0.267986 0.457018 -0.006037 -0.030506 0.096057 -0.168955 -0.144388 -0.491648
9 -0.357301 -0.500802 0.233177 -0.118533 -0.058028 -0.108489 0.215419 0.297566 0.484320 0.021153 0.260305 0.506347 0.010524 -0.159314 0.070851 -0.167791 -0.121228 -0.449140
8 -0.320083 -0.521394 0.287722 -0.084437 -0.071507 -0.104286 0.250270 0.324115 0.434420 0.037730 0.250029 0.474060 -0.028071 -0.189848 0.125315 -0.229227 -0.062682 -0.520733
6 -0.310253 -0.480000 0.289678 -0.057724 -0.047012 -0.106681 0.257730 0.318051 0.406867 0.029556 0.266574 0.449949 -0.020116 -0.210273 0.106343 -0.197520 -0.099031 -0.548781
16 -0.367546 -0.463290 0.261318 -0.111726 -0.048868 -0.077549 0.251170 0.234768 0.441682 0.008975 0.229349 0.470883 -0.014023 -0.051726 0.103848 -0.180018 -0.157463 -0.511854
5 -0.292142 -0.479365 0.238649 -0.082766 -0.027363 -0.119053 0.250442 0.265460 0.413021 0.007259 0.260199 0.447116 -0.026809 -0.191599 0.090971 -0.203775 -0.085294 -0.500031
