18 18
3 -0.449384 -0.396608 0.407305 -0.134486 0.066495 -0.018250 -0.002935 0.450323 0.179572 -0.175991 0.271381 0.433251 -0.155734 -0.270454 0.141026 -0.428368 0.025652 -0.282630
8 -0.420356 -0.430412 0.396008 -0.146695 0.039276 -0.003216 -0.012558 0.450397 0.206168 -0.151189 0.254691 0.447189 -0.140366 -0.246439 0.163336 -0.422889 0.035266 -0.244788
14 -0.436213 -0.415932 0.401918 -0.164466 0.075658 -0.001291 -0.033537 0.425063 0.187526 -0.157775 0.234594 0.452729 -0.142441 -0.241481 0.148193 -0.389365 0.019227 -0.253034
4 -0.416319 -0.353751 0.356516 -0.141178 0.077402 -0.022031 -0.068168 0.434760 0.205514 -0.206425 0.307940 0.458210 -0.120357 -0.228637 0.147960 -0.383963 -0.011088 -0.253573
7 -0.420725 -0.408061 0.348989 -0.170247 0.048667 0.009664 -0.043417 0.437412 0.249843 -0.210243 0.287660 0.484511 -0.140339 -0.259614 0.176917 -0.387019 -0.017571 -0.245052
1 -0.416379 -0.419576 0.457070 -0.066982 0.038163 -0.114018 0.114079 0.522485 0.121778 0.009206 0.059016 0.322047 -0.057150 -0.309911 0.145069 -0.504256 0.006653 -0.395642
11 -0.439889 -0.402609 0.357968 -0.126554 0.102761 0.003260 -0.047571 0.448163 0.241298 -0.242977 0.279430 0.459732 -0.169556 -0.194720 0.179226 -0.407730 -0.033947 -0.224169
0 -0.425837 -0.408529 0.379853 -0.157365 0.038930 0.003285 -0.021177 0.426577 0.189500 -0.162834 0.276205 0.438366 -0.133596 -0.231420 0.178923 -0.406553 0.015141 -0.270175
2 -0.391872 -0.413074 0.409870 -0.111275 0.029232 -0.045840 0.062698 0.500145 0.131003 -0.084311 0.167133 0.406807 -0.080340 -0.308036 0.148937 -0.473869 -0.000569 -0.314842
9 -0.456414 -0.425717 0.405670 -0.114328 0.057500 -0.039428 0.032812 0.518183 0.208056 -0.122427 0.218782 0.464271 -0.117903 -0.302721 0.159972 -0.470808 -0.018646 -0.315465
6 -0.434513 -0.450193 0.505428 -0.002983 0.029642 -0.084052 0.168208 0.590160 0.083400 0.015563 0.093957 0.377233 -0.107048 -0.344659 0.232273 -0.560316 -0.061804 -0.503087
12 -0.459333 -0.412082 0.368189 -0.181593 0.060049 -0.012563 -0.069529 0.401299 0.204705 -0.199179 0.334511 0.506678 -0.155629 -0.215739 0.155086 -0.370572 -0.042893 -0.229633
10 -0.430045 -0.396271 0.356556 -0.133910 0.095114 0.025926 -0.009911 0.435301 0.241242 -0.226208 0.298852 0.476616 -0.169122 -0.200422 0.142665 -0.374769 -0.005338 -0.228675
13 -0.415526 -0.393397 0.375417 -0.169988 0.072812 -0.001196 -0.033197 0.415374 0.237466 -0.203397 0.290032 0.452676 -0.142719 -0.242340 0.160400 -0.392432 -0.030781 -0.241756
17 -0.424814 -0.397978 0.375623 -0.123623 0.031905 -0.034116 -0.006980 0.442941 0.218336 -0.140864 0.267053 0.471110 -0.112381 -0.223325 0.129728 -0.369814 0.001302 -0.283073
15 -0.451723 -0.432308 0.422900 -0.147548 0.053011 0.002507 0.027473 0.434305 0.172646 -0.134443 0.230418 0.423220 -0.122414 -0.248533 0.168202 -0.441529 -0.003869 -0.302759
16 -0.473005 -0.436235 0.496451 -0.065013 0.041557 -0.077623 0.115382 0.555064 0.136781 -0.055644 0.141844 0.448325 -0.139291 -0.288080 0.235674 -0.555269 -0.081142 -0.475191
5 0.004065 -0.024114 -0.027650 -0.000619 0.020703 -0.008521 0.024223 -0.023969 0.025914 -0.018771 0.021210 0.020548 -0.020024 0.006829 0.014933 -0.023795 -0.013973 -0.021943
