18 18
15 -0.290145 -0.443472 0.352174 -0.187787 -0.134946 0.022620 0.149366 0.067803 0.232272 0.083127 0.156943 0.189635 -0.166156 -0.193158 0.410967 -0.395756 0.039000 -0.495704
14 -0.286685 -0.456837 0.359780 -0.175893 -0.111226 -0.035732 0.075949 0.109564 0.256777 0.157918 0.069556 0.298315 -0.175809 -0.144467 0.411307 -0.337113 0.010076 -0.514130
8 -0.292532 -0.501862 0.370317 -0.152584 -0.150778 -0.043083 0.114367 0.133304 0.283678 0.183538 0.078166 0.306957 -0.197970 -0.144551 0.442843 -0.376939 0.010908 -0.533229
13 -0.275995 -0.473043 0.381349 -0.191724 -0.152086 -0.030684 0.143127 0.099084 0.287055 0.148170 0.124985 0.241771 -0.176001 -0.225270 0.458240 -0.414874 0.012932 -0.571437
1 -0.316259 -0.494770 0.380681 -0.182261 -0.121915 -0.065820 0.108792 0.134951 0.297312 0.149402 0.087964 0.270974 -0.162697 -0.171203 0.406442 -0.381648 0.020647 -0.534524
6 -0.282562 -0.470415 0.347124 -0.122706 -0.124657 -0.043527 0.099424 0.140714 0.273306 0.167998 0.089439 0.320467 -0.189060 -0.118912 0.432414 -0.336671 -0.025308 -0.542919
0 -0.286996 -0.470300 0.347994 -0.192833 -0.165867 0.003821 0.111760 0.099211 0.250633 0.124444 0.151482 0.255331 -0.177649 -0.171243 0.448119 -0.393024 0.052451 -0.521027
10 -0.346305 -0.557333 0.390023 -0.165243 -0.129052 -0.042148 0.111111 0.147592 0.355195 0.181329 0.100484 0.421886 -0.239447 -0.102406 0.480816 -0.366672 -0.028484 -0.598623
3 -0.338291 -0.499161 0.420396 -0.183120 -0.141186 -0.019144 0.170911 0.107147 0.247890 0.105157 0.184576 0.213527 -0.227302 -0.255165 0.459164 -0.474432 0.081649 -0.605918
12 -0.322330 -0.483078 0.351038 -0.174001 -0.136471 -0.057110 0.076511 0.093455 0.249976 0.164999 0.121051 0.325789 -0.187065 -0.120078 0.412067 -0.329719 -0.029147 -0.510723
9 -0.317719 -0.487563 0.341434 -0.167122 -0.129009 -0.056540 0.091475 0.146502 0.321781 0.165214 0.087933 0.351947 -0.184695 -0.155383 0.423634 -0.362559 -0.031221 -0.526117
16 -0.311796 -0.478253 0.369379 -0.160854 -0.136687 -0.048619 0.116140 0.117877 0.285897 0.161946 0.084149 0.329154 -0.205500 -0.117704 0.458220 -0.380780 -0.031150 -0.573185
7 -0.249040 -0.446981 0.312521 -0.179339 -0.166254 0.020648 0.136563 0.102274 0.279113 0.099524 0.138868 0.241988 -0.174428 -0.219438 0.449453 -0.388544 0.048997 -0.517973
17 -0.311906 -0.502873 0.372878 -0.146084 -0.167036 -0.062036 0.120607 0.142628 0.317614 0.184843 0.114140 0.358615 -0.188510 -0.126344 0.443961 -0.362814 -0.005225 -0.595274
4 -0.285391 -0.437827 0.357046 -0.165919 -0.131408 -0.025691 0.113708 0.129343 0.263704 0.098693 0.174535 0.238154 -0.162108 -0.209388 0.429507 -0.416628 0.055995 -0.550366
5 -0.305358 -0.510142 0.353273 -0.179669 -0.120372 -0.031390 0.157112 0.085887 0.289306 0.104327 0.172308 0.271521 -0.212083 -0.192045 0.465576 -0.444394 0.025735 -0.584224
11 -0.314968 -0.488044 0.348785 -0.140591 -0.112309 -0.061625 0.066492 0.153705 0.303649 0.140776 0.077374 0.329291 -0.193364 -0.099701 0.432874 -0.356141 -0.024555 -0.510881
2 0.021368 -0.003688 -0.004957 -0.007525 -0.007603 0.001755 0.011077 0.016235 -0.024745 -0.003279 -0.008624 0.014563 0.014594 -0.017313 -0.004715 -0.020484 -0.014205 0.014938
