18 18
8 -0.085492 -0.495781 0.126524 -0.174574 -0.063440 0.212660 0.436453 0.038952 0.486487 -0.030385 0.133464 0.471710 -0.258296 -0.065992 0.324169 -0.272322 -0.116393 -0.357982
1 -0.090755 -0.493838 0.100393 -0.209452 -0.008091 0.205824 0.454613 0.080382 0.533725 -0.120837 0.166246 0.498291 -0.216828 -0.122448 0.290666 -0.306576 -0.104490 -0.404976
9 -0.094869 -0.471474 0.086424 -0.203008 -0.076145 0.208607 0.435369 0.042133 0.534621 -0.038549 0.154980 0.497154 -0.217022 -0.098922 0.312946 -0.274296 -0.167823 -0.354142
13 -0.061578 -0.470616 0.147893 -0.211859 -0.105900 0.205388 0.468234 0.006704 0.514321 0.016429 0.115154 0.451536 -0.202586 -0.082572 0.331102 -0.261008 -0.175749 -0.410305
10 -0.066064 -0.452944 0.087473 -0.178320 -0.052166 0.235947 0.441416 0.031709 0.516526 -0.071179 0.162699 0.473516 -0.228460 -0.052811 0.291459 -0.226661 -0.123666 -0.350042
16 -0.065073 -0.416305 0.119874 -0.175436 -0.085160 0.199327 0.456500 0.022641 0.460605 -0.021813 0.122140 0.458670 -0.205316 -0.043880 0.319926 -0.266582 -0.174833 -0.418268
6 -0.034308 -0.468488 0.070973 -0.147204 -0.035123 0.237085 0.483912 0.064473 0.518400 -0.089449 0.169951 0.495522 -0.236168 -0.099550 0.330041 -0.264887 -0.154492 -0.416927
15 -0.074046 -0.450741 0.096398 -0.198763 -0.050973 0.247082 0.461854 0.007849 0.486103 -0.083387 0.168668 0.461261 -0.203438 -0.072889 0.316538 -0.265345 -0.163540 -0.403317
0 -0.074338 -0.465662 0.103375 -0.221814 -0.081754 0.226461 0.425591 0.016721 0.474412 -0.051974 0.171074 0.456875 -0.197472 -0.084803 0.321335 -0.266393 -0.118006 -0.385707
5 -0.056252 -0.483178 0.036512 -0.186620 -0.010976 0.216320 0.471108 0.025708 0.547516 -0.124919 0.196997 0.520996 -0.249721 -0.094005 0.321870 -0.297623 -0.148628 -0.401081
11 -0.108365 -0.490617 0.109528 -0.190066 -0.027897 0.196155 0.410769 0.064726 0.522312 -0.097765 0.161516 0.493469 -0.239338 -0.075080 0.332251 -0.296059 -0.148784 -0.383633
2 -0.046935 -0.463127 0.068107 -0.209141 -0.019521 0.223906 0.453646 0.070616 0.469042 -0.125209 0.172908 0.520270 -0.212061 -0.130134 0.289058 -0.310963 -0.137232 -0.367548
14 -0.091371 -0.484295 0.125503 -0.221531 -0.028416 0.223667 0.426398 0.030408 0.487676 -0.062071 0.138299 0.503065 -0.234452 -0.088711 0.304148 -0.263517 -0.121813 -0.381586
3 -0.101904 -0.476354 0.114767 -0.197504 -0.002781 0.216918 0.474232 0.055751 0.481688 -0.134087 0.202502 0.488360 -0.269376 -0.148915 0.296839 -0.327785 -0.086878 -0.438858
7 -0.030844 -0.465534 0.036406 -0.197960 -0.054703 0.248698 0.467475 0.051412 0.547777 -0.117918 0.171259 0.514413 -0.225232 -0.134303 0.339401 -0.282435 -0.141389 -0.399798
4 -0.072392 -0.445457 0.074489 -0.190840 -0.002055 0.201808 0.422456 0.083176 0.514021 -0.132100 0.205014 0.515681 -0.216047 -0.123260 0.298909 -0.306921 -0.120994 -0.400810
17 -0.078749 -0.467237 0.126098 -0.173811 -0.107596 0.196741 0.469685 0.035178 0.511328 -0.007390 0.157044 0.495090 -0.196408 -0.053408 0.303634 -0.237530 -0.157521 -0.429484
12 -0.116980 -0.486754 0.114941 -0.223697 -0.084283 0.195752 0.412159 0.001161 0.471247 -0.025238 0.181013 0.500039 -0.217860 -0.067747 0.311247 -0.247726 -0.179944 -0.366801
