18 18
2 -0.102282 -0.459971 0.030048 -0.210396 -0.215306 0.002409 0.200349 0.295439 0.521078 0.166001 0.032740 0.651719 -0.018783 -0.340241 0.210303 -0.201914 -0.330639 -0.168088
13 -0.129797 -0.495548 0.063979 -0.245487 -0.212665 -0.000885 0.203866 0.269289 0.562351 0.185463 0.039223 0.645173 -0.028252 -0.366480 0.227889 -0.203238 -0.338903 -0.200993
14 -0.168722 -0.488735 0.096403 -0.249202 -0.150831 0.027245 0.177047 0.237136 0.487566 0.150961 0.027456 0.629735 -0.064195 -0.349800 0.212159 -0.197439 -0.290338 -0.202003
3 -0.241912 -0.533581 0.124738 -0.258515 -0.129460 0.002019 0.230832 0.262201 0.509386 0.111553 0.102421 0.666393 -0.105056 -0.414852 0.204112 -0.289339 -0.296828 -0.264730
9 -0.145916 -0.435754 0.005564 -0.186466 -0.191059 -0.041547 0.163917 0.304613 0.573112 0.168383 0.038410 0.648764 -0.020032 -0.324414 0.163998 -0.177195 -0.311805 -0.136313
12 -0.195584 -0.534209 0.092358 -0.286898 -0.190890 0.021642 0.179894 0.218201 0.482459 0.158882 0.093130 0.675760 -0.062868 -0.349631 0.229612 -0.206358 -0.332415 -0.207084
1 -0.165272 -0.494802 0.093780 -0.252366 -0.164641 0.005022 0.177993 0.244739 0.490115 0.141542 0.036681 0.586067 -0.032445 -0.333164 0.201540 -0.204890 -0.273125 -0.197601
8 -0.118865 -0.453826 0.042431 -0.187393 -0.209083 0.003883 0.186632 0.264131 0.512142 0.176447 0.031042 0.592947 -0.040462 -0.296900 0.202344 -0.181207 -0.269033 -0.155416
16 -0.167118 -0.477782 0.076069 -0.238074 -0.188909 -0.001842 0.198262 0.245294 0.526641 0.164841 0.038071 0.649526 -0.053126 -0.311006 0.228619 -0.210915 -0.332687 -0.224048
17 -0.129820 -0.418137 0.038418 -0.155846 -0.203066 -0.041917 0.176156 0.282491 0.531793 0.176751 0.043482 0.599453 -0.011299 -0.274504 0.154185 -0.143497 -0.265888 -0.176715
11 -0.160673 -0.447110 0.040696 -0.164221 -0.164461 -0.040171 0.144939 0.303051 0.545755 0.135729 0.026319 0.602047 -0.048010 -0.283202 0.203279 -0.197244 -0.299991 -0.160560
6 -0.092901 -0.498965 0.051039 -0.197648 -0.219464 0.052579 0.221285 0.294344 0.542858 0.172211 0.033015 0.614470 -0.046739 -0.364699 0.265562 -0.172755 -0.333057 -0.210496
0 -0.131261 -0.480759 0.060592 -0.253459 -0.214681 0.054176 0.177075 0.233537 0.490831 0.148803 0.059978 0.591410 -0.037142 -0.324570 0.247601 -0.191548 -0.274160 -0.187138
10 -0.133597 -0.511545 0.051372 -0.242428 -0.200332 0.053892 0.217640 0.257786 0.562747 0.151067 0.059215 0.660159 -0.057269 -0.323007 0.224562 -0.165927 -0.310449 -0.184228
7 -0.074957 -0.467476 0.020867 -0.219300 -0.234328 0.060721 0.200674 0.268527 0.545011 0.153420 0.009375 0.590588 -0.030364 -0.362885 0.256654 -0.158770 -0.295257 -0.183137
15 -0.186431 -0.490574 0.095219 -0.266529 -0.158072 0.049203 0.202581 0.205383 0.479953 0.121122 0.075129 0.610060 -0.050140 -0.331412 0.220635 -0.225795 -0.316223 -0.213768
4 -0.169448 -0.446332 0.079362 -0.223311 -0.128639 -0.000616 0.163507 0.262995 0.480458 0.105448 0.095878 0.616268 -0.043009 -0.359055 0.197922 -0.229676 -0.284490 -0.225474
5 -0.176131 -0.520596 0.056013 -0.245357 -0.134008 0.001517 0.230406 0.236150 0.546431 0.114193 0.098785 0.680643 -0.081509 -0.371260 0.233295 -0.269428 -0.334452 -0.258662
