18 18
15 -0.411169 -0.563797 0.259603 -0.388433 0.278645 0.304508 0.108077 -0.107018 0.308826 -0.164661 0.077953 0.412340 -0.356993 -0.003859 0.314125 -0.316766 0.136015 -0.278314
0 -0.347465 -0.581602 0.211642 -0.420952 0.189751 0.281702 0.072870 -0.077910 0.339107 -0.166974 0.127040 0.366749 -0.306584 -0.111752 0.374558 -0.325699 0.184197 -0.306426
4 -0.303854 -0.544064 0.166228 -0.375224 0.218904 0.240917 0.081169 -0.061122 0.374775 -0.180282 0.127946 0.376223 -0.293900 -0.140046 0.364631 -0.318183 0.149287 -0.333112
10 -0.366238 -0.561599 0.217403 -0.385566 0.264538 0.316572 0.108358 -0.082794 0.349849 -0.183377 0.100523 0.419579 -0.359319 -0.042429 0.318047 -0.293577 0.171244 -0.268972
16 -0.394889 -0.551419 0.253742 -0.386919 0.256651 0.289007 0.110461 -0.097617 0.308971 -0.146564 0.055681 0.425658 -0.367009 0.000094 0.331266 -0.321670 0.132203 -0.292746
5 -0.325677 -0.537431 0.170146 -0.356324 0.258690 0.265234 0.118582 -0.108660 0.336278 -0.164165 0.088809 0.407814 -0.351818 -0.040661 0.319322 -0.309339 0.135166 -0.277259
1 -0.393821 -0.557820 0.254954 -0.376465 0.261836 0.243917 0.084295 -0.057102 0.319787 -0.150141 0.058775 0.372402 -0.316447 -0.040077 0.272936 -0.302804 0.177027 -0.265791
9 -0.403704 -0.526729 0.234708 -0.383865 0.275839 0.295251 0.085017 -0.080019 0.306068 -0.145791 0.066870 0.450752 -0.359715 -0.016849 0.276234 -0.302425 0.142966 -0.228533
2 -0.346243 -0.579083 0.215180 -0.413151 0.233418 0.289621 0.106232 -0.071293 0.320415 -0.171911 0.090847 0.420456 -0.326369 -0.098671 0.347603 -0.345369 0.138270 -0.286434
14 -0.409231 -0.535331 0.278276 -0.384581 0.311986 0.310615 0.081305 -0.114679 0.269902 -0.127047 0.025020 0.457862 -0.386984 0.037453 0.281205 -0.283477 0.153838 -0.241345
7 -0.226583 -0.561213 0.102118 -0.412759 0.128311 0.242872 0.096264 -0.083531 0.426030 -0.169755 0.105752 0.328662 -0.253918 -0.248104 0.413723 -0.297294 0.137202 -0.339338
8 -0.362257 -0.567491 0.248829 -0.364322 0.217802 0.279286 0.099098 -0.064765 0.304662 -0.130908 0.067895 0.369740 -0.339787 -0.042732 0.320358 -0.307605 0.185931 -0.258692
11 -0.363248 -0.557674 0.215477 -0.351605 0.241176 0.244154 0.074137 -0.051683 0.335937 -0.180049 0.089641 0.372280 -0.333482 -0.052366 0.348705 -0.328216 0.136622 -0.286142
13 -0.292137 -0.578732 0.171110 -0.440666 0.193722 0.253937 0.105898 -0.113546 0.400273 -0.153563 0.099712 0.371731 -0.293405 -0.186786 0.394044 -0.328460 0.110586 -0.340293
3 -0.350775 -0.531280 0.224766 -0.365184 0.211365 0.250070 0.102549 -0.069283 0.293772 -0.166118 0.105904 0.326160 -0.323747 -0.120171 0.311553 -0.314634 0.174597 -0.299139
6 -0.319779 -0.561314 0.199889 -0.355407 0.217468 0.274324 0.114318 -0.066115 0.329218 -0.151862 0.097187 0.366549 -0.324911 -0.103764 0.353680 -0.303572 0.136918 -0.305647
12 -0.316182 -0.561502 0.164550 -0.397145 0.177647 0.230597 0.076404 -0.110526 0.340834 -0.139192 0.125271 0.377536 -0.296214 -0.122003 0.352462 -0.279574 0.113734 -0.297256
17 -0.002915 -0.006397 0.005624 0.018021 -0.026928 -0.018564 0.015689 0.014203 0.025956 0.022864 0.010492 0.027524 0.013101 0.016295 -0.014503 0.021066 0.000664 -0.026546
