18 18
9 -0.384939 -0.248757 0.132626 -0.239762 0.334347 -0.171839 -0.088585 0.569578 0.234709 -0.382097 0.404721 0.323486 0.059950 -0.608928 -0.098387 -0.645762 0.190588 -0.143118
11 -0.333148 -0.301680 0.168825 -0.197407 0.259203 -0.122520 -0.006974 0.304476 0.291207 -0.223551 0.320077 0.369178 -0.067113 -0.405230 0.117890 -0.510850 -0.053387 -0.325542
6 -0.086521 -0.166880 -0.037839 0.196654 0.194521 -0.008964 0.280566 0.446937 0.343408 -0.335917 0.446421 0.295400 -0.109497 -0.457533 0.163865 -0.561830 0.045620 -0.488604
15 -0.250552 -0.245898 0.100077 -0.029384 0.217740 -0.033403 0.203459 0.319362 0.352448 -0.275493 0.398292 0.376611 -0.098417 -0.358878 0.161534 -0.539382 -0.052110 -0.475936
10 -0.323107 -0.262270 0.129862 -0.192289 0.308050 -0.117121 -0.008588 0.462207 0.273823 -0.332360 0.380267 0.346157 -0.013912 -0.512383 -0.021132 -0.567268 0.118181 -0.218792
3 -0.276546 -0.232219 0.125607 -0.121517 0.269596 -0.107529 0.046952 0.418160 0.225809 -0.297074 0.373716 0.298268 -0.046023 -0.547187 0.015421 -0.560553 0.104019 -0.290089
2 -0.370790 -0.313747 0.183557 -0.286915 0.337033 -0.174367 -0.046346 0.505602 0.250500 -0.323584 0.395652 0.404029 0.026447 -0.639088 -0.023294 -0.656293 0.070201 -0.249523
1 -0.296219 -0.197867 0.104433 -0.125173 0.322049 -0.169210 -0.046544 0.621088 0.200708 -0.404281 0.377411 0.212544 0.090315 -0.612757 -0.127390 -0.630360 0.281844 -0.161859
16 -0.334936 -0.310749 0.181798 -0.105602 0.196299 -0.078577 0.196539 0.247751 0.403987 -0.183938 0.333098 0.494382 -0.159954 -0.219766 0.239329 -0.520268 -0.174108 -0.544302
5 -0.200875 -0.256229 0.023048 0.004437 0.245629 -0.065772 0.197408 0.370899 0.362204 -0.314415 0.436927 0.377400 -0.107565 -0.461320 0.143531 -0.588609 0.001012 -0.450861
8 -0.216914 -0.267465 0.092402 -0.000240 0.170172 -0.048306 0.193112 0.336187 0.360905 -0.213907 0.360838 0.396331 -0.126968 -0.361641 0.190612 -0.529644 -0.031631 -0.461067
0 -0.378547 -0.323942 0.183654 -0.272599 0.296412 -0.134999 -0.042323 0.433114 0.262369 -0.296737 0.416062 0.379654 -0.007394 -0.559650 0.041321 -0.615782 0.085424 -0.286676
4 -0.256133 -0.225290 0.104257 -0.088144 0.258893 -0.107958 0.081470 0.385372 0.306412 -0.266802 0.398615 0.379950 -0.043848 -0.484659 0.083921 -0.534579 -0.010411 -0.399384
13 -0.571129 -0.514977 0.413202 -0.622145 0.282856 -0.189240 -0.136060 0.056839 0.353910 -0.005098 0.239659 0.568011 -0.095990 -0.387036 0.171671 -0.447534 -0.291771 -0.338582
12 -0.568105 -0.529941 0.365070 -0.537548 0.273020 -0.172682 -0.094961 0.088193 0.355061 -0.032114 0.332120 0.625298 -0.131582 -0.408954 0.202739 -0.468270 -0.295800 -0.400773
17 -0.318075 -0.302527 0.175426 -0.074546 0.157161 -0.084479 0.203481 0.250001 0.412128 -0.149665 0.352761 0.504003 -0.134605 -0.223294 0.200091 -0.457946 -0.147425 -0.552256
7 -0.115143 -0.209584 -0.019822 0.079972 0.178766 -0.007127 0.247619 0.379108 0.398050 -0.303347 0.425530 0.357071 -0.103506 -0.499778 0.201786 -0.561900 -0.010802 -0.515946
14 -0.539687 -0.507280 0.378213 -0.535762 0.306258 -0.155049 -0.101732 0.135688 0.340603 -0.057379 0.276969 0.584722 -0.111188 -0.445737 0.164744 -0.484577 -0.209422 -0.376901
