18 18
10 -0.293136 -0.468942 0.125260 -0.335063 -0.071255 -0.059827 0.146428 -0.146109 0.409898 -0.031606 0.324433 0.480797 -0.127831 -0.143437 0.349748 -0.261212 -0.424116 -0.472511
9 -0.241540 -0.386532 0.078725 -0.321039 -0.077949 -0.064666 0.127802 -0.147523 0.377209 -0.006580 0.260374 0.408315 -0.083726 -0.180889 0.322617 -0.253794 -0.443111 -0.417965
12 -0.242068 -0.389584 0.109025 -0.320761 -0.115162 -0.109943 0.090030 -0.167887 0.315741 0.049105 0.256618 0.412537 -0.053961 -0.129260 0.305287 -0.200920 -0.446130 -0.416366
7 -0.167584 -0.379602 0.060544 -0.363715 -0.168585 -0.057064 0.157496 -0.183737 0.414863 0.043961 0.208762 0.420055 -0.052025 -0.209673 0.382115 -0.222639 -0.474087 -0.464685
17 -0.260504 -0.413689 0.134622 -0.296732 -0.116112 -0.108370 0.130332 -0.124712 0.376168 0.029876 0.284871 0.439540 -0.066224 -0.133397 0.307704 -0.223544 -0.396493 -0.473035
11 -0.283762 -0.420087 0.124819 -0.290293 -0.039643 -0.060625 0.109914 -0.134839 0.351506 -0.046472 0.278318 0.390064 -0.141111 -0.144099 0.362283 -0.288634 -0.412754 -0.443016
5 -0.201897 -0.382194 0.050215 -0.293513 -0.064625 -0.053713 0.155844 -0.188221 0.361339 -0.016188 0.253038 0.384860 -0.119072 -0.142800 0.340748 -0.248410 -0.419300 -0.428966
0 -0.301570 -0.451044 0.144975 -0.341398 -0.088003 -0.048866 0.110690 -0.141202 0.353840 -0.027436 0.330218 0.422715 -0.114029 -0.151923 0.367217 -0.284804 -0.370711 -0.461560
6 -0.311073 -0.473429 0.145056 -0.289860 -0.038083 -0.016020 0.167205 -0.141601 0.361243 -0.054199 0.344029 0.409796 -0.187098 -0.184152 0.381051 -0.299706 -0.393452 -0.494736
3 -0.300710 -0.429706 0.148392 -0.322556 -0.057800 -0.046207 0.162412 -0.159747 0.342145 -0.037851 0.300497 0.386776 -0.161609 -0.203107 0.349422 -0.301364 -0.386180 -0.483358
2 -0.198468 -0.369638 0.108280 -0.319564 -0.108779 -0.090163 0.113817 -0.110756 0.311122 0.021902 0.220431 0.406656 -0.024425 -0.172457 0.296748 -0.245149 -0.418971 -0.402899
8 -0.282754 -0.473606 0.159418 -0.330776 -0.112948 -0.068372 0.151001 -0.145824 0.378368 0.020423 0.286226 0.442269 -0.125989 -0.173469 0.387553 -0.293819 -0.405871 -0.493856
1 -0.259119 -0.414622 0.143535 -0.339605 -0.085960 -0.104734 0.120688 -0.114099 0.380555 0.011222 0.223256 0.398599 -0.053147 -0.182273 0.321597 -0.269376 -0.406153 -0.468038
15 -0.239586 -0.379471 0.111069 -0.314738 -0.068681 -0.026157 0.140311 -0.172854 0.327093 -0.017177 0.251966 0.360494 -0.087538 -0.140183 0.332345 -0.251283 -0.424078 -0.429997
14 -0.263924 -0.432538 0.137834 -0.340461 -0.060044 -0.031754 0.124129 -0.164057 0.334836 -0.001155 0.240771 0.411336 -0.126530 -0.171220 0.342554 -0.249166 -0.374835 -0.437548
4 -0.268879 -0.405964 0.139707 -0.334587 -0.082971 -0.115877 0.101305 -0.123121 0.379355 -0.003885 0.296634 0.443288 -0.056325 -0.171096 0.346982 -0.275009 -0.443299 -0.500645
13 -0.181631 -0.386258 0.111175 -0.391242 -0.164484 -0.089149 0.160614 -0.207307 0.403862 0.073936 0.201873 0.403445 -0.044468 -0.214127 0.388608 -0.243477 -0.502789 -0.489379
16 -0.198006 -0.391473 0.098343 -0.386439 -0.180455 -0.081334 0.179111 -0.201920 0.417944 0.067241 0.195976 0.451307 -0.071196 -0.181699 0.415766 -0.254164 -0.515645 -0.514877
