18 18
2 -0.383796 -0.345035 0.408726 -0.181577 0.196228 0.070906 0.215854 0.221907 0.029375 -0.187511 0.066217 0.291296 -0.314906 -0.376638 0.195827 -0.499721 0.025164 -0.481842
10 -0.450343 -0.397869 0.433318 -0.220046 0.230034 0.106435 0.198161 0.197371 0.093440 -0.215506 0.082489 0.307441 -0.348982 -0.300197 0.189111 -0.468005 0.067343 -0.451706
14 -0.464139 -0.413652 0.485943 -0.246922 0.222945 0.084922 0.180654 0.184060 0.048458 -0.165772 0.031367 0.306371 -0.350520 -0.333262 0.212701 -0.495079 0.050043 -0.485316
11 -0.475660 -0.425626 0.467448 -0.242457 0.193694 0.065868 0.139184 0.182459 0.095887 -0.162916 0.033660 0.299661 -0.318259 -0.239070 0.234634 -0.483686 0.006293 -0.435601
15 -0.451049 -0.392541 0.449929 -0.236815 0.198066 0.108926 0.197451 0.153778 0.069787 -0.177464 0.067029 0.275904 -0.311146 -0.296611 0.222673 -0.482045 0.005631 -0.477807
4 -0.395654 -0.305095 0.396357 -0.149954 0.228385 0.049933 0.179544 0.224325 0.051536 -0.210883 0.108581 0.262607 -0.313369 -0.375741 0.190324 -0.478804 0.052880 -0.513499
1 -0.466523 -0.411598 0.463725 -0.244140 0.219198 0.054740 0.183312 0.204970 0.093034 -0.178603 0.041690 0.280532 -0.301258 -0.316862 0.178462 -0.488326 0.065085 -0.475169
16 -0.409676 -0.347683 0.415023 -0.199833 0.185538 0.070039 0.212171 0.173803 0.067317 -0.166131 0.044444 0.289870 -0.326206 -0.294128 0.225457 -0.487239 -0.002796 -0.494494
3 -0.392508 -0.297293 0.399086 -0.129839 0.220478 0.047866 0.229560 0.201151 0.005772 -0.205378 0.091577 0.220123 -0.360754 -0.432455 0.167011 -0.486354 0.077361 -0.524299
6 -0.282441 -0.223020 0.314334 -0.035037 0.223146 0.047200 0.234199 0.237880 0.002585 -0.216555 0.119450 0.181644 -0.335130 -0.509305 0.191589 -0.444607 0.054824 -0.559935
0 -0.439261 -0.394679 0.439756 -0.249520 0.181117 0.101857 0.193058 0.194743 0.058052 -0.189973 0.080273 0.287181 -0.316051 -0.341638 0.224826 -0.510818 0.074250 -0.490294
8 -0.420109 -0.391534 0.445835 -0.196890 0.178391 0.085780 0.218842 0.192911 0.062013 -0.153480 0.053905 0.289548 -0.343011 -0.321497 0.235382 -0.508062 0.032293 -0.489321
12 -0.498158 -0.453738 0.490299 -0.272774 0.165866 0.053639 0.152297 0.120527 0.053715 -0.107082 0.068087 0.337353 -0.347249 -0.259714 0.240485 -0.463967 -0.051532 -0.455184
9 -0.427193 -0.355551 0.397577 -0.196050 0.204206 0.068791 0.194577 0.193353 0.086745 -0.177895 0.073333 0.298647 -0.327325 -0.346581 0.196937 -0.485402 0.008769 -0.459369
5 -0.389401 -0.356651 0.367581 -0.174698 0.220424 0.052275 0.207337 0.153853 0.067587 -0.192505 0.088702 0.267410 -0.331509 -0.326844 0.193207 -0.469054 0.026882 -0.475406
7 -0.356409 -0.307591 0.368972 -0.135031 0.222946 0.078158 0.249141 0.250810 0.057449 -0.246471 0.092425 0.257845 -0.360081 -0.515296 0.216567 -0.513629 0.083432 -0.576562
17 -0.403526 -0.347727 0.404868 -0.159217 0.171747 0.039092 0.212408 0.204507 0.086704 -0.153003 0.081660 0.292350 -0.303009 -0.326523 0.173299 -0.441082 0.037837 -0.504803
13 -0.448017 -0.407712 0.490200 -0.244676 0.193475 0.061677 0.204949 0.169758 0.070174 -0.146160 0.047587 0.287006 -0.346241 -0.369066 0.249034 -0.519608 -0.016466 -0.529831
