18 18
1 -0.187289 -0.612598 0.178629 -0.460503 -0.192673 0.303474 0.067995 -0.035096 0.233114 0.092405 0.011687 0.394533 -0.159844 -0.109086 0.419680 -0.270739 0.058095 -0.048710
8 -0.191353 -0.619520 0.224999 -0.457967 -0.252106 0.356325 0.070913 -0.130224 0.188547 0.177297 -0.016940 0.350505 -0.191732 -0.003649 0.466839 -0.220806 0.036721 -0.031307
0 -0.210559 -0.651030 0.221619 -0.522754 -0.254999 0.404099 0.059465 -0.138434 0.195647 0.141583 0.033189 0.386270 -0.196114 -0.027318 0.505547 -0.249992 0.054479 -0.042754
10 -0.174533 -0.610822 0.143481 -0.457318 -0.193173 0.385986 0.090015 -0.085966 0.267345 0.073320 0.040733 0.416697 -0.207268 -0.056857 0.444647 -0.217333 0.044744 -0.019595
15 -0.220220 -0.622159 0.233062 -0.490060 -0.225227 0.385125 0.078859 -0.165147 0.201565 0.144755 0.006351 0.352551 -0.181286 0.009041 0.465132 -0.215062 0.002323 -0.052703
7 -0.137486 -0.613247 0.117193 -0.476164 -0.216491 0.375315 0.086754 -0.030026 0.263028 0.056887 0.036897 0.445917 -0.188108 -0.163254 0.476067 -0.277578 0.060998 -0.045480
2 -0.124707 -0.603531 0.179518 -0.462263 -0.166041 0.360059 0.109471 0.044312 0.168391 0.031194 0.055591 0.483590 -0.182988 -0.203939 0.437366 -0.368181 0.075237 -0.066075
12 -0.211161 -0.627856 0.191008 -0.485942 -0.240327 0.333452 0.048094 -0.132127 0.176463 0.149651 0.041135 0.407365 -0.185206 -0.039443 0.441701 -0.208560 0.008563 -0.026194
14 -0.210505 -0.630295 0.238294 -0.505893 -0.210809 0.379450 0.055342 -0.134213 0.188377 0.149203 -0.017760 0.393734 -0.203633 -0.036043 0.465120 -0.223358 0.045896 -0.045976
9 -0.204698 -0.622190 0.173167 -0.493411 -0.232287 0.368258 0.070324 -0.117687 0.246993 0.133598 0.010596 0.401518 -0.182958 -0.059809 0.458748 -0.232104 0.011912 -0.020087
3 -0.176137 -0.651068 0.217648 -0.482942 -0.147490 0.368224 0.131835 0.095470 0.182617 -0.007297 0.114136 0.533083 -0.237200 -0.295518 0.458131 -0.450320 0.139180 -0.127737
5 -0.148118 -0.597570 0.121353 -0.436250 -0.153061 0.335029 0.105014 -0.061539 0.234944 0.040651 0.069579 0.431925 -0.205715 -0.115661 0.438950 -0.290155 0.040263 -0.070319
16 -0.216700 -0.626375 0.256598 -0.498819 -0.258026 0.359107 0.082959 -0.155294 0.177379 0.184955 -0.025256 0.381992 -0.200477 0.021203 0.491104 -0.244369 -0.000047 -0.072568
6 -0.158191 -0.589359 0.169034 -0.419565 -0.196457 0.363742 0.090175 -0.044878 0.223541 0.086991 0.035458 0.384925 -0.187303 -0.096011 0.457075 -0.245329 0.037525 -0.062092
11 -0.192947 -0.611806 0.167918 -0.448917 -0.197388 0.338269 0.054125 -0.076360 0.248215 0.086020 0.008407 0.390046 -0.191592 -0.041315 0.466659 -0.245479 0.013772 -0.036279
4 -0.139272 -0.647184 0.186376 -0.481398 -0.118671 0.353559 0.110578 0.171724 0.219399 -0.045790 0.144996 0.598037 -0.205221 -0.335493 0.469965 -0.491736 0.140923 -0.141280
17 -0.173774 -0.597348 0.196880 -0.433863 -0.227016 0.319780 0.090959 -0.050162 0.230522 0.128403 0.023439 0.418810 -0.162741 -0.064530 0.421724 -0.237340 0.044832 -0.078913
13 -0.189295 -0.632200 0.234509 -0.514729 -0.245307 0.363781 0.079257 -0.151608 0.212186 0.173861 -0.012953 0.366272 -0.180525 -0.049439 0.479510 -0.235936 0.006514 -0.056422
