18 18
0 -0.105014 -0.508522 0.269405 -0.162126 -0.203598 0.107387 0.245121 0.416641 -0.018953 -0.063867 0.073272 0.279868 -0.127808 -0.344969 0.385731 -0.610641 -0.007869 -0.239430
7 -0.079625 -0.477085 0.230081 -0.136318 -0.182636 0.102296 0.246182 0.427618 0.028055 -0.082422 0.031323 0.279935 -0.131241 -0.371374 0.368491 -0.579865 -0.016722 -0.227644
11 -0.095839 -0.458989 0.236440 -0.075150 -0.108507 0.066557 0.216045 0.488941 0.005636 -0.136451 0.026573 0.274609 -0.161424 -0.335902 0.372737 -0.635464 -0.014992 -0.213125
13 -0.112007 -0.523488 0.319558 -0.189817 -0.231110 0.069933 0.268844 0.366017 -0.020805 0.005706 0.058519 0.280671 -0.113715 -0.356471 0.372080 -0.585231 -0.073226 -0.277691
12 -0.144247 -0.552216 0.302809 -0.194925 -0.257218 0.087788 0.246616 0.330494 -0.029798 0.021475 0.103039 0.332993 -0.137440 -0.305539 0.387053 -0.535137 -0.093224 -0.257567
2 -0.061151 -0.453029 0.235167 -0.102816 -0.134918 0.072314 0.255193 0.494106 -0.057275 -0.121325 0.026656 0.272740 -0.119988 -0.379303 0.333715 -0.658940 -0.012379 -0.204076
6 -0.070419 -0.464190 0.231580 -0.071982 -0.131200 0.092847 0.263712 0.490703 0.001473 -0.113126 0.047223 0.269924 -0.150089 -0.376628 0.366736 -0.620022 -0.013748 -0.233825
8 -0.081773 -0.485437 0.250554 -0.105345 -0.167947 0.099414 0.247324 0.430544 0.005087 -0.064243 0.022007 0.274099 -0.161838 -0.342429 0.369595 -0.592638 -0.005860 -0.203932
9 -0.088137 -0.468741 0.209057 -0.113774 -0.137629 0.093150 0.237057 0.477963 0.029647 -0.112522 0.036715 0.294829 -0.145718 -0.391819 0.347226 -0.621714 -0.017221 -0.182007
4 -0.094415 -0.436525 0.248694 -0.099492 -0.133333 0.045112 0.226942 0.466041 -0.021769 -0.103325 0.077143 0.278181 -0.112204 -0.350729 0.332141 -0.620972 -0.013136 -0.249504
16 -0.125079 -0.511300 0.303601 -0.158728 -0.216257 0.080711 0.280716 0.387251 -0.024876 -0.027254 0.060438 0.310290 -0.144432 -0.311641 0.391881 -0.610770 -0.074915 -0.286935
14 -0.122978 -0.520222 0.298989 -0.163492 -0.169311 0.105244 0.236295 0.409273 -0.019435 -0.042127 0.024474 0.302029 -0.156452 -0.355759 0.374661 -0.584238 -0.019026 -0.244003
17 -0.143793 -0.568868 0.331465 -0.172523 -0.277084 0.066669 0.302164 0.395442 -0.001401 0.019331 0.101050 0.345168 -0.116739 -0.319851 0.377982 -0.589730 -0.062557 -0.318769
1 -0.111188 -0.460548 0.245523 -0.110387 -0.114819 0.055394 0.224898 0.458600 0.007583 -0.106399 0.021469 0.245367 -0.119794 -0.353237 0.316212 -0.609354 0.013069 -0.211755
3 -0.116642 -0.457444 0.280782 -0.097770 -0.132077 0.060603 0.269306 0.469619 -0.059636 -0.113703 0.058680 0.250358 -0.160768 -0.389422 0.327394 -0.661342 0.015580 -0.252792
15 -0.143612 -0.526509 0.304568 -0.187307 -0.214387 0.113854 0.264732 0.335328 -0.010745 -0.022969 0.084596 0.294264 -0.121768 -0.299501 0.381270 -0.561347 -0.080998 -0.270474
10 -0.091360 -0.491782 0.241737 -0.121966 -0.152179 0.118483 0.262883 0.441343 0.018576 -0.104010 0.056199 0.303944 -0.161714 -0.335735 0.353780 -0.583876 -0.014633 -0.203557
5 -0.093018 -0.515135 0.239290 -0.115225 -0.132143 0.065238 0.292034 0.466668 -0.007679 -0.123286 0.072219 0.309959 -0.164469 -0.374255 0.381717 -0.698392 -0.026848 -0.267741
