18 18
15 -0.391984 -0.438838 0.309807 -0.206927 0.032425 -0.075873 0.264396 0.105914 0.360182 -0.026065 0.226675 0.435584 0.027804 -0.082505 0.124570 -0.368529 -0.240628 -0.540800
17 -0.364389 -0.415065 0.300811 -0.155485 0.001455 -0.117602 0.259820 0.156698 0.371881 -0.000801 0.213549 0.445131 0.034219 -0.073163 0.103498 -0.338439 -0.209558 -0.541688
3 -0.409236 -0.437440 0.329811 -0.189414 0.042709 -0.105579 0.289852 0.141864 0.357034 -0.038748 0.241372 0.438270 -0.008933 -0.139270 0.112843 -0.408257 -0.208309 -0.580789
5 -0.374348 -0.449798 0.269634 -0.187830 0.063813 -0.119655 0.273281 0.114713 0.392972 -0.052557 0.251987 0.462614 0.004937 -0.088578 0.132406 -0.397889 -0.243100 -0.561623
11 -0.396627 -0.437766 0.313159 -0.163684 0.045316 -0.125359 0.225260 0.178310 0.384713 -0.048009 0.217115 0.446362 0.013339 -0.067381 0.148065 -0.398562 -0.224217 -0.550960
4 -0.361831 -0.390673 0.286396 -0.156678 0.048853 -0.106659 0.222473 0.165276 0.360026 -0.042305 0.247092 0.446203 0.035675 -0.084699 0.119982 -0.371728 -0.211200 -0.543418
1 -0.392978 -0.446567 0.325350 -0.181334 0.032653 -0.123905 0.241706 0.174099 0.383613 -0.017596 0.202955 0.433849 0.041809 -0.081525 0.112650 -0.380557 -0.196662 -0.540447
8 -0.378890 -0.482092 0.311334 -0.155608 -0.001163 -0.067987 0.294100 0.174055 0.392746 -0.012110 0.247080 0.496695 0.001846 -0.060795 0.167905 -0.410415 -0.218107 -0.557238
6 -0.317991 -0.374962 0.263979 -0.120069 0.032767 -0.082678 0.254467 0.162163 0.335011 -0.030724 0.225099 0.419376 0.007572 -0.096845 0.132028 -0.350991 -0.223484 -0.530774
14 -0.385174 -0.447282 0.333952 -0.210930 0.043461 -0.100569 0.248168 0.132760 0.367974 0.002072 0.196699 0.478443 0.019188 -0.110146 0.128085 -0.372685 -0.223462 -0.578594
2 -0.337533 -0.416944 0.277458 -0.177113 0.026648 -0.093587 0.254664 0.160691 0.336254 -0.037818 0.220320 0.452657 0.033870 -0.095293 0.124826 -0.391987 -0.228769 -0.512025
16 -0.353149 -0.390533 0.288555 -0.156646 0.022722 -0.102334 0.260607 0.143325 0.350404 -0.024522 0.200217 0.439116 0.002638 -0.064890 0.145917 -0.380772 -0.237678 -0.553734
13 -0.340518 -0.407731 0.297703 -0.204398 0.026339 -0.106808 0.259223 0.114915 0.373745 -0.000446 0.212006 0.438433 0.039438 -0.134075 0.130046 -0.377719 -0.253277 -0.566942
9 -0.365820 -0.410974 0.256604 -0.186032 0.037209 -0.098958 0.256407 0.142538 0.390047 -0.036554 0.230120 0.458963 0.019414 -0.124921 0.114119 -0.376075 -0.244276 -0.517606
0 -0.355154 -0.427388 0.275034 -0.192367 0.000362 -0.068684 0.234827 0.131161 0.348164 -0.023553 0.243994 0.435731 0.026910 -0.065984 0.149917 -0.368453 -0.187997 -0.502725
7 -0.336389 -0.417777 0.272551 -0.179099 0.006305 -0.079126 0.266931 0.155199 0.396227 -0.026593 0.214511 0.461160 0.028973 -0.123288 0.148512 -0.372415 -0.219750 -0.562316
10 -0.352903 -0.425169 0.264556 -0.146627 0.040262 -0.058351 0.274452 0.158068 0.390376 -0.059299 0.256470 0.469940 -0.005232 -0.048680 0.125989 -0.354530 -0.212034 -0.505813
12 -0.375160 -0.421678 0.273756 -0.186281 0.015305 -0.104039 0.218253 0.109372 0.326090 -0.012527 0.239715 0.442204 0.013794 -0.063319 0.117661 -0.332567 -0.229863 -0.489361
