18 18
1 -0.216609 -0.494725 0.339806 -0.181211 -0.141790 -0.024081 0.207804 0.246201 0.427717 0.027111 0.088489 0.292718 -0.062075 -0.209849 0.423269 -0.405895 -0.258195 -0.458697
2 -0.179387 -0.466943 0.316687 -0.161138 -0.160148 0.022925 0.250865 0.235079 0.373841 0.007786 0.107959 0.307722 -0.081842 -0.211586 0.446012 -0.435903 -0.289240 -0.468171
8 -0.178642 -0.466179 0.317071 -0.130296 -0.164227 0.030961 0.246101 0.237854 0.399096 0.027723 0.102650 0.290684 -0.107390 -0.180900 0.444322 -0.407318 -0.235854 -0.449847
10 -0.203848 -0.469393 0.301474 -0.158044 -0.129571 0.052007 0.225883 0.158656 0.418283 0.006420 0.145215 0.324887 -0.134411 -0.112751 0.438678 -0.342909 -0.289790 -0.444784
11 -0.233378 -0.453696 0.323381 -0.163083 -0.133929 -0.000024 0.166050 0.165598 0.380596 0.010333 0.102575 0.285327 -0.127088 -0.124578 0.463044 -0.379123 -0.308576 -0.467878
3 -0.235321 -0.449558 0.349243 -0.169626 -0.149411 0.008159 0.217981 0.170488 0.363405 0.022093 0.116875 0.269158 -0.132361 -0.182197 0.433448 -0.391441 -0.263834 -0.491729
13 -0.197220 -0.445069 0.324568 -0.199839 -0.150537 -0.017927 0.166369 0.117133 0.368710 0.063133 0.079880 0.262146 -0.089210 -0.156525 0.445733 -0.347413 -0.337685 -0.458856
7 -0.168647 -0.446193 0.280634 -0.157902 -0.167356 0.037136 0.224403 0.217459 0.427404 0.010216 0.101621 0.293799 -0.087043 -0.197208 0.440305 -0.366811 -0.250827 -0.446786
17 -0.191552 -0.437907 0.297604 -0.124995 -0.162779 0.015444 0.229797 0.192516 0.413493 0.028956 0.134934 0.314532 -0.094912 -0.118820 0.410844 -0.339134 -0.266085 -0.469967
16 -0.201293 -0.440254 0.306743 -0.149494 -0.148145 0.028574 0.236014 0.179307 0.401450 0.017282 0.107825 0.314308 -0.121060 -0.122148 0.463841 -0.393463 -0.305459 -0.488536
4 -0.220045 -0.453094 0.343110 -0.163938 -0.145423 -0.007209 0.192882 0.236207 0.411574 0.008807 0.134231 0.309835 -0.084789 -0.195752 0.465058 -0.423359 -0.296129 -0.516077
0 -0.199861 -0.464549 0.301334 -0.182310 -0.164155 0.037431 0.207904 0.165129 0.376548 0.020241 0.138586 0.295389 -0.100300 -0.153749 0.458159 -0.382365 -0.261956 -0.458338
12 -0.246888 -0.458957 0.325273 -0.201208 -0.159113 -0.024414 0.136835 0.108522 0.342508 0.065859 0.126588 0.308055 -0.106226 -0.116984 0.443007 -0.331788 -0.342391 -0.458920
9 -0.212295 -0.468222 0.296791 -0.170085 -0.152321 0.013819 0.222444 0.215782 0.435111 0.018989 0.120737 0.324290 -0.097145 -0.199646 0.442412 -0.400520 -0.292541 -0.458536
6 -0.177757 -0.445758 0.299411 -0.118934 -0.136887 0.026132 0.237339 0.229580 0.393031 0.011232 0.121767 0.284053 -0.098131 -0.185324 0.434843 -0.382188 -0.266224 -0.466419
5 -0.199562 -0.477887 0.283747 -0.168592 -0.122871 -0.000514 0.222845 0.152254 0.422404 0.004237 0.130007 0.309781 -0.119165 -0.149112 0.454574 -0.390470 -0.304421 -0.482156
15 -0.204249 -0.426715 0.297257 -0.156182 -0.127340 0.054506 0.213513 0.139507 0.368370 0.008997 0.123158 0.270608 -0.101895 -0.115985 0.415594 -0.344861 -0.272481 -0.437143
14 -0.234316 -0.500067 0.366648 -0.209045 -0.147201 0.016090 0.186796 0.155426 0.388326 0.059139 0.087805 0.323051 -0.119938 -0.157866 0.475536 -0.379917 -0.304307 -0.496808
