18 18
1 -0.398341 -0.615295 0.372176 -0.313283 -0.108819 -0.011218 0.157290 0.243824 0.302732 0.011479 0.143614 0.297705 0.022490 -0.201825 0.281670 -0.420396 -0.072722 -0.412450
2 -0.372110 -0.619237 0.362147 -0.313409 -0.138021 0.004031 0.175867 0.254590 0.255545 0.019861 0.149732 0.335900 0.022318 -0.221376 0.294475 -0.433217 -0.107506 -0.403730
10 -0.366519 -0.593779 0.347659 -0.302146 -0.103678 0.056982 0.183315 0.195396 0.289121 0.004545 0.157571 0.306811 -0.013424 -0.165645 0.279305 -0.356169 -0.084889 -0.374957
0 -0.362716 -0.590394 0.338815 -0.313745 -0.151818 0.022173 0.157530 0.219914 0.271829 0.021534 0.168292 0.299685 0.016718 -0.197557 0.305971 -0.411313 -0.064982 -0.401109
6 -0.348030 -0.575345 0.336189 -0.254561 -0.116128 0.027038 0.169693 0.241975 0.265714 0.009623 0.151511 0.284445 -0.004190 -0.197697 0.299556 -0.388203 -0.087522 -0.401001
16 -0.398085 -0.605798 0.372171 -0.312290 -0.137602 -0.006050 0.191421 0.233420 0.297436 0.022990 0.147796 0.326781 0.002499 -0.185984 0.318232 -0.445282 -0.116947 -0.453996
15 -0.388060 -0.601173 0.369640 -0.315245 -0.120949 0.057541 0.188727 0.179447 0.265901 0.011408 0.159451 0.284869 0.005326 -0.175573 0.307621 -0.395321 -0.116977 -0.404070
13 -0.335133 -0.561312 0.356346 -0.311477 -0.127607 0.016924 0.172937 0.185328 0.268714 0.041898 0.121821 0.265416 0.018782 -0.209007 0.295088 -0.378991 -0.116506 -0.400054
4 -0.379364 -0.558580 0.353013 -0.288669 -0.098345 -0.014796 0.130995 0.254255 0.273615 -0.000343 0.173557 0.311546 0.021920 -0.208474 0.278919 -0.402705 -0.076638 -0.418838
8 -0.395289 -0.667197 0.401424 -0.322862 -0.150238 0.025931 0.195379 0.252048 0.299032 0.040967 0.144903 0.325956 -0.003526 -0.222737 0.338674 -0.451385 -0.082642 -0.433049
17 -0.370094 -0.578293 0.350806 -0.273152 -0.141307 -0.016220 0.171855 0.236274 0.291126 0.038160 0.157037 0.322971 0.016276 -0.175580 0.266595 -0.373630 -0.083879 -0.414493
12 -0.381351 -0.594882 0.342910 -0.308880 -0.137393 0.024897 0.145001 0.174658 0.249741 0.032481 0.168743 0.311718 -0.006724 -0.165869 0.301841 -0.361376 -0.117363 -0.380017
11 -0.367533 -0.593984 0.349097 -0.287990 -0.111094 0.031737 0.154786 0.229567 0.293694 -0.009475 0.136621 0.291420 -0.011605 -0.174761 0.329722 -0.413364 -0.102743 -0.395747
7 -0.365593 -0.619149 0.341741 -0.320208 -0.150686 0.048924 0.189339 0.229454 0.313410 0.008882 0.146801 0.316650 0.006623 -0.237011 0.337449 -0.420120 -0.087908 -0.432249
9 -0.364530 -0.547177 0.307552 -0.288324 -0.115148 -0.008766 0.146792 0.237802 0.296489 0.013701 0.148138 0.309795 0.012721 -0.209526 0.257859 -0.391279 -0.088778 -0.358576
3 -0.399241 -0.571358 0.363204 -0.285278 -0.115216 -0.018538 0.172634 0.236135 0.246438 0.003733 0.174227 0.292304 -0.016638 -0.223585 0.265015 -0.426267 -0.063542 -0.419629
5 -0.375462 -0.607089 0.324073 -0.300037 -0.103768 -0.013320 0.186878 0.210739 0.301196 -0.000460 0.176812 0.325958 -0.007203 -0.196442 0.299346 -0.436990 -0.099174 -0.431388
14 -0.402166 -0.627666 0.409434 -0.339220 -0.095823 0.044132 0.152486 0.208730 0.270289 0.033089 0.113022 0.310772 -0.013169 -0.203736 0.308754 -0.388083 -0.071407 -0.418303
