18 18
3 -0.423742 -0.520293 0.466620 -0.255931 0.044020 0.080802 0.292335 0.031406 0.112856 -0.096177 0.220085 0.184194 -0.199451 -0.168416 0.248502 -0.529175 0.033540 -0.492508
0 -0.337960 -0.534235 0.396863 -0.309301 -0.088647 0.136969 0.199304 -0.059308 0.168034 0.045465 0.135946 0.264421 -0.173231 -0.007963 0.396497 -0.410526 -0.093987 -0.413448
10 -0.308312 -0.554507 0.364222 -0.308629 -0.126003 0.191261 0.198018 -0.112601 0.237755 0.109815 0.084305 0.342589 -0.225386 0.107964 0.462556 -0.330562 -0.179365 -0.357142
15 -0.386031 -0.521514 0.436156 -0.280804 -0.001991 0.132275 0.262322 -0.030615 0.153475 -0.036899 0.175817 0.233609 -0.179281 -0.059441 0.332805 -0.467813 -0.069367 -0.471740
1 -0.427099 -0.582004 0.472387 -0.296197 0.010281 0.078728 0.264688 0.021180 0.182101 -0.034692 0.165173 0.243748 -0.185813 -0.095845 0.304611 -0.513917 -0.011293 -0.491472
5 -0.384651 -0.529080 0.394441 -0.246900 0.061280 0.088297 0.312717 0.005365 0.162286 -0.112889 0.243647 0.234764 -0.199542 -0.123977 0.280218 -0.532905 -0.018749 -0.500286
16 -0.316218 -0.504893 0.391774 -0.285291 -0.104633 0.128370 0.207336 -0.082768 0.187952 0.094385 0.066672 0.296730 -0.197095 0.062326 0.431069 -0.385992 -0.160109 -0.434439
9 -0.363798 -0.570512 0.383942 -0.321750 -0.088452 0.151324 0.215435 -0.055665 0.225549 0.058836 0.131413 0.324428 -0.192521 -0.011613 0.406903 -0.407649 -0.143894 -0.390709
2 -0.396274 -0.540284 0.457764 -0.271604 0.036408 0.091677 0.308522 0.056691 0.114657 -0.102960 0.214854 0.230077 -0.171061 -0.170715 0.271741 -0.567617 -0.012428 -0.501324
12 -0.346764 -0.537567 0.394281 -0.307135 -0.098651 0.121467 0.173829 -0.091177 0.158502 0.086903 0.113133 0.292466 -0.188483 0.035439 0.396774 -0.360297 -0.143089 -0.391520
13 -0.281743 -0.551921 0.394760 -0.342572 -0.171222 0.169031 0.177417 -0.146712 0.227708 0.176860 0.027847 0.305543 -0.193271 0.086171 0.502228 -0.326701 -0.227457 -0.368382
8 -0.305540 -0.546343 0.399060 -0.283087 -0.134393 0.157983 0.187720 -0.085846 0.194243 0.131486 0.049052 0.293553 -0.218027 0.079478 0.461741 -0.364243 -0.142923 -0.382713
11 -0.356957 -0.576823 0.415847 -0.306449 -0.100451 0.143892 0.178712 -0.076470 0.222458 0.081632 0.076125 0.310705 -0.217740 0.074361 0.477473 -0.399622 -0.172457 -0.416906
4 -0.415769 -0.486972 0.453140 -0.227063 0.095954 0.059717 0.295335 0.089124 0.136123 -0.151738 0.264130 0.209221 -0.169729 -0.185504 0.237770 -0.577562 0.036606 -0.541715
7 -0.347254 -0.526032 0.402461 -0.280648 -0.026244 0.124851 0.262887 0.003819 0.173397 -0.040839 0.158767 0.234847 -0.174023 -0.118930 0.327343 -0.461258 -0.035313 -0.445164
14 -0.334744 -0.534471 0.415427 -0.307875 -0.074342 0.135072 0.178879 -0.073216 0.160317 0.087241 0.065718 0.281874 -0.187575 0.017135 0.388342 -0.367212 -0.105491 -0.395885
17 -0.344657 -0.517012 0.407235 -0.255468 -0.072950 0.093121 0.238490 -0.018878 0.184861 0.040766 0.140058 0.277356 -0.165056 -0.014408 0.330598 -0.400795 -0.082272 -0.449092
6 -0.390726 -0.537879 0.443452 -0.242678 0.026091 0.110125 0.288259 0.034429 0.141277 -0.069132 0.213127 0.220573 -0.188274 -0.128411 0.305237 -0.498997 -0.027695 -0.487685
