18 18
7 -0.164722 -0.455359 0.230770 -0.261154 -0.149957 0.116825 0.239383 0.296796 0.468843 -0.102404 0.131204 0.264557 -0.041445 -0.393172 0.414984 -0.442356 0.038634 -0.494176
2 -0.205725 -0.350060 0.246496 -0.214263 0.076209 -0.019707 0.184681 0.257794 0.273363 -0.206401 0.220984 0.224736 -0.048861 -0.377836 0.270457 -0.562592 0.075839 -0.554974
13 -0.198862 -0.370020 0.266362 -0.232159 0.047770 -0.001323 0.193002 0.222019 0.337969 -0.154097 0.184607 0.204820 -0.051471 -0.371394 0.315907 -0.529032 0.037611 -0.568451
6 -0.190227 -0.416715 0.259292 -0.208489 -0.046655 0.067541 0.228152 0.282183 0.390710 -0.128915 0.183180 0.243075 -0.061351 -0.364501 0.373984 -0.479193 0.033643 -0.547209
1 -0.249120 -0.384961 0.286625 -0.230903 0.092816 -0.032536 0.175827 0.245914 0.325662 -0.185656 0.191959 0.210264 -0.051713 -0.363089 0.281441 -0.555887 0.075459 -0.578681
8 -0.189578 -0.434735 0.265318 -0.217604 -0.079633 0.081248 0.228021 0.262647 0.381848 -0.095934 0.143679 0.243887 -0.073139 -0.337628 0.375164 -0.471443 0.052650 -0.498147
0 -0.204628 -0.396984 0.251872 -0.246572 -0.033203 0.053568 0.192267 0.248603 0.358986 -0.147675 0.201457 0.232216 -0.048350 -0.349169 0.353449 -0.499325 0.074938 -0.536905
3 -0.261594 -0.308726 0.276176 -0.178207 0.180266 -0.067887 0.174305 0.229679 0.220063 -0.260615 0.273325 0.181443 -0.103305 -0.382539 0.221021 -0.605188 0.137997 -0.622299
17 -0.192654 -0.425861 0.248838 -0.215657 -0.106794 0.060291 0.234112 0.276870 0.434480 -0.095828 0.175374 0.283752 -0.038093 -0.322299 0.355739 -0.428949 0.032746 -0.527931
14 -0.213552 -0.370938 0.265599 -0.227266 0.054153 0.016626 0.166401 0.223387 0.301788 -0.155025 0.169209 0.230495 -0.068715 -0.342785 0.300466 -0.494080 0.071122 -0.537416
10 -0.219475 -0.391857 0.254122 -0.221976 0.045176 0.038007 0.209265 0.240500 0.358387 -0.187085 0.209064 0.244767 -0.077170 -0.336793 0.299148 -0.497882 0.073040 -0.534575
4 -0.239562 -0.261335 0.242556 -0.161652 0.245066 -0.110132 0.117864 0.264085 0.236305 -0.308391 0.327471 0.206743 -0.066928 -0.396708 0.229670 -0.649471 0.134544 -0.671191
16 -0.208796 -0.428236 0.275188 -0.247169 -0.071513 0.067985 0.250785 0.277172 0.416095 -0.131758 0.160563 0.266917 -0.066900 -0.349206 0.403218 -0.518403 0.018421 -0.578306
5 -0.210526 -0.365703 0.209856 -0.187594 0.132909 -0.027972 0.201192 0.208996 0.318048 -0.238171 0.261195 0.234138 -0.101983 -0.348850 0.300340 -0.580574 0.069609 -0.598105
11 -0.233315 -0.441175 0.275317 -0.231874 -0.024941 0.044413 0.199552 0.299667 0.410507 -0.167172 0.184981 0.265657 -0.072688 -0.352862 0.391467 -0.532403 0.038260 -0.560035
15 -0.237829 -0.384890 0.276237 -0.229653 0.049567 0.042109 0.202569 0.204760 0.314558 -0.179184 0.210785 0.223356 -0.066791 -0.322005 0.321248 -0.522463 0.036355 -0.562145
12 -0.236216 -0.468348 0.267743 -0.265852 -0.078778 0.056957 0.215540 0.267722 0.409972 -0.123102 0.217588 0.298406 -0.065359 -0.375567 0.388381 -0.492342 0.025431 -0.552742
9 -0.188925 -0.398953 0.219381 -0.231492 -0.071185 0.064929 0.205904 0.281450 0.421912 -0.113700 0.159729 0.264543 -0.042923 -0.372945 0.349412 -0.458854 0.025119 -0.481366
