18 18
3 -0.398343 -0.480816 0.422060 -0.309151 0.110620 0.142379 0.065864 0.103407 -0.004447 -0.068000 0.192676 0.318998 -0.260857 -0.234677 0.259534 -0.433053 0.154718 -0.346250
10 -0.419559 -0.554959 0.427219 -0.350158 0.100248 0.196964 0.076270 0.107139 0.068734 -0.063480 0.209380 0.396672 -0.262571 -0.191019 0.286646 -0.410550 0.153488 -0.336043
15 -0.423053 -0.524754 0.433502 -0.336953 0.088933 0.171287 0.076848 0.071175 0.042570 -0.043710 0.190768 0.346508 -0.236974 -0.180415 0.290641 -0.411391 0.104979 -0.366447
6 -0.337623 -0.616427 0.463788 -0.308587 0.039660 0.241963 0.103510 0.194815 0.004514 0.015225 0.141062 0.323867 -0.226643 -0.330506 0.339805 -0.400806 0.216648 -0.345361
11 -0.404813 -0.479569 0.397398 -0.280841 0.114975 0.114780 0.044996 0.099609 0.056242 -0.077057 0.181861 0.348174 -0.266632 -0.147289 0.298189 -0.433848 0.087459 -0.351726
1 -0.359972 -0.539490 0.435726 -0.314581 0.067336 0.154042 0.060528 0.167066 0.024886 -0.011283 0.120749 0.299576 -0.193218 -0.260394 0.263433 -0.391594 0.199253 -0.313106
14 -0.388718 -0.548053 0.456366 -0.353419 0.094072 0.170702 0.051594 0.112757 0.008087 -0.017385 0.135312 0.346138 -0.233779 -0.240641 0.286705 -0.404874 0.164930 -0.336057
0 -0.365408 -0.536307 0.409113 -0.342808 0.040916 0.189343 0.050543 0.112686 0.018293 -0.015171 0.168090 0.321770 -0.199277 -0.212864 0.288685 -0.375196 0.174911 -0.300294
16 -0.386563 -0.460439 0.386204 -0.302587 0.093545 0.135633 0.072486 0.087735 0.045760 -0.052614 0.178806 0.371280 -0.260044 -0.154566 0.294611 -0.420305 0.089224 -0.365257
13 -0.344150 -0.477142 0.417464 -0.321919 0.081618 0.119860 0.067882 0.082962 0.023862 -0.016344 0.138649 0.301431 -0.212802 -0.226743 0.274916 -0.406154 0.091411 -0.337013
8 -0.336242 -0.566452 0.435623 -0.307484 0.048261 0.194425 0.082292 0.153010 0.001501 0.000199 0.139938 0.323047 -0.233278 -0.268189 0.312248 -0.415260 0.204697 -0.320345
12 -0.402972 -0.480456 0.392952 -0.323407 0.085343 0.107195 0.033305 0.057214 0.014399 -0.028262 0.189244 0.353581 -0.233106 -0.163711 0.252227 -0.375566 0.073029 -0.311318
17 -0.408857 -0.542685 0.444585 -0.316101 0.066715 0.146990 0.084722 0.122535 0.058252 -0.023172 0.200471 0.388359 -0.239971 -0.199190 0.284496 -0.411079 0.144072 -0.392027
9 -0.425515 -0.534691 0.411748 -0.349115 0.089258 0.154364 0.058377 0.113935 0.065269 -0.034324 0.175806 0.388661 -0.245918 -0.232641 0.278493 -0.430655 0.115377 -0.324708
2 -0.343826 -0.549880 0.434877 -0.336480 0.071902 0.173941 0.082557 0.163874 -0.014812 -0.035378 0.141389 0.348036 -0.215790 -0.284061 0.295272 -0.453457 0.156820 -0.320820
4 -0.402509 -0.473235 0.411715 -0.310893 0.142935 0.106717 0.034781 0.121972 0.044105 -0.096988 0.249197 0.376972 -0.233847 -0.208963 0.278993 -0.452800 0.117132 -0.398113
7 -0.343107 -0.618434 0.459342 -0.356253 0.024431 0.229505 0.085146 0.178408 0.026078 0.002825 0.124577 0.333498 -0.218173 -0.341863 0.354810 -0.417278 0.218882 -0.349222
5 -0.400405 -0.500721 0.368852 -0.312689 0.138360 0.102403 0.081394 0.051128 0.076119 -0.092010 0.243844 0.385902 -0.262263 -0.158492 0.283219 -0.448432 0.080272 -0.398782
