18 18
1 -0.323444 -0.427286 0.114029 -0.163094 0.008841 0.026319 0.176428 0.143362 0.355546 -0.164563 0.466757 0.451201 -0.244639 -0.237944 0.288194 -0.391983 0.000423 -0.443393
8 -0.330347 -0.420805 0.172149 -0.148175 -0.016612 0.045000 0.171442 0.102994 0.295370 -0.116026 0.429255 0.418341 -0.281273 -0.174739 0.344704 -0.401971 -0.022642 -0.451266
3 -0.321153 -0.375658 0.119140 -0.134246 0.018838 0.027717 0.165700 0.127090 0.272613 -0.178490 0.496335 0.404622 -0.289123 -0.261701 0.278461 -0.398427 -0.004473 -0.435379
10 -0.269372 -0.392159 0.044958 -0.118552 0.019402 0.096013 0.225556 0.132100 0.372820 -0.213956 0.529293 0.470939 -0.283326 -0.218752 0.284347 -0.352587 0.001746 -0.422886
0 -0.327109 -0.386656 0.157482 -0.170666 -0.029237 0.057032 0.136007 0.084960 0.274773 -0.127031 0.443085 0.400191 -0.239233 -0.154257 0.324819 -0.362877 0.008525 -0.435650
14 -0.358363 -0.398867 0.210161 -0.183844 0.012120 0.030770 0.115382 0.075096 0.257980 -0.102709 0.390983 0.405366 -0.260746 -0.163312 0.316846 -0.359572 -0.017735 -0.449095
11 -0.342887 -0.408758 0.158919 -0.139911 0.013189 0.012898 0.126194 0.128513 0.312718 -0.151992 0.427323 0.417740 -0.275964 -0.176730 0.338287 -0.398119 -0.030696 -0.443384
13 -0.313252 -0.403670 0.154402 -0.176250 -0.005626 0.017999 0.156641 0.096208 0.314130 -0.123583 0.442552 0.417887 -0.256248 -0.223476 0.331567 -0.401304 -0.057264 -0.464102
15 -0.336372 -0.390844 0.162594 -0.159820 0.000723 0.092332 0.203437 0.066827 0.308229 -0.156172 0.453354 0.407993 -0.246537 -0.134937 0.318894 -0.369681 -0.036923 -0.468261
9 -0.302564 -0.379387 0.070631 -0.144330 -0.004738 0.049361 0.161212 0.134693 0.337475 -0.161582 0.462660 0.449844 -0.242096 -0.238016 0.278493 -0.357741 -0.021410 -0.389579
12 -0.344656 -0.417806 0.118131 -0.162551 -0.003366 0.013194 0.141013 0.096855 0.285546 -0.140871 0.503023 0.462207 -0.281141 -0.218311 0.305595 -0.379397 -0.064082 -0.432448
6 -0.246581 -0.379926 0.051098 -0.086316 0.011634 0.078304 0.224022 0.151774 0.328572 -0.192392 0.504047 0.428594 -0.270094 -0.246832 0.296967 -0.369150 -0.023456 -0.431010
7 -0.243291 -0.372800 0.042667 -0.125456 -0.022164 0.082142 0.194926 0.133060 0.341319 -0.175744 0.460018 0.431335 -0.246781 -0.247647 0.298804 -0.345430 -0.002317 -0.412640
16 -0.334556 -0.379391 0.166370 -0.150966 -0.017188 0.063434 0.196055 0.099692 0.306624 -0.145276 0.444307 0.436550 -0.268508 -0.148213 0.344830 -0.395736 -0.035380 -0.503594
4 -0.281682 -0.339194 0.098238 -0.117526 0.022966 0.026713 0.143583 0.144511 0.305016 -0.175690 0.476579 0.421343 -0.231936 -0.210571 0.280346 -0.366166 -0.013811 -0.434828
2 -0.279135 -0.401429 0.091072 -0.144374 -0.002096 0.060638 0.194854 0.142429 0.306668 -0.178293 0.480647 0.458552 -0.258484 -0.240567 0.307247 -0.403760 -0.033251 -0.432532
17 -0.321006 -0.388812 0.156950 -0.132981 -0.035466 0.038186 0.187626 0.111309 0.325889 -0.114423 0.445000 0.441658 -0.234294 -0.150791 0.294104 -0.341666 -0.009244 -0.474079
5 -0.278505 -0.394885 0.069832 -0.130675 0.021529 0.042415 0.197452 0.091695 0.335407 -0.175416 0.468468 0.441576 -0.266158 -0.189740 0.305623 -0.381247 -0.029666 -0.440642
