18 18
8 -0.190127 -0.555661 0.260603 -0.297584 -0.135852 0.053024 0.247451 0.037628 0.448683 0.137381 0.061646 0.401069 -0.227006 -0.353054 0.342634 -0.232288 -0.035424 -0.465332
6 -0.188885 -0.555408 0.271551 -0.284380 -0.127710 0.036444 0.249905 0.067586 0.464666 0.139932 0.074819 0.413634 -0.205442 -0.377600 0.333959 -0.214185 -0.054086 -0.503666
13 -0.145893 -0.505362 0.249433 -0.289701 -0.123465 0.039044 0.264707 0.013780 0.437759 0.130997 0.067916 0.369817 -0.192059 -0.359361 0.326102 -0.214759 -0.087726 -0.486561
5 -0.148651 -0.512772 0.203487 -0.247789 -0.094615 0.037070 0.274515 0.011372 0.438928 0.096838 0.093434 0.394563 -0.219166 -0.312717 0.318542 -0.218300 -0.078050 -0.473647
16 -0.161559 -0.473669 0.233358 -0.264078 -0.114557 0.059254 0.272320 0.000386 0.395091 0.102522 0.057344 0.365536 -0.226774 -0.294747 0.339330 -0.230152 -0.094574 -0.478094
11 -0.223999 -0.523126 0.252660 -0.290665 -0.085744 0.018821 0.180120 0.052737 0.442052 0.091018 0.053363 0.386946 -0.215667 -0.316094 0.328896 -0.228362 -0.049950 -0.443936
1 -0.298462 -0.618544 0.289265 -0.403045 -0.112069 -0.016954 0.136418 0.088612 0.521876 0.136034 0.030343 0.436241 -0.167373 -0.393675 0.291377 -0.232379 0.032038 -0.439338
17 -0.147060 -0.513061 0.253151 -0.226798 -0.157044 0.011520 0.283302 0.062284 0.459512 0.157872 0.088552 0.413710 -0.174401 -0.319547 0.292788 -0.177030 -0.068512 -0.514404
7 -0.132922 -0.487427 0.205724 -0.265581 -0.132633 0.069022 0.260143 0.025319 0.427744 0.103136 0.059479 0.366075 -0.199804 -0.346231 0.322990 -0.196690 -0.062300 -0.448056
12 -0.197377 -0.519365 0.243132 -0.292706 -0.127017 0.023863 0.220062 0.004124 0.404082 0.135094 0.100489 0.408786 -0.209023 -0.316028 0.309607 -0.187865 -0.081596 -0.454813
4 -0.165055 -0.503669 0.250639 -0.260115 -0.115961 0.022161 0.248597 0.065280 0.454228 0.113347 0.105286 0.416410 -0.192520 -0.353627 0.325295 -0.224560 -0.066740 -0.517118
10 -0.166217 -0.510523 0.226991 -0.273952 -0.099445 0.080086 0.269960 0.015721 0.441827 0.088928 0.085961 0.396818 -0.232417 -0.310540 0.314799 -0.196490 -0.063989 -0.448182
3 -0.169797 -0.475213 0.255761 -0.247015 -0.106762 0.052741 0.283913 0.019009 0.375160 0.097904 0.084351 0.347856 -0.237468 -0.348652 0.304880 -0.227853 -0.053584 -0.486569
14 -0.251782 -0.581113 0.291588 -0.363367 -0.106526 0.015090 0.154116 0.063842 0.471526 0.154449 0.026147 0.442954 -0.185824 -0.370112 0.302764 -0.198801 0.010370 -0.451934
2 -0.128958 -0.498434 0.227772 -0.266594 -0.134189 0.049718 0.270291 0.043446 0.391407 0.116947 0.068115 0.391322 -0.181720 -0.342009 0.310035 -0.223142 -0.087621 -0.449346
15 -0.166770 -0.495570 0.244914 -0.271264 -0.113204 0.086486 0.284667 -0.005767 0.402943 0.096793 0.088217 0.360104 -0.203013 -0.309979 0.328164 -0.217890 -0.100059 -0.475622
9 -0.258467 -0.567496 0.245367 -0.363482 -0.117890 0.019803 0.170069 0.068626 0.511232 0.127812 0.058359 0.459498 -0.195571 -0.392802 0.310672 -0.222399 -0.021924 -0.438872
0 -0.226724 -0.564406 0.250468 -0.359243 -0.137865 0.045572 0.184861 0.034167 0.461006 0.124172 0.083368 0.419084 -0.194472 -0.353825 0.338043 -0.222737 -0.004988 -0.453495
