18 18
7 -0.236727 -0.611639 0.149294 -0.420195 0.015873 0.052159 0.154434 -0.016231 0.393264 -0.001217 -0.074084 0.306111 -0.166188 -0.334442 0.395990 -0.338568 -0.037510 -0.395509
14 -0.393809 -0.704566 0.253638 -0.525683 0.046205 0.047896 -0.016893 0.015565 0.367047 0.026663 -0.092526 0.343403 -0.154312 -0.273358 0.277530 -0.240693 0.060242 -0.210693
1 -0.419269 -0.718417 0.252172 -0.541882 0.051698 0.005755 -0.005531 0.048779 0.417276 -0.000165 -0.080350 0.327317 -0.116361 -0.299334 0.246967 -0.274390 0.068275 -0.214707
6 -0.126244 -0.590643 0.087470 -0.281407 0.059247 0.036657 0.331477 -0.050274 0.432805 0.000758 -0.036650 0.342187 -0.267647 -0.327800 0.564047 -0.449555 -0.155546 -0.655237
2 -0.274241 -0.650558 0.199774 -0.462217 0.018232 0.034904 0.104358 0.021613 0.339428 0.008629 -0.095595 0.312345 -0.135931 -0.327313 0.346979 -0.352341 -0.018057 -0.311794
0 -0.348731 -0.762787 0.229766 -0.545606 -0.011998 0.072154 0.063262 0.010158 0.392065 0.022473 -0.067546 0.351072 -0.171123 -0.338391 0.423101 -0.361983 0.032097 -0.331003
13 -0.260574 -0.636375 0.195103 -0.453406 0.020437 0.031843 0.119286 -0.023223 0.374796 0.025057 -0.086048 0.285412 -0.151512 -0.324568 0.374193 -0.333263 -0.037848 -0.357469
10 -0.357959 -0.680178 0.198860 -0.482925 0.044868 0.072005 0.038210 0.015063 0.406593 -0.008093 -0.049787 0.363876 -0.178006 -0.251790 0.295694 -0.242559 0.034181 -0.222677
9 -0.380081 -0.692481 0.194389 -0.504339 0.030368 0.044223 0.010118 0.042470 0.416676 0.011166 -0.069649 0.377110 -0.156826 -0.301238 0.304839 -0.277564 0.020905 -0.219022
11 -0.376233 -0.692415 0.217872 -0.470089 0.031593 0.035463 -0.022297 0.057760 0.378433 -0.007432 -0.072132 0.334856 -0.157823 -0.243078 0.315523 -0.270645 0.038162 -0.206287
12 -0.330668 -0.650889 0.181916 -0.450091 0.023971 0.024179 0.056638 -0.019813 0.361835 0.025772 -0.035029 0.351491 -0.169335 -0.257803 0.330486 -0.268076 -0.029279 -0.291994
15 -0.435457 -0.787037 0.290071 -0.599832 0.024199 0.083020 0.025639 -0.003100 0.383642 0.004617 -0.076649 0.336350 -0.146303 -0.325437 0.335801 -0.323770 0.029703 -0.248916
3 -0.409391 -0.739378 0.277184 -0.544722 0.037660 0.046882 0.050440 0.015472 0.365962 0.002199 -0.074162 0.321247 -0.179865 -0.346635 0.316429 -0.331970 0.056429 -0.281023
5 -0.200875 -0.676656 0.097710 -0.389106 0.073647 0.020968 0.290118 -0.065161 0.488339 -0.018465 -0.041999 0.388734 -0.259546 -0.341706 0.534598 -0.469658 -0.120087 -0.603768
16 -0.180678 -0.546535 0.115350 -0.325681 0.041353 0.025651 0.237215 -0.042669 0.393235 0.009911 -0.072564 0.332740 -0.221656 -0.263969 0.461352 -0.382123 -0.120635 -0.515329
8 -0.350420 -0.724228 0.241568 -0.490212 0.000354 0.055464 0.031943 0.032368 0.367473 0.039675 -0.097751 0.327131 -0.168119 -0.286648 0.345794 -0.302784 0.047704 -0.240718
17 -0.002915 -0.006397 0.005624 0.018021 -0.026928 -0.018564 0.015689 0.014203 0.025956 0.022864 0.010492 0.027524 0.013101 0.016295 -0.014503 0.021066 0.000664 -0.026546
4 -0.000863 0.026536 0.000487 0.011658 0.016931 -0.018308 -0.024615 0.027506 0.003913 -0.015616 0.024595 0.006644 0.019102 -0.007194 -0.007301 -0.006238 0.005807 -0.017039
