18 18
7 -0.307247 -0.469555 0.327696 -0.278887 -0.004998 -0.062548 0.131477 0.194974 0.451079 0.030197 0.023122 0.279455 -0.131588 -0.265346 0.239905 -0.359854 0.099031 -0.425593
8 -0.402058 -0.578215 0.433327 -0.340386 -0.038737 -0.056952 0.097911 0.203458 0.472777 0.099772 -0.040515 0.321442 -0.150439 -0.196311 0.247855 -0.358366 0.127500 -0.367394
2 -0.283400 -0.484228 0.339167 -0.223652 0.027789 -0.165837 0.154411 0.331725 0.428821 0.017894 0.072665 0.275340 -0.100127 -0.392421 0.190036 -0.465590 0.164310 -0.469021
1 -0.316657 -0.469003 0.346563 -0.241464 0.035340 -0.147419 0.110865 0.267155 0.416937 0.025837 0.030757 0.222365 -0.082379 -0.300695 0.155769 -0.386405 0.165237 -0.400037
12 -0.445885 -0.555023 0.406380 -0.399034 -0.016046 -0.005828 0.098033 0.030582 0.434472 0.081701 0.040027 0.400676 -0.204382 -0.104808 0.288505 -0.292328 -0.039029 -0.416422
0 -0.348507 -0.504766 0.370113 -0.303028 -0.021476 -0.087782 0.090132 0.233744 0.423216 0.050746 0.051660 0.269452 -0.100791 -0.274577 0.221814 -0.389433 0.161446 -0.411142
10 -0.365377 -0.518912 0.364528 -0.311947 0.007762 -0.026119 0.132869 0.162321 0.479716 0.038436 0.026144 0.335764 -0.164541 -0.178371 0.223754 -0.310971 0.069548 -0.373857
4 -0.251734 -0.364621 0.283534 -0.157326 0.084596 -0.172696 0.135608 0.289832 0.389741 -0.028818 0.143174 0.228144 -0.102212 -0.374293 0.180143 -0.438372 0.132729 -0.511769
6 -0.246279 -0.414217 0.297143 -0.148177 0.068947 -0.157407 0.167326 0.305836 0.399968 -0.009147 0.124004 0.213788 -0.124554 -0.399116 0.203529 -0.453430 0.156936 -0.527249
11 -0.472504 -0.607975 0.459758 -0.385654 0.003612 -0.042437 0.095335 0.170353 0.517845 0.047462 -0.015243 0.366167 -0.187961 -0.167143 0.300590 -0.389138 0.056258 -0.438517
15 -0.434506 -0.555789 0.431727 -0.371881 0.017052 0.000229 0.138543 0.099837 0.451008 0.037772 0.024149 0.324085 -0.176845 -0.161303 0.278300 -0.364934 0.030370 -0.444129
3 -0.306435 -0.433690 0.343923 -0.198955 0.051276 -0.156023 0.161608 0.275242 0.384066 -0.000724 0.102574 0.218098 -0.144715 -0.384100 0.184002 -0.450302 0.174085 -0.497621
5 -0.222627 -0.410775 0.244182 -0.140559 0.095466 -0.196035 0.191124 0.274960 0.409661 -0.038742 0.160085 0.226596 -0.130027 -0.396480 0.197916 -0.496076 0.149229 -0.551925
13 -0.323118 -0.480379 0.363442 -0.298013 0.022830 -0.087201 0.143929 0.169747 0.445439 0.042382 0.033742 0.275102 -0.136950 -0.272013 0.236124 -0.378679 0.054112 -0.450719
9 -0.386945 -0.518763 0.367241 -0.325278 -0.013168 -0.058041 0.102187 0.204984 0.484839 0.059373 0.007589 0.341913 -0.139355 -0.240068 0.224184 -0.350347 0.077730 -0.373793
14 -0.447120 -0.580465 0.458484 -0.400907 0.006498 -0.019488 0.090670 0.119181 0.453862 0.078970 -0.022092 0.359802 -0.182609 -0.165387 0.266222 -0.332604 0.072617 -0.412183
16 -0.410533 -0.509503 0.404278 -0.356947 -0.000538 -0.010569 0.129424 0.065195 0.427763 0.057188 -0.019890 0.338872 -0.195665 -0.083574 0.284573 -0.328030 -0.009655 -0.411471
17 -0.326113 -0.467863 0.351761 -0.239130 -0.010961 -0.115683 0.134332 0.226107 0.442180 0.062209 0.041808 0.297699 -0.115288 -0.240207 0.192556 -0.347753 0.103694 -0.435876
