18 18
14 -0.159189 -0.466597 0.385064 -0.419654 -0.097322 0.236600 0.147172 0.012304 0.093888 0.086701 -0.037637 0.311638 -0.137297 -0.337253 0.472609 -0.346111 -0.081405 -0.469678
13 -0.118915 -0.430189 0.369986 -0.397471 -0.137510 0.181778 0.163444 0.041360 0.139778 0.107129 -0.040707 0.298994 -0.084814 -0.361664 0.452619 -0.339608 -0.116557 -0.478780
11 -0.167119 -0.453040 0.389068 -0.370614 -0.125887 0.170082 0.130758 0.107999 0.159955 0.065355 -0.028148 0.313892 -0.109535 -0.344709 0.474965 -0.370187 -0.084074 -0.488536
15 -0.168791 -0.460176 0.369047 -0.414454 -0.093696 0.252126 0.171462 -0.005822 0.101151 0.063172 -0.014057 0.297563 -0.118268 -0.316261 0.465144 -0.352769 -0.122754 -0.462630
8 -0.146841 -0.471807 0.387589 -0.384153 -0.151320 0.218003 0.194845 0.050575 0.094340 0.091637 -0.024583 0.275220 -0.150751 -0.394535 0.481509 -0.395629 -0.033301 -0.482775
5 -0.134841 -0.462764 0.328564 -0.381352 -0.101588 0.195861 0.190439 0.014232 0.136023 0.058107 0.011321 0.313429 -0.142624 -0.344764 0.471331 -0.376979 -0.088495 -0.496751
6 -0.132006 -0.461529 0.373281 -0.374817 -0.119109 0.220720 0.183424 0.049852 0.117155 0.091714 -0.011015 0.314273 -0.123323 -0.361708 0.484288 -0.352744 -0.112838 -0.505810
1 -0.171165 -0.457266 0.394221 -0.381280 -0.117165 0.147986 0.157007 0.093053 0.154335 0.083452 -0.036096 0.291849 -0.089601 -0.364665 0.422275 -0.361617 -0.055235 -0.498398
0 -0.140752 -0.432327 0.358775 -0.385131 -0.155356 0.189462 0.149107 0.056880 0.108438 0.080658 0.000481 0.267900 -0.099798 -0.357022 0.447282 -0.350564 -0.035336 -0.463092
16 -0.143079 -0.433227 0.364489 -0.381288 -0.122925 0.205456 0.176875 0.029781 0.119769 0.091857 -0.039238 0.322263 -0.120957 -0.309610 0.473009 -0.350473 -0.128860 -0.498607
4 -0.154396 -0.429579 0.401182 -0.382403 -0.124730 0.158057 0.131842 0.118099 0.158816 0.082855 -0.009101 0.334643 -0.074981 -0.377880 0.463975 -0.370009 -0.085838 -0.543117
3 -0.166651 -0.434486 0.387786 -0.378117 -0.127698 0.200078 0.199731 0.027755 0.060680 0.066944 -0.001100 0.238743 -0.161780 -0.414684 0.435560 -0.382670 -0.020497 -0.489093
7 -0.120076 -0.427206 0.347700 -0.380096 -0.167285 0.201947 0.178967 0.060755 0.117355 0.073232 -0.042167 0.254534 -0.113983 -0.409371 0.442871 -0.348275 -0.023064 -0.457086
17 -0.146283 -0.428779 0.378594 -0.353972 -0.160733 0.148831 0.164650 0.096915 0.174230 0.115359 -0.014650 0.340160 -0.072594 -0.330492 0.421733 -0.313838 -0.091654 -0.513920
2 -0.125207 -0.445963 0.355337 -0.397655 -0.116601 0.212744 0.170095 0.040829 0.083137 0.079657 -0.027412 0.320489 -0.098335 -0.342414 0.443962 -0.357972 -0.115329 -0.449283
9 -0.146388 -0.443610 0.325364 -0.398134 -0.110283 0.227307 0.170182 0.024909 0.126768 0.078136 -0.005326 0.331749 -0.122055 -0.362987 0.458290 -0.356637 -0.118304 -0.456070
10 -0.149308 -0.454908 0.372421 -0.385301 -0.119285 0.216150 0.176772 0.066340 0.159859 0.068924 -0.003335 0.335004 -0.119722 -0.340070 0.447631 -0.335078 -0.079035 -0.481926
12 -0.173648 -0.478202 0.373582 -0.416052 -0.130387 0.208495 0.152132 0.005983 0.095286 0.101836 0.004466 0.340958 -0.130555 -0.335860 0.474619 -0.343145 -0.124994 -0.478358
