18 18
3 -0.171320 -0.457285 0.252383 -0.149308 -0.026148 0.074256 0.477612 0.254498 0.182936 -0.123261 0.124650 0.257835 -0.200441 -0.400746 0.209423 -0.591991 0.038188 -0.408065
15 -0.179496 -0.473136 0.262943 -0.196348 -0.055704 0.113005 0.468253 0.163001 0.220965 -0.081264 0.117028 0.284891 -0.178485 -0.291313 0.284671 -0.548230 -0.078565 -0.433466
1 -0.184702 -0.480484 0.271902 -0.181844 -0.027401 0.038753 0.416776 0.235096 0.227841 -0.073467 0.068353 0.261094 -0.149845 -0.329828 0.208444 -0.541465 0.013019 -0.394644
6 -0.147608 -0.435905 0.244958 -0.120331 -0.038891 0.085203 0.451548 0.239395 0.201156 -0.081631 0.115313 0.262546 -0.182242 -0.344979 0.246664 -0.525758 -0.030032 -0.414266
0 -0.155748 -0.471721 0.234102 -0.191083 -0.062094 0.095753 0.428796 0.222178 0.202799 -0.095544 0.128305 0.281618 -0.163392 -0.336070 0.251130 -0.563434 0.017895 -0.394293
12 -0.211529 -0.514873 0.296006 -0.225123 -0.097550 0.058654 0.411421 0.113599 0.187809 -0.002740 0.105323 0.323739 -0.197938 -0.237757 0.319153 -0.518746 -0.118975 -0.448410
4 -0.163142 -0.434898 0.243357 -0.136195 -0.018130 0.056732 0.435959 0.281858 0.228510 -0.116303 0.144943 0.298126 -0.163483 -0.363715 0.227157 -0.569178 0.000715 -0.429697
5 -0.128002 -0.460479 0.173588 -0.143697 -0.001965 0.060804 0.465961 0.234702 0.237214 -0.147389 0.128392 0.269627 -0.173529 -0.353853 0.202944 -0.570957 0.039287 -0.377926
16 -0.183128 -0.490078 0.289764 -0.199202 -0.082739 0.063103 0.459423 0.160232 0.216424 -0.030590 0.064143 0.305842 -0.200261 -0.255319 0.311936 -0.555533 -0.082260 -0.466304
2 -0.112349 -0.444672 0.201774 -0.147734 -0.028282 0.078683 0.461788 0.278415 0.188907 -0.129887 0.107634 0.276789 -0.146738 -0.394067 0.184218 -0.573929 0.027193 -0.353783
13 -0.150564 -0.498021 0.279998 -0.211623 -0.066672 0.078269 0.476739 0.176805 0.233788 -0.049918 0.076548 0.278485 -0.182883 -0.342286 0.292412 -0.580302 -0.059072 -0.451845
9 -0.154876 -0.436831 0.207512 -0.152870 -0.027456 0.076784 0.431856 0.262353 0.233786 -0.104592 0.109994 0.288464 -0.164779 -0.379530 0.200003 -0.545954 0.006459 -0.358395
14 -0.189473 -0.492895 0.300797 -0.212009 -0.050594 0.076245 0.409110 0.165706 0.188440 -0.029596 0.063654 0.302289 -0.186933 -0.283886 0.273762 -0.523479 -0.039692 -0.424164
8 -0.147020 -0.494247 0.245506 -0.151582 -0.048968 0.083119 0.474931 0.248603 0.217999 -0.091060 0.094819 0.269189 -0.190642 -0.349270 0.235230 -0.586590 0.044197 -0.391653
11 -0.173743 -0.459222 0.248641 -0.159665 -0.037979 0.057494 0.395129 0.205348 0.211951 -0.085940 0.088410 0.279634 -0.184154 -0.274160 0.274528 -0.538800 -0.047818 -0.400786
17 -0.175380 -0.474374 0.267080 -0.159214 -0.081298 0.048334 0.437811 0.205989 0.232419 -0.036500 0.106290 0.309748 -0.160007 -0.274710 0.246572 -0.506980 -0.039607 -0.439197
7 -0.108865 -0.432494 0.185279 -0.148839 -0.047943 0.091147 0.447300 0.250547 0.245704 -0.117170 0.096888 0.269009 -0.156100 -0.379412 0.228046 -0.535672 0.020689 -0.379383
10 -0.158026 -0.474699 0.228227 -0.152628 -0.019525 0.105137 0.481582 0.253615 0.248283 -0.127221 0.132024 0.299937 -0.194222 -0.344246 0.209839 -0.551481 0.023917 -0.383237
