18 18
13 -0.408053 -0.590538 0.361483 -0.434605 -0.153641 -0.279213 0.038958 0.106451 0.336041 0.264872 -0.125267 0.291014 0.037937 -0.252115 0.227255 -0.351738 -0.303426 -0.281479
12 -0.454244 -0.566649 0.267851 -0.322029 -0.165601 -0.224515 -0.001276 0.018217 0.198904 0.214297 0.119144 0.425374 -0.033952 0.050368 0.208319 -0.187292 -0.345184 -0.220496
5 -0.422187 -0.587823 0.257060 -0.372771 -0.140746 -0.240589 0.053956 0.060029 0.306233 0.193642 0.021561 0.386026 -0.010085 -0.094039 0.206020 -0.285796 -0.300421 -0.262411
16 -0.435058 -0.559949 0.303709 -0.347659 -0.162998 -0.227005 0.043725 0.051846 0.236874 0.214978 0.028940 0.389983 -0.026929 -0.013342 0.237928 -0.265654 -0.340345 -0.274028
8 -0.450823 -0.624909 0.304505 -0.358668 -0.188717 -0.202559 0.053952 0.071800 0.269736 0.234474 0.041801 0.409628 -0.034376 -0.032627 0.226017 -0.256479 -0.271961 -0.232462
11 -0.453755 -0.580816 0.285711 -0.323434 -0.150554 -0.229886 -0.001328 0.073008 0.245285 0.181301 0.071731 0.401575 -0.034190 0.016358 0.244543 -0.251447 -0.334676 -0.243045
0 -0.457676 -0.604472 0.298401 -0.394126 -0.205740 -0.200528 0.020850 0.053804 0.246679 0.217279 0.082849 0.415675 -0.011535 -0.018300 0.252423 -0.261820 -0.297038 -0.259646
7 -0.401516 -0.584228 0.294255 -0.489615 -0.198248 -0.239620 0.060150 0.172764 0.448132 0.242297 -0.191348 0.282077 0.079252 -0.404602 0.161054 -0.346044 -0.140400 -0.248576
3 -0.432457 -0.555219 0.331680 -0.402503 -0.153700 -0.233199 0.062762 0.127560 0.316230 0.217230 -0.084350 0.280558 0.006827 -0.273298 0.159937 -0.323932 -0.169447 -0.258221
9 -0.433309 -0.562798 0.292453 -0.424504 -0.156460 -0.260287 0.040574 0.160221 0.390217 0.227771 -0.116016 0.312949 0.054482 -0.301432 0.132268 -0.315177 -0.192988 -0.221680
10 -0.472470 -0.624513 0.293129 -0.379991 -0.168716 -0.186857 0.061752 0.057223 0.299867 0.202432 0.079272 0.435679 -0.038936 -0.005739 0.203348 -0.225212 -0.290627 -0.231788
17 -0.442648 -0.564240 0.280396 -0.286286 -0.196220 -0.273884 0.035435 0.088270 0.265345 0.223266 0.117688 0.459111 0.021751 0.065951 0.174770 -0.187232 -0.342070 -0.289706
1 -0.475379 -0.623892 0.364150 -0.465209 -0.146115 -0.292760 0.038493 0.154093 0.388830 0.244430 -0.129306 0.305876 0.061731 -0.276051 0.160405 -0.351901 -0.203749 -0.270855
15 -0.474680 -0.607129 0.314643 -0.375484 -0.157659 -0.177531 0.054413 0.021372 0.244426 0.199944 0.082470 0.406049 -0.029174 0.015139 0.237959 -0.252600 -0.338715 -0.262790
2 -0.464594 -0.633961 0.312770 -0.382755 -0.195069 -0.247656 0.027522 0.084590 0.221790 0.225659 0.074897 0.463346 0.000621 -0.017373 0.239843 -0.280358 -0.376782 -0.254682
6 -0.450656 -0.610140 0.310934 -0.336558 -0.166065 -0.226736 0.038330 0.086619 0.257075 0.222488 0.064829 0.406674 -0.021521 -0.042463 0.239557 -0.255313 -0.334067 -0.273402
14 -0.435582 -0.577536 0.327611 -0.379436 -0.134859 -0.230588 0.017999 0.084296 0.271380 0.224976 -0.033876 0.361576 -0.002240 -0.111024 0.198331 -0.264615 -0.265644 -0.252948
4 -0.442174 -0.528307 0.288344 -0.329738 -0.155310 -0.288367 -0.000583 0.137149 0.298466 0.194188 0.073402 0.411821 0.061062 -0.052808 0.155927 -0.239172 -0.293154 -0.289528
