18 18
2 -0.495001 -0.673487 0.418800 -0.353536 0.061727 -0.073706 0.070961 0.225633 0.135537 -0.086854 0.057911 0.468481 -0.198332 -0.058846 0.097992 -0.380989 0.068437 -0.178464
15 -0.447160 -0.582891 0.377696 -0.406956 0.075636 0.017745 0.082738 0.144941 0.196193 -0.108207 0.072723 0.419420 -0.167163 -0.173270 0.194258 -0.419013 -0.026319 -0.276992
7 -0.413556 -0.588920 0.327459 -0.418571 0.011162 0.016824 0.086304 0.169486 0.254304 -0.090004 0.050753 0.429034 -0.156411 -0.227741 0.218743 -0.398385 -0.011509 -0.270778
5 -0.490321 -0.664419 0.386877 -0.292176 0.085686 -0.093663 0.082895 0.174007 0.157056 -0.087218 0.076616 0.435598 -0.234570 0.028828 0.074541 -0.323471 0.100887 -0.174208
9 -0.433759 -0.574705 0.323799 -0.382194 0.044360 -0.011478 0.078090 0.173638 0.235183 -0.087184 0.069745 0.429283 -0.164605 -0.185416 0.169099 -0.387785 -0.011064 -0.233731
11 -0.498141 -0.650477 0.405121 -0.332808 0.068361 -0.069103 0.052587 0.218099 0.195518 -0.100719 0.056598 0.430539 -0.204620 -0.051750 0.137231 -0.370972 0.054926 -0.207452
0 -0.439257 -0.597630 0.354421 -0.408399 0.021594 0.003198 0.064600 0.158901 0.193980 -0.085171 0.086227 0.404409 -0.160821 -0.175823 0.207217 -0.401089 0.023993 -0.255269
3 -0.469652 -0.587924 0.390694 -0.351114 0.061795 -0.035565 0.085169 0.170117 0.167899 -0.089153 0.064330 0.388472 -0.207354 -0.147236 0.129673 -0.378843 0.061259 -0.244521
6 -0.459457 -0.623642 0.391620 -0.324225 0.075157 -0.035776 0.085508 0.194361 0.167486 -0.085744 0.073169 0.420685 -0.209650 -0.102288 0.145455 -0.365304 0.044534 -0.238256
17 -0.478952 -0.638304 0.407114 -0.335694 0.029709 -0.060175 0.095621 0.201268 0.209808 -0.056685 0.068632 0.446653 -0.181712 -0.078331 0.120267 -0.340953 0.057093 -0.253679
1 -0.482788 -0.626081 0.404572 -0.320517 0.076307 -0.094805 0.058257 0.206455 0.176909 -0.074784 0.038121 0.386505 -0.174730 -0.043871 0.074576 -0.331136 0.101283 -0.189781
10 -0.509892 -0.663908 0.418120 -0.308858 0.079321 -0.058832 0.077442 0.197031 0.159695 -0.087142 0.072637 0.436912 -0.238615 0.018332 0.053077 -0.291871 0.131766 -0.151536
8 -0.512656 -0.701961 0.456218 -0.290501 0.053471 -0.080905 0.079789 0.211351 0.132042 -0.048125 0.045885 0.427123 -0.247475 0.035806 0.075025 -0.316328 0.152234 -0.154900
12 -0.541459 -0.679256 0.433001 -0.339654 0.054845 -0.091540 0.041193 0.175828 0.124219 -0.053949 0.091780 0.451016 -0.221002 0.001106 0.073354 -0.302825 0.082781 -0.167279
13 -0.429048 -0.599590 0.370828 -0.385283 0.038407 -0.031943 0.080526 0.154123 0.193513 -0.064359 0.049771 0.395997 -0.164747 -0.150458 0.160795 -0.369503 0.003692 -0.231232
14 -0.455391 -0.597666 0.403339 -0.365176 0.086493 -0.028037 0.052028 0.168590 0.160895 -0.071263 0.026156 0.410429 -0.197900 -0.114862 0.142273 -0.357905 0.066556 -0.229058
16 -0.495991 -0.636695 0.412252 -0.332759 0.059813 -0.066233 0.083190 0.182232 0.162992 -0.073328 0.043810 0.436816 -0.223327 -0.022809 0.120607 -0.353851 0.061006 -0.217606
4 -0.468134 -0.588296 0.386112 -0.341638 0.087920 -0.066382 0.043910 0.213128 0.183596 -0.105091 0.080072 0.428240 -0.174090 -0.110891 0.126074 -0.379590 0.058005 -0.240189
