18 18
6 -0.442361 -0.537810 0.108195 -0.112612 0.078434 0.070014 0.256184 0.305339 0.330502 -0.114405 0.360175 0.592886 -0.336472 -0.320357 0.084689 -0.416074 -0.015415 -0.144763
9 -0.457615 -0.538629 0.076106 -0.153897 0.067535 0.058892 0.239102 0.286703 0.360493 -0.103674 0.345650 0.623515 -0.316405 -0.324225 0.035730 -0.392681 -0.018749 -0.077671
10 -0.407185 -0.502864 0.070439 -0.122205 0.079365 0.091867 0.246373 0.257134 0.336823 -0.124232 0.341899 0.583204 -0.320230 -0.253918 0.033429 -0.337447 -0.002193 -0.070105
4 -0.434665 -0.493377 0.102769 -0.126260 0.078266 0.041212 0.209472 0.297301 0.327014 -0.112982 0.349958 0.582521 -0.288646 -0.291224 0.042750 -0.382471 0.002280 -0.119014
1 -0.448612 -0.573188 0.145290 -0.125262 0.063995 -0.010864 0.209593 0.312785 0.370144 -0.067200 0.245167 0.536756 -0.269792 -0.258700 0.025955 -0.373513 0.032213 -0.091218
14 -0.433053 -0.525996 0.120535 -0.156919 0.075427 0.064635 0.210139 0.249769 0.303942 -0.081148 0.291360 0.574536 -0.306338 -0.273632 0.043340 -0.350844 0.009256 -0.089575
5 -0.416441 -0.519625 0.068082 -0.133508 0.088578 0.044799 0.243874 0.239020 0.337628 -0.122020 0.340305 0.573438 -0.312544 -0.271103 0.066294 -0.393232 -0.024084 -0.126296
8 -0.411197 -0.624643 0.129107 -0.073296 0.024035 0.009432 0.242773 0.339301 0.401181 -0.036304 0.238320 0.579467 -0.321410 -0.236335 0.070589 -0.385185 0.046767 -0.066995
3 -0.463090 -0.515614 0.118198 -0.137003 0.072074 0.054752 0.253352 0.267060 0.309563 -0.110020 0.338449 0.566591 -0.340026 -0.314409 0.037807 -0.402902 0.014805 -0.121779
12 -0.450516 -0.529584 0.087362 -0.163430 0.051950 0.054663 0.211629 0.227615 0.300807 -0.080356 0.352791 0.607069 -0.309481 -0.266062 0.031904 -0.333352 -0.035297 -0.067073
17 -0.416196 -0.553052 0.103033 -0.086168 0.026897 0.018423 0.246223 0.313401 0.387593 -0.058863 0.307023 0.603194 -0.294139 -0.249063 0.040100 -0.351222 0.011994 -0.110776
15 -0.452140 -0.541704 0.118346 -0.142574 0.069718 0.075110 0.248482 0.254297 0.337163 -0.107727 0.335122 0.571378 -0.307231 -0.269462 0.067637 -0.391475 -0.022197 -0.122786
2 -0.431858 -0.521438 0.088147 -0.171514 0.070954 0.069685 0.250459 0.268074 0.288168 -0.117989 0.341590 0.604484 -0.299528 -0.321543 0.037207 -0.407137 -0.035421 -0.086763
11 -0.446463 -0.637480 0.138189 -0.060270 0.055722 -0.009658 0.214429 0.378036 0.436306 -0.081171 0.247740 0.586625 -0.330664 -0.229016 0.092528 -0.414176 0.035028 -0.090206
0 -0.432516 -0.522520 0.092650 -0.157468 0.043338 0.075116 0.225260 0.256304 0.320958 -0.104080 0.356089 0.575949 -0.305455 -0.279679 0.077613 -0.388477 0.009981 -0.112887
16 -0.464003 -0.524761 0.108215 -0.152467 0.066630 0.067324 0.263542 0.263840 0.335459 -0.108714 0.339993 0.617539 -0.336267 -0.280596 0.077432 -0.415342 -0.040213 -0.145313
13 0.019096 0.002747 0.009678 -0.019404 -0.008210 -0.004883 0.008138 -0.018294 0.006568 0.019257 -0.015253 -0.018294 0.012156 -0.023377 0.007956 -0.002520 -0.021393 -0.009389
7 0.025536 0.002637 -0.024458 -0.006487 -0.021911 0.018456 0.005430 0.006920 0.025711 -0.005710 -0.012468 0.004183 0.006040 -0.027377 0.019628 0.004891 0.006248 -0.002409
