18 18
0 -0.398554 -0.408333 0.230757 -0.053365 0.020368 -0.067594 0.154740 0.129380 0.248180 -0.172299 0.264353 0.417599 -0.330796 0.073617 0.320551 -0.410260 -0.077332 -0.492309
11 -0.438805 -0.366328 0.267895 -0.022210 0.071383 -0.108459 0.118771 0.179725 0.255925 -0.204309 0.221776 0.417318 -0.344427 0.118875 0.279945 -0.423585 -0.087361 -0.462955
1 -0.406319 -0.400777 0.253686 -0.018988 0.061480 -0.106232 0.164028 0.187210 0.262193 -0.185521 0.219559 0.397971 -0.320008 0.039109 0.282301 -0.425550 -0.062931 -0.511270
16 -0.397920 -0.350969 0.235611 -0.015763 0.043128 -0.093610 0.179607 0.140952 0.238300 -0.172960 0.218982 0.419615 -0.342151 0.098091 0.286427 -0.406936 -0.111102 -0.505128
12 -0.455918 -0.454491 0.254676 -0.056936 0.030882 -0.087880 0.161448 0.123322 0.254148 -0.167143 0.274609 0.478781 -0.368861 0.093245 0.326970 -0.412127 -0.146152 -0.504071
3 -0.406574 -0.334502 0.248298 0.014933 0.065917 -0.091506 0.163603 0.171223 0.207831 -0.207792 0.252729 0.378059 -0.352600 0.054341 0.251606 -0.410555 -0.035752 -0.495390
9 -0.403228 -0.367279 0.201613 -0.025566 0.067643 -0.080271 0.153325 0.160064 0.280045 -0.195005 0.230806 0.432376 -0.340584 0.053432 0.270517 -0.400697 -0.108295 -0.445148
13 -0.401390 -0.382659 0.269641 -0.053224 0.039872 -0.098387 0.168393 0.132292 0.259993 -0.157675 0.222481 0.411458 -0.337897 0.065918 0.294994 -0.415688 -0.107208 -0.506072
6 -0.253972 -0.454599 0.093443 0.065402 0.101163 0.018730 0.233819 0.191710 0.338361 -0.269736 0.261220 0.380080 -0.361535 -0.099488 0.430264 -0.410587 -0.139663 -0.538481
5 -0.335614 -0.422289 0.150376 -0.008296 0.080880 -0.060129 0.191817 0.126497 0.298334 -0.228793 0.263005 0.414391 -0.343619 0.032791 0.345309 -0.418680 -0.122465 -0.505176
15 -0.414610 -0.401155 0.253434 -0.052741 0.043485 -0.058744 0.174339 0.117871 0.244707 -0.181462 0.245763 0.407889 -0.320813 0.085682 0.302155 -0.410213 -0.112886 -0.498462
10 -0.391342 -0.359617 0.218215 -0.019034 0.069181 -0.059130 0.160914 0.149602 0.269230 -0.204473 0.245970 0.429205 -0.349309 0.107959 0.254093 -0.367337 -0.076983 -0.433072
8 -0.401075 -0.380681 0.259895 -0.018521 0.033429 -0.080206 0.149592 0.154521 0.229393 -0.152001 0.215666 0.409467 -0.341533 0.098496 0.287577 -0.403085 -0.072069 -0.455134
14 -0.396078 -0.370170 0.250497 -0.036251 0.075744 -0.075658 0.132189 0.151667 0.233239 -0.177276 0.202062 0.415054 -0.340848 0.070177 0.277500 -0.388241 -0.068290 -0.465112
2 -0.364434 -0.377508 0.215354 -0.006466 0.047815 -0.081797 0.171784 0.187860 0.227048 -0.202519 0.236162 0.420398 -0.319891 0.040969 0.290876 -0.432984 -0.091783 -0.480057
17 -0.378917 -0.355492 0.234899 0.010936 0.015469 -0.105163 0.169072 0.166176 0.249635 -0.147161 0.239819 0.416707 -0.302074 0.093278 0.246873 -0.358888 -0.063165 -0.493979
7 -0.277722 -0.450145 0.100824 0.016397 0.072495 0.008598 0.217152 0.179036 0.365729 -0.279088 0.255986 0.410721 -0.355821 -0.073065 0.432636 -0.426405 -0.124575 -0.542239
4 -0.358337 -0.337608 0.203588 0.037467 0.093299 -0.092741 0.137207 0.228056 0.271807 -0.241568 0.264238 0.406114 -0.315715 0.025255 0.304379 -0.423423 -0.073577 -0.521184
