18 18
6 -0.305233 -0.557905 0.327090 -0.103247 -0.146325 0.037841 0.136070 0.122394 0.192333 0.116257 0.389093 0.462724 -0.093265 -0.001991 0.389422 -0.222799 -0.138411 -0.564609
12 -0.321531 -0.562653 0.281250 -0.148709 -0.176341 0.015693 0.105248 0.064762 0.213224 0.146436 0.432609 0.519059 -0.081852 0.006382 0.356861 -0.169385 -0.164592 -0.511214
3 -0.353311 -0.550327 0.383545 -0.163140 -0.123529 0.050257 0.155512 0.086241 0.151214 0.092457 0.351122 0.409147 -0.108420 -0.026539 0.367591 -0.274806 -0.096981 -0.566312
2 -0.307578 -0.538046 0.334008 -0.177247 -0.128576 0.046259 0.137705 0.089856 0.135237 0.081975 0.328726 0.427902 -0.068979 -0.008116 0.362652 -0.277236 -0.133790 -0.512387
1 -0.320998 -0.532614 0.347443 -0.177780 -0.103306 0.020429 0.126690 0.077790 0.179695 0.097763 0.284862 0.383283 -0.066537 -0.015062 0.333266 -0.247195 -0.100904 -0.517338
5 -0.276924 -0.523900 0.255694 -0.124907 -0.121918 0.025508 0.139492 0.070320 0.215981 0.081163 0.382046 0.449168 -0.093457 0.007270 0.369958 -0.239234 -0.135005 -0.514809
4 -0.317175 -0.505864 0.329309 -0.125843 -0.121426 0.018109 0.099872 0.130820 0.186694 0.085792 0.385474 0.449500 -0.065358 0.002855 0.369322 -0.245951 -0.117904 -0.559385
14 -0.349946 -0.605686 0.390735 -0.219110 -0.131612 0.062545 0.131353 0.059617 0.181361 0.140888 0.329202 0.480847 -0.094952 -0.019588 0.386915 -0.241906 -0.117801 -0.562381
15 -0.343865 -0.545391 0.381279 -0.200656 -0.117397 0.084776 0.149610 0.036526 0.157498 0.096400 0.324403 0.394205 -0.081362 0.009388 0.377675 -0.254365 -0.125922 -0.544695
17 -0.302867 -0.529360 0.288122 -0.091748 -0.176294 0.005768 0.130375 0.131986 0.237955 0.126917 0.413058 0.498139 -0.063011 0.016907 0.346961 -0.192016 -0.124987 -0.548773
9 -0.317733 -0.533573 0.274990 -0.145001 -0.142756 0.036270 0.123453 0.112801 0.223510 0.099253 0.390163 0.483910 -0.076248 -0.035555 0.356265 -0.239413 -0.144884 -0.507944
0 -0.325215 -0.538650 0.329577 -0.193109 -0.143609 0.062324 0.111355 0.070292 0.164700 0.094898 0.354373 0.417491 -0.074508 -0.006040 0.383075 -0.255923 -0.099903 -0.526252
13 -0.296568 -0.583174 0.368069 -0.195863 -0.147376 0.047498 0.163671 0.053533 0.201582 0.148458 0.314607 0.422541 -0.067544 -0.048801 0.375500 -0.239615 -0.145939 -0.551625
8 -0.311361 -0.560677 0.333060 -0.137701 -0.157832 0.052753 0.133094 0.095996 0.182875 0.121930 0.353049 0.443796 -0.106278 0.005976 0.400511 -0.254753 -0.105739 -0.522553
16 -0.325015 -0.538005 0.364422 -0.184721 -0.137066 0.057966 0.158311 0.055982 0.163322 0.110628 0.309866 0.427809 -0.097700 0.015363 0.397309 -0.269417 -0.145008 -0.566637
10 -0.300486 -0.518233 0.299906 -0.131405 -0.115606 0.058974 0.131944 0.094499 0.192690 0.073403 0.353072 0.432516 -0.096954 0.022280 0.340768 -0.209944 -0.108780 -0.482073
7 -0.299638 -0.546380 0.317835 -0.169702 -0.151872 0.058362 0.136102 0.092328 0.207699 0.097072 0.332533 0.434364 -0.074209 -0.031834 0.388064 -0.240888 -0.117880 -0.545626
11 -0.345511 -0.563323 0.360446 -0.149696 -0.114517 0.030073 0.107671 0.111199 0.186957 0.077981 0.333522 0.429291 -0.097467 0.019954 0.399961 -0.272575 -0.131963 -0.545972
