18 18
13 0.075632 -0.318595 -0.005879 -0.325331 -0.269860 0.371727 0.386045 -0.155673 0.277739 -0.001177 0.084332 0.236449 -0.410250 -0.482889 0.544768 -0.244619 -0.140032 -0.306612
10 0.059933 -0.300331 -0.024537 -0.281064 -0.227310 0.377046 0.381994 -0.145932 0.275168 -0.036753 0.110048 0.247379 -0.418379 -0.405603 0.485952 -0.204521 -0.103367 -0.270016
12 0.027751 -0.342942 -0.009344 -0.315049 -0.266421 0.355354 0.367391 -0.171834 0.250042 0.003525 0.134835 0.280883 -0.434638 -0.432849 0.542839 -0.232247 -0.160247 -0.296315
8 0.053161 -0.313234 0.008457 -0.264763 -0.251041 0.356028 0.368667 -0.123362 0.233115 -0.002573 0.079781 0.222926 -0.411336 -0.409644 0.508163 -0.246469 -0.075387 -0.279725
3 0.030941 -0.290516 0.021271 -0.289843 -0.234957 0.359497 0.379369 -0.138767 0.215865 -0.034117 0.092752 0.206409 -0.432419 -0.463128 0.490958 -0.257698 -0.057369 -0.314630
6 0.072279 -0.345547 -0.010253 -0.293864 -0.260801 0.405329 0.427871 -0.133925 0.285244 -0.018431 0.117053 0.260877 -0.455788 -0.495861 0.572549 -0.259288 -0.141247 -0.338462
2 0.073854 -0.306669 -0.016374 -0.293845 -0.248893 0.355253 0.372358 -0.117280 0.225841 -0.022806 0.082350 0.252319 -0.387602 -0.447651 0.501791 -0.255935 -0.123286 -0.274977
11 0.036048 -0.347331 -0.003603 -0.305177 -0.255422 0.375654 0.367659 -0.120693 0.294346 -0.040128 0.091334 0.268281 -0.449577 -0.450660 0.579755 -0.271331 -0.129461 -0.310486
7 0.106438 -0.318085 -0.040848 -0.334794 -0.297648 0.425254 0.382969 -0.133576 0.294495 -0.024603 0.045691 0.255114 -0.418066 -0.532929 0.570260 -0.224185 -0.071401 -0.312045
0 0.045346 -0.323809 -0.002538 -0.314971 -0.266080 0.371181 0.350267 -0.139526 0.243800 -0.018290 0.109858 0.239369 -0.402733 -0.428259 0.539550 -0.253538 -0.088789 -0.294499
16 0.046493 -0.290740 -0.005473 -0.284005 -0.242207 0.346211 0.383069 -0.148084 0.247836 -0.014108 0.079136 0.250378 -0.415668 -0.401408 0.518584 -0.249499 -0.138428 -0.315022
9 0.035473 -0.286950 -0.032670 -0.278988 -0.227570 0.330192 0.334608 -0.117085 0.263927 -0.021000 0.099206 0.250867 -0.377913 -0.422163 0.472958 -0.226678 -0.125675 -0.252138
5 0.056698 -0.308829 -0.039199 -0.270149 -0.204762 0.328061 0.387401 -0.159992 0.268866 -0.037389 0.111926 0.243471 -0.409990 -0.405926 0.489100 -0.251030 -0.124461 -0.305945
14 0.063433 -0.344504 0.011704 -0.349284 -0.253948 0.415939 0.361250 -0.145451 0.262676 -0.008525 0.024290 0.271275 -0.442202 -0.497026 0.556638 -0.228120 -0.061680 -0.308200
15 -0.025404 -0.016269 0.019351 -0.021953 0.006735 0.026510 0.013636 -0.025312 0.000633 -0.010033 0.011049 -0.002501 0.001724 0.010837 0.011554 -0.010070 -0.020449 -0.014280
17 -0.002915 -0.006397 0.005624 0.018021 -0.026928 -0.018564 0.015689 0.014203 0.025956 0.022864 0.010492 0.027524 0.013101 0.016295 -0.014503 0.021066 0.000664 -0.026546
1 -0.027660 -0.027217 0.026180 -0.019122 0.012075 -0.026796 -0.004699 0.019366 0.022084 0.001540 -0.016522 -0.005216 0.015504 -0.011155 -0.013895 -0.016653 0.015775 -0.011908
4 -0.000863 0.026536 0.000487 0.011658 0.016931 -0.018308 -0.024615 0.027506 0.003913 -0.015616 0.024595 0.006644 0.019102 -0.007194 -0.007301 -0.006238 0.005807 -0.017039
