18 18
10 -0.183425 -0.396777 0.280491 -0.181829 -0.020529 -0.014387 0.397615 0.245967 0.306750 -0.016754 0.170037 0.375815 -0.111426 -0.385226 0.151382 -0.420430 -0.164992 -0.452654
1 -0.201081 -0.428005 0.278639 -0.186816 -0.021714 -0.063385 0.389806 0.325453 0.364563 -0.024010 0.159234 0.383019 -0.073824 -0.451730 0.138528 -0.468485 -0.107191 -0.486205
2 -0.160134 -0.396926 0.276271 -0.197738 -0.040193 -0.040062 0.392022 0.287157 0.275338 -0.014450 0.165251 0.379606 -0.072449 -0.454941 0.161607 -0.475262 -0.173442 -0.471631
5 -0.176864 -0.389509 0.248174 -0.174360 0.014971 -0.060029 0.384720 0.218442 0.296813 -0.040714 0.191352 0.361577 -0.104524 -0.406213 0.173313 -0.471578 -0.186574 -0.503188
3 -0.225288 -0.353120 0.352795 -0.186350 0.015645 -0.056316 0.389098 0.202965 0.196099 -0.024006 0.195363 0.301423 -0.129895 -0.467305 0.180434 -0.513901 -0.223328 -0.560124
13 -0.159403 -0.337482 0.300766 -0.201410 -0.020915 -0.054344 0.352395 0.178890 0.227020 0.023571 0.133970 0.292337 -0.069570 -0.412092 0.174155 -0.434615 -0.237708 -0.482484
12 -0.220558 -0.394177 0.301498 -0.218504 -0.027306 -0.052022 0.357675 0.208120 0.242953 0.004725 0.199873 0.378417 -0.100800 -0.421563 0.178188 -0.451374 -0.234663 -0.492172
15 -0.226399 -0.351440 0.355198 -0.218811 0.013650 -0.027199 0.371347 0.135349 0.180404 -0.005612 0.170712 0.286536 -0.097068 -0.397647 0.197670 -0.478225 -0.291760 -0.529052
0 -0.189726 -0.393990 0.288410 -0.202275 -0.034491 -0.027812 0.369345 0.240252 0.274340 -0.013842 0.196575 0.358496 -0.097776 -0.423773 0.195572 -0.468265 -0.164585 -0.500000
4 -0.192494 -0.335279 0.312394 -0.175237 0.021589 -0.071009 0.350791 0.240965 0.247435 -0.032442 0.199927 0.326991 -0.073234 -0.440543 0.173061 -0.486287 -0.215673 -0.545658
17 -0.185130 -0.397190 0.287418 -0.165910 -0.053539 -0.052827 0.402994 0.270779 0.320807 0.012344 0.176572 0.397057 -0.087829 -0.411054 0.158574 -0.434237 -0.178137 -0.515672
8 -0.175647 -0.427225 0.287230 -0.182712 -0.058984 -0.031926 0.387379 0.251345 0.299227 0.021970 0.152463 0.376110 -0.108870 -0.402254 0.194824 -0.456259 -0.152331 -0.469774
14 -0.189296 -0.367718 0.306817 -0.204578 0.000590 -0.037134 0.335460 0.214146 0.233687 0.004987 0.134850 0.338858 -0.093798 -0.407936 0.164334 -0.430025 -0.176429 -0.472911
7 -0.155841 -0.388084 0.243181 -0.185997 -0.042880 -0.022131 0.385394 0.278868 0.335476 -0.029656 0.165156 0.379725 -0.089688 -0.456827 0.185192 -0.450790 -0.152958 -0.488265
11 -0.211269 -0.405994 0.308127 -0.189776 -0.004874 -0.056825 0.360540 0.249998 0.284894 -0.025298 0.165126 0.362428 -0.110867 -0.401081 0.202900 -0.484383 -0.215854 -0.500606
9 -0.189182 -0.376262 0.257308 -0.188652 -0.028670 -0.035605 0.378850 0.264249 0.307208 -0.012593 0.179857 0.389333 -0.095205 -0.451283 0.164007 -0.463007 -0.198619 -0.467662
16 -0.192690 -0.358780 0.312594 -0.195602 -0.019952 -0.048520 0.388724 0.208658 0.243428 0.002605 0.144575 0.346985 -0.106438 -0.400154 0.196066 -0.474162 -0.247758 -0.519538
6 -0.187767 -0.356648 0.326572 -0.160780 0.015413 -0.037551 0.389074 0.212625 0.212251 -0.014244 0.182796 0.306820 -0.114730 -0.444855 0.200521 -0.482521 -0.254895 -0.544997
