18 18
1 -0.313481 -0.402671 0.395804 -0.180650 0.123173 0.003213 0.109552 0.301462 0.165788 -0.085013 0.077179 0.373660 -0.026278 -0.198670 0.253716 -0.412479 -0.146186 -0.493843
0 -0.308018 -0.406474 0.394186 -0.218823 0.124668 0.002116 0.071218 0.235363 0.114999 -0.098945 0.144313 0.380350 -0.053286 -0.150864 0.296664 -0.428120 -0.170884 -0.487872
2 -0.280178 -0.379499 0.379591 -0.170181 0.143890 -0.008514 0.113898 0.341683 0.109064 -0.132825 0.120490 0.428324 -0.018960 -0.231739 0.255442 -0.469346 -0.188951 -0.501765
12 -0.341203 -0.443313 0.405208 -0.233482 0.119827 0.004853 0.062143 0.200767 0.128842 -0.062842 0.143305 0.413595 -0.069697 -0.134453 0.299598 -0.382605 -0.219847 -0.477276
10 -0.313405 -0.410132 0.395283 -0.189545 0.151116 0.038285 0.111676 0.277553 0.151764 -0.126483 0.132893 0.410721 -0.070805 -0.163134 0.282521 -0.423866 -0.171307 -0.491616
16 -0.303151 -0.381754 0.415320 -0.173151 0.089640 0.023458 0.129181 0.271761 0.140159 -0.059953 0.067225 0.386618 -0.051769 -0.149564 0.307745 -0.421582 -0.190329 -0.531095
8 -0.298911 -0.448080 0.419951 -0.175341 0.063150 0.059316 0.138921 0.272195 0.151909 -0.032347 0.064111 0.376285 -0.068768 -0.171118 0.323608 -0.416648 -0.142442 -0.498554
5 -0.301004 -0.404370 0.362459 -0.189739 0.180682 -0.021469 0.107703 0.258495 0.151991 -0.146289 0.160165 0.420365 -0.064756 -0.180958 0.283540 -0.462526 -0.204148 -0.525301
15 -0.358071 -0.515884 0.476310 -0.234440 0.042476 0.143931 0.161933 0.228012 0.190833 -0.005029 0.051419 0.394543 -0.071743 -0.154118 0.384582 -0.396846 -0.174423 -0.550164
6 -0.323549 -0.485040 0.458096 -0.168114 0.071484 0.103044 0.177220 0.364036 0.207550 -0.042364 0.062975 0.431465 -0.046000 -0.255497 0.363213 -0.428852 -0.178931 -0.593755
17 -0.322258 -0.453615 0.427550 -0.181576 0.062536 0.015093 0.136801 0.269210 0.187411 -0.028685 0.104851 0.437592 -0.048321 -0.131242 0.303561 -0.395097 -0.175852 -0.549479
9 -0.310265 -0.423050 0.377737 -0.180527 0.070816 0.063973 0.127047 0.291459 0.184122 -0.044508 0.075901 0.407199 -0.047201 -0.208773 0.291868 -0.393508 -0.153872 -0.478840
11 -0.334094 -0.429622 0.415333 -0.196121 0.149249 -0.005406 0.070147 0.268615 0.152801 -0.113576 0.110438 0.392229 -0.071758 -0.146636 0.320283 -0.444210 -0.206147 -0.504535
14 -0.362494 -0.497514 0.485955 -0.239761 0.111387 0.065687 0.105705 0.260046 0.151897 -0.035345 0.065674 0.432291 -0.085609 -0.169458 0.344085 -0.424580 -0.158959 -0.544621
13 -0.307839 -0.434646 0.439115 -0.244122 0.130488 0.012023 0.089309 0.218710 0.153079 -0.062498 0.092130 0.362743 -0.048198 -0.180704 0.315426 -0.419427 -0.214825 -0.511565
3 -0.327337 -0.374813 0.411681 -0.179804 0.152914 -0.006200 0.096289 0.270264 0.095911 -0.120795 0.129444 0.359418 -0.072371 -0.201254 0.255662 -0.441224 -0.152700 -0.502512
4 -0.306812 -0.350291 0.394020 -0.167760 0.161905 -0.013513 0.060956 0.313791 0.123027 -0.133081 0.142384 0.388921 -0.024691 -0.189078 0.263917 -0.435489 -0.171384 -0.506588
7 -0.314304 -0.468387 0.424049 -0.211835 0.066824 0.101887 0.152047 0.326266 0.219426 -0.065620 0.067115 0.436391 -0.041702 -0.251966 0.363412 -0.428776 -0.171869 -0.566615
