18 18
2 -0.335157 -0.594987 0.209316 -0.270553 -0.035267 -0.057778 0.282811 0.134169 0.356871 -0.017022 0.153634 0.435843 -0.150379 -0.249292 0.203664 -0.431686 -0.099927 -0.379062
3 -0.355664 -0.444227 0.159017 -0.179544 0.086551 -0.035016 0.328391 0.012005 0.280843 -0.094773 0.207683 0.395728 -0.254875 -0.151461 0.173842 -0.400332 -0.167129 -0.432490
4 -0.373391 -0.483174 0.156467 -0.231355 0.093478 -0.065169 0.270425 0.031298 0.350653 -0.077545 0.231535 0.460489 -0.196700 -0.143996 0.173815 -0.384683 -0.186516 -0.426116
15 -0.378619 -0.459798 0.168844 -0.248371 0.131739 -0.009220 0.308585 -0.113451 0.260392 -0.083471 0.218809 0.423228 -0.238112 -0.057667 0.193313 -0.356389 -0.264491 -0.443975
5 -0.344288 -0.478771 0.104237 -0.212783 0.121892 -0.043907 0.321615 -0.051608 0.330368 -0.100830 0.229411 0.454655 -0.246447 -0.091742 0.191832 -0.383813 -0.232086 -0.427482
0 -0.398467 -0.630900 0.265543 -0.346889 -0.035245 -0.064540 0.232528 0.066155 0.339599 0.019314 0.180499 0.416549 -0.157595 -0.241592 0.219716 -0.419080 -0.067552 -0.406348
9 -0.382524 -0.483930 0.116919 -0.224585 0.087182 -0.049705 0.298342 0.024191 0.381486 -0.080169 0.223795 0.469142 -0.219032 -0.157582 0.163298 -0.384975 -0.205860 -0.391841
13 -0.393216 -0.618544 0.326254 -0.432369 0.024573 -0.070504 0.247418 -0.140854 0.262330 0.083737 0.139037 0.398577 -0.179630 -0.194301 0.231678 -0.363942 -0.217792 -0.463034
14 -0.419903 -0.599532 0.303284 -0.401093 0.077556 -0.055293 0.210354 -0.125592 0.250733 0.044721 0.132909 0.438070 -0.212537 -0.134199 0.219963 -0.341747 -0.185751 -0.445071
12 -0.441621 -0.645748 0.329731 -0.427376 0.003702 -0.090146 0.188750 -0.103109 0.237840 0.090650 0.168904 0.430960 -0.174363 -0.171876 0.209739 -0.337594 -0.175245 -0.424479
7 -0.315933 -0.584444 0.151590 -0.223366 -0.053385 -0.018847 0.322499 0.170012 0.455420 -0.061351 0.156958 0.449378 -0.190868 -0.267402 0.257773 -0.445839 -0.082158 -0.408480
16 -0.372440 -0.478492 0.157096 -0.240917 0.096580 -0.036510 0.314162 -0.052564 0.315021 -0.068768 0.190799 0.461864 -0.252663 -0.082822 0.219233 -0.387964 -0.250323 -0.452003
1 -0.369645 -0.561439 0.216949 -0.255879 0.008120 -0.083284 0.256569 0.116827 0.374471 -0.025294 0.148847 0.392715 -0.156254 -0.222123 0.171104 -0.402352 -0.073007 -0.386255
17 -0.364504 -0.594389 0.243594 -0.255552 -0.053839 -0.092784 0.268576 0.120499 0.379014 0.027872 0.170403 0.428356 -0.145176 -0.217660 0.172083 -0.376092 -0.068571 -0.412887
6 -0.340570 -0.482741 0.160813 -0.192104 0.072079 -0.031772 0.289954 0.037317 0.310853 -0.062613 0.199549 0.413540 -0.214339 -0.148188 0.193875 -0.367943 -0.177413 -0.409711
8 -0.344329 -0.662898 0.235506 -0.260370 -0.094137 -0.034595 0.313003 0.180387 0.431257 0.008823 0.126641 0.439111 -0.196664 -0.286187 0.274315 -0.474805 -0.037454 -0.403230
10 -0.361557 -0.514878 0.149658 -0.224687 0.068409 -0.026316 0.302729 0.035707 0.372519 -0.077188 0.219701 0.455316 -0.223558 -0.137818 0.169205 -0.362419 -0.156830 -0.383938
11 -0.389843 -0.574934 0.206754 -0.251891 0.037399 -0.069161 0.249557 0.086275 0.376656 -0.057187 0.178078 0.440281 -0.201588 -0.175173 0.226235 -0.420648 -0.144798 -0.410704
