18 18
6 -0.070469 -0.483737 0.241787 -0.335820 -0.255031 0.035995 0.096440 0.147834 0.292556 0.148650 0.071963 0.386286 0.003930 -0.252552 0.476126 -0.340998 -0.078218 -0.461696
9 -0.111894 -0.527668 0.211081 -0.422867 -0.243190 0.075204 0.050916 0.094864 0.389262 0.175394 0.059981 0.469644 -0.021990 -0.257298 0.464422 -0.274302 -0.121668 -0.381269
14 -0.097562 -0.491119 0.264328 -0.391692 -0.237945 0.048816 0.051647 0.059685 0.273579 0.197666 0.013180 0.406567 -0.021809 -0.194140 0.448071 -0.266419 -0.087371 -0.407481
12 -0.127151 -0.524940 0.233350 -0.413485 -0.243279 0.049234 0.033873 0.048187 0.297408 0.185561 0.077375 0.445369 -0.028181 -0.205343 0.450485 -0.253643 -0.126596 -0.380198
0 -0.097835 -0.523747 0.254118 -0.411635 -0.277379 0.022815 0.069478 0.140794 0.298803 0.142236 0.103248 0.411098 0.029154 -0.266855 0.498613 -0.395001 -0.038736 -0.475377
7 -0.031875 -0.473184 0.232639 -0.352222 -0.370286 0.081837 0.127193 0.130432 0.373375 0.217352 0.007979 0.413487 0.001827 -0.243771 0.565853 -0.320876 -0.080574 -0.504458
1 -0.122854 -0.532356 0.258242 -0.398734 -0.220320 -0.009608 0.071562 0.138577 0.335275 0.142666 0.060290 0.414673 0.024270 -0.245336 0.427162 -0.352175 -0.056347 -0.446756
2 -0.068370 -0.483264 0.231748 -0.382602 -0.234670 -0.014350 0.090911 0.180099 0.244322 0.099580 0.095178 0.422404 0.061856 -0.290758 0.428299 -0.429433 -0.056819 -0.450248
11 -0.128947 -0.533998 0.240641 -0.382488 -0.197744 0.016269 0.036580 0.122283 0.323718 0.118360 0.068399 0.415938 -0.019592 -0.226067 0.463841 -0.349547 -0.089338 -0.412497
5 -0.104248 -0.528061 0.199174 -0.394978 -0.179949 -0.004007 0.089095 0.082183 0.322877 0.107962 0.112351 0.446024 -0.004833 -0.233841 0.432120 -0.367500 -0.096890 -0.437476
15 -0.116148 -0.467133 0.231317 -0.376117 -0.205299 0.046633 0.082253 0.090003 0.287999 0.119268 0.090111 0.393507 0.016202 -0.231868 0.433666 -0.337707 -0.092219 -0.424384
4 -0.068810 -0.453920 0.249288 -0.350798 -0.279322 0.007118 0.083477 0.180491 0.317785 0.150714 0.088228 0.421306 0.043291 -0.273393 0.499072 -0.388245 -0.055120 -0.516330
17 -0.031267 -0.416162 0.249126 -0.285045 -0.434728 0.040376 0.176724 0.121353 0.365339 0.281064 0.008303 0.422523 0.008540 -0.171823 0.571790 -0.307779 -0.111898 -0.577823
3 -0.104933 -0.449821 0.253454 -0.336202 -0.246422 -0.007300 0.113937 0.162685 0.255029 0.113214 0.112101 0.381305 0.009237 -0.286219 0.448530 -0.420864 -0.026039 -0.508377
13 -0.070214 -0.490191 0.257255 -0.408912 -0.288626 0.047868 0.082402 0.059199 0.323277 0.221540 0.021149 0.406307 -0.002596 -0.242234 0.501099 -0.295174 -0.131740 -0.448574
16 -0.039526 -0.392379 0.248634 -0.291849 -0.393582 0.042896 0.169435 0.102924 0.324140 0.247249 -0.025785 0.388310 -0.012185 -0.159318 0.585046 -0.350228 -0.124522 -0.572163
10 -0.073325 -0.480656 0.223078 -0.367777 -0.266328 0.088935 0.093577 0.111569 0.354603 0.158867 0.059443 0.429471 -0.017675 -0.213765 0.473298 -0.273039 -0.082166 -0.420352
8 -0.056994 -0.474642 0.241558 -0.322418 -0.314305 0.058611 0.118251 0.129853 0.324926 0.197967 0.024639 0.385189 -0.015470 -0.225768 0.523558 -0.345245 -0.057486 -0.464777
