18 18
17 -0.024650 -0.426765 0.129789 0.266513 -0.143559 -0.128290 0.452787 0.423550 0.425529 0.040738 0.207339 0.635279 -0.107894 0.192685 0.154131 -0.205280 -0.076126 -0.559080
16 -0.031396 -0.401316 0.135229 0.245690 -0.108401 -0.106317 0.470508 0.388537 0.390368 0.018478 0.170593 0.596033 -0.150432 0.184472 0.175755 -0.235139 -0.096127 -0.547329
10 -0.038972 -0.416830 0.124168 0.252684 -0.089255 -0.076981 0.446213 0.402902 0.399480 -0.016452 0.221929 0.591052 -0.162600 0.185279 0.158606 -0.210894 -0.055826 -0.496741
14 -0.041321 -0.436549 0.159949 0.235869 -0.096321 -0.100285 0.430763 0.406538 0.382101 0.027915 0.176920 0.606492 -0.143497 0.168584 0.167700 -0.223485 -0.052051 -0.535015
3 -0.063631 -0.382439 0.151596 0.236862 -0.089581 -0.093434 0.419516 0.372773 0.329413 -0.002225 0.205735 0.512777 -0.165440 0.130495 0.145035 -0.231503 -0.027205 -0.493802
0 -0.064128 -0.439044 0.150155 0.207911 -0.120322 -0.075393 0.389759 0.394640 0.349734 -0.005947 0.238843 0.555593 -0.147875 0.163038 0.203053 -0.262960 -0.013424 -0.491948
6 -0.017452 -0.403134 0.128227 0.266736 -0.108310 -0.094940 0.433457 0.412433 0.377766 0.019554 0.197596 0.559354 -0.124084 0.146205 0.164765 -0.204513 -0.077048 -0.522146
8 -0.038482 -0.463492 0.155480 0.269212 -0.123185 -0.091443 0.475793 0.424257 0.400345 0.023035 0.203770 0.598504 -0.176658 0.178148 0.198824 -0.262308 -0.045473 -0.535153
2 -0.005178 -0.393266 0.116175 0.232564 -0.102979 -0.102313 0.430109 0.398654 0.351005 0.009756 0.172262 0.561605 -0.110427 0.137967 0.144515 -0.228990 -0.079852 -0.480056
4 -0.047894 -0.382982 0.142012 0.255391 -0.080893 -0.113615 0.383249 0.421987 0.367662 -0.013035 0.220000 0.554468 -0.129015 0.162623 0.167631 -0.242937 -0.046394 -0.512092
7 0.005304 -0.379704 0.087623 0.221916 -0.117188 -0.083281 0.423946 0.371050 0.392304 0.011564 0.155739 0.544644 -0.115623 0.120657 0.163775 -0.196963 -0.068603 -0.487904
5 -0.005094 -0.365688 0.070482 0.218518 -0.069042 -0.117730 0.421237 0.316251 0.374807 0.005938 0.174951 0.539590 -0.115735 0.151879 0.131580 -0.196511 -0.099907 -0.485151
11 -0.077951 -0.441508 0.160238 0.252106 -0.082298 -0.095843 0.396036 0.428440 0.374928 -0.030171 0.211014 0.553776 -0.178307 0.179851 0.208825 -0.275945 -0.046899 -0.496484
12 -0.061858 -0.433062 0.135358 0.222552 -0.116956 -0.111788 0.410365 0.369513 0.362801 0.028451 0.217965 0.599059 -0.146604 0.174879 0.168544 -0.209233 -0.087129 -0.504345
1 -0.058232 -0.425962 0.153051 0.216921 -0.088048 -0.129093 0.412697 0.405244 0.393882 0.013656 0.167214 0.555114 -0.113300 0.151616 0.144920 -0.240058 -0.050291 -0.519300
13 0.019096 0.002747 0.009678 -0.019404 -0.008210 -0.004883 0.008138 -0.018294 0.006568 0.019257 -0.015253 -0.018294 0.012156 -0.023377 0.007956 -0.002520 -0.021393 -0.009389
15 -0.025404 -0.016269 0.019351 -0.021953 0.006735 0.026510 0.013636 -0.025312 0.000633 -0.010033 0.011049 -0.002501 0.001724 0.010837 0.011554 -0.010070 -0.020449 -0.014280
9 -0.008402 0.003844 -0.023332 -0.006576 0.000593 0.000225 -0.003692 0.013429 0.026437 -0.004111 0.005667 0.021814 0.003016 -0.025362 -0.007905 -0.006482 -0.012628 0.018993
