18 18
7 -0.364000 -0.487982 0.347291 -0.126730 -0.056973 -0.094517 -0.121205 0.243566 0.395931 -0.042439 -0.004238 0.296325 -0.231106 0.002892 0.536991 -0.341033 -0.121593 -0.410268
3 -0.409867 -0.454656 0.391586 -0.076423 0.002522 -0.109441 -0.076547 0.252140 0.305360 -0.059576 0.037397 0.256297 -0.269672 -0.009558 0.432327 -0.357529 -0.063986 -0.404463
0 -0.449134 -0.450140 0.379375 -0.133770 -0.081742 -0.095768 -0.039938 0.198333 0.342686 -0.000410 0.086590 0.315480 -0.135224 0.154120 0.391264 -0.298819 -0.089593 -0.455450
8 -0.382819 -0.468760 0.376061 -0.066057 -0.023490 -0.086533 -0.063715 0.248835 0.317126 -0.025044 0.014257 0.275118 -0.247612 0.039569 0.441513 -0.334591 -0.068974 -0.374224
1 -0.444767 -0.469401 0.400163 -0.109280 -0.018711 -0.139872 -0.051898 0.254454 0.358401 -0.021663 0.026879 0.298280 -0.176970 0.071341 0.376866 -0.329365 -0.078200 -0.441267
2 -0.464358 -0.529139 0.429294 -0.068337 0.010241 -0.111808 -0.026095 0.358378 0.350247 -0.087922 0.056268 0.371510 -0.268976 0.007509 0.432929 -0.429391 -0.064896 -0.467143
11 -0.387999 -0.467824 0.365092 -0.119146 -0.034297 -0.115664 -0.142757 0.206805 0.350835 -0.031571 -0.004524 0.257838 -0.212792 0.076529 0.508792 -0.322820 -0.143945 -0.381005
17 -0.428515 -0.460868 0.379269 -0.073165 -0.053754 -0.131857 -0.041468 0.252033 0.376432 -0.001880 0.054447 0.337172 -0.180987 0.108418 0.390032 -0.294206 -0.102928 -0.453477
14 -0.436830 -0.495796 0.414392 -0.104026 0.001511 -0.100369 -0.088538 0.253242 0.333398 -0.030350 0.015935 0.317180 -0.246080 0.051152 0.449264 -0.341008 -0.073302 -0.427555
13 -0.378205 -0.495881 0.399473 -0.145951 -0.059763 -0.118656 -0.121183 0.212583 0.375257 0.002391 -0.010003 0.270145 -0.218147 0.024545 0.536633 -0.342762 -0.152727 -0.421532
12 -0.385795 -0.477095 0.358016 -0.127559 -0.044291 -0.117185 -0.143619 0.194741 0.321148 -0.006895 0.030937 0.283566 -0.228577 0.039230 0.478356 -0.294420 -0.138281 -0.355860
10 -0.415776 -0.466291 0.368881 -0.071039 -0.004881 -0.084159 -0.047599 0.262059 0.370966 -0.061056 0.055542 0.321547 -0.245451 0.077376 0.415508 -0.319376 -0.077738 -0.402408
16 -0.456019 -0.448249 0.397388 -0.115925 -0.063089 -0.118339 -0.024693 0.202396 0.348687 0.004046 0.039821 0.330159 -0.167369 0.168268 0.420132 -0.322801 -0.138294 -0.493574
15 -0.499067 -0.480655 0.416933 -0.142090 -0.062312 -0.088977 -0.013315 0.183580 0.371070 -0.001629 0.076549 0.339432 -0.137715 0.192435 0.403378 -0.306767 -0.145224 -0.505716
5 -0.403713 -0.470580 0.332115 -0.066733 0.015209 -0.111211 -0.025822 0.236935 0.370775 -0.072181 0.069434 0.323564 -0.247126 0.061007 0.418061 -0.360889 -0.091135 -0.429950
9 -0.441876 -0.479248 0.359847 -0.087020 -0.018193 -0.114989 -0.078839 0.302722 0.408233 -0.060519 0.058384 0.343770 -0.234088 0.015150 0.438280 -0.364305 -0.104708 -0.412170
4 -0.368229 -0.395087 0.335006 -0.052481 0.011796 -0.107958 -0.081931 0.272604 0.318570 -0.069327 0.063242 0.280210 -0.201519 0.022276 0.384873 -0.320909 -0.066972 -0.388428
6 -0.416405 -0.477343 0.398083 -0.047570 0.004913 -0.089690 -0.042250 0.293463 0.320226 -0.053743 0.049899 0.292101 -0.252047 0.024993 0.426163 -0.347516 -0.067063 -0.430630
