18 18
4 -0.090523 -0.429581 0.263026 0.120696 0.138298 -0.016611 0.356333 0.339010 0.544141 -0.101876 0.173472 0.422879 -0.194924 -0.181636 0.378493 -0.377492 -0.075369 -0.782437
5 -0.065530 -0.435907 0.235510 0.068235 0.144457 -0.018482 0.396832 0.219512 0.510484 -0.117916 0.191887 0.430412 -0.190127 -0.144583 0.398633 -0.369583 -0.169979 -0.826146
17 -0.094857 -0.491948 0.294028 0.098645 0.097524 -0.019876 0.436499 0.301335 0.576354 -0.070096 0.194893 0.499396 -0.203348 -0.169017 0.430101 -0.396436 -0.158519 -0.897083
2 -0.040501 -0.503492 0.298230 0.031734 0.090125 -0.011196 0.469672 0.268301 0.514606 -0.070697 0.176320 0.515223 -0.177167 -0.227363 0.473307 -0.464241 -0.259209 -0.915842
13 -0.044906 -0.429650 0.274522 0.045096 0.099024 -0.019763 0.398676 0.234949 0.504982 -0.059299 0.149480 0.411768 -0.168068 -0.202628 0.418342 -0.387914 -0.199137 -0.819183
1 -0.116626 -0.485993 0.303142 0.079109 0.144856 -0.035898 0.380366 0.339677 0.574343 -0.102180 0.125176 0.409977 -0.176692 -0.185950 0.366928 -0.385875 -0.058908 -0.818590
3 -0.096054 -0.436612 0.278151 0.082388 0.109180 0.004257 0.404159 0.269395 0.489032 -0.080937 0.168311 0.410475 -0.224328 -0.205071 0.386942 -0.393138 -0.102749 -0.794897
10 -0.069373 -0.450419 0.240795 0.097713 0.125152 0.030937 0.399356 0.291377 0.539652 -0.105544 0.163185 0.439142 -0.221108 -0.151957 0.368605 -0.344672 -0.091810 -0.740121
14 -0.084380 -0.448311 0.281586 0.065967 0.129220 0.009416 0.360146 0.283330 0.501443 -0.074640 0.118327 0.422203 -0.198353 -0.181765 0.380826 -0.354952 -0.085927 -0.764884
9 0.054672 -0.926027 -0.357558 0.132938 -1.282008 0.624651 0.630152 0.670435 0.613018 1.147081 -0.430887 0.733782 -0.782847 -1.041995 0.737315 -1.074580 0.362891 1.195976
8 0.045878 -1.014010 -0.251253 0.156717 -1.227785 0.611732 0.709232 0.696640 0.677528 1.109993 -0.395773 0.780017 -0.817673 -1.016959 0.824974 -1.128975 0.348509 0.963009
6 -0.066096 -0.449354 0.240565 0.127353 0.086446 0.030776 0.390825 0.307173 0.504052 -0.053413 0.153683 0.414370 -0.230042 -0.195527 0.396331 -0.368086 -0.093880 -0.721807
7 -0.040776 -0.452615 0.255872 0.047768 0.078669 0.007948 0.408544 0.279154 0.543355 -0.081271 0.140828 0.452314 -0.165385 -0.219890 0.444980 -0.393316 -0.169162 -0.842662
15 -0.090525 -0.494449 0.299328 0.018914 0.086873 0.018596 0.445961 0.237473 0.539221 -0.069725 0.175030 0.483225 -0.179022 -0.199715 0.483078 -0.446199 -0.237605 -0.893465
16 -0.063062 -0.431386 0.242956 0.058658 0.050092 0.006386 0.395388 0.269852 0.493929 -0.033039 0.097430 0.426324 -0.192376 -0.181408 0.409464 -0.395854 -0.144777 -0.735246
11 -0.097919 -0.440057 0.261350 0.096773 0.129261 -0.018582 0.353589 0.284290 0.508293 -0.111135 0.163361 0.416336 -0.206349 -0.141384 0.407785 -0.380502 -0.144570 -0.776735
12 -0.084391 -0.441159 0.251304 0.031899 0.063909 -0.007934 0.360299 0.209198 0.444801 -0.032505 0.175535 0.449935 -0.184237 -0.172127 0.405172 -0.359211 -0.200487 -0.747154
0 -0.005399 -0.014495 0.001279 -0.026652 -0.021820 0.016369 -0.010898 -0.008016 -0.006711 0.000758 0.022893 0.001004 0.004839 -0.000095 0.023655 -0.011355 0.019530 -0.003746
