18 18
4 -0.189608 -0.362929 0.061588 -0.135745 -0.015032 -0.059577 0.140253 0.146839 0.475607 -0.121354 0.229202 0.553436 -0.112285 -0.078669 0.444778 -0.371278 -0.298650 -0.587015
16 -0.188826 -0.324148 0.051819 -0.128393 -0.010780 -0.036912 0.149169 0.106093 0.414068 -0.118704 0.184919 0.512153 -0.137249 -0.042069 0.460379 -0.381467 -0.336777 -0.547809
7 -0.170182 -0.408518 0.058760 -0.164757 -0.079594 -0.038124 0.174081 0.122432 0.518593 -0.066810 0.172834 0.550542 -0.115119 -0.103876 0.410867 -0.297521 -0.238083 -0.559390
15 -0.206762 -0.382502 0.076058 -0.163709 -0.033308 -0.012487 0.176646 0.079915 0.453493 -0.104470 0.212095 0.514396 -0.114521 -0.061686 0.429278 -0.346181 -0.314193 -0.555273
8 -0.192078 -0.448969 0.129149 -0.151208 -0.100728 -0.064126 0.202785 0.121127 0.519227 0.001300 0.150801 0.541877 -0.128329 -0.082380 0.363841 -0.267331 -0.188560 -0.551919
1 -0.217334 -0.435476 0.154246 -0.172609 -0.090846 -0.122690 0.195810 0.120715 0.537123 0.018087 0.141848 0.510740 -0.059956 -0.093796 0.265239 -0.216367 -0.174934 -0.544495
0 -0.181197 -0.364220 0.055935 -0.163484 -0.045066 -0.022359 0.133453 0.102257 0.415453 -0.104455 0.212877 0.506807 -0.117826 -0.067137 0.445843 -0.355298 -0.268402 -0.536976
12 -0.201545 -0.407109 0.121239 -0.171327 -0.128923 -0.108335 0.178681 0.063219 0.484811 0.040570 0.186697 0.535490 -0.065417 -0.074428 0.283332 -0.171205 -0.252986 -0.533618
10 -0.169883 -0.386895 0.082172 -0.145059 -0.086419 -0.056011 0.207946 0.095132 0.519719 -0.028203 0.194929 0.539541 -0.094705 -0.069145 0.301262 -0.205422 -0.220006 -0.520643
17 -0.144503 -0.364972 0.166704 -0.118133 -0.201550 -0.199710 0.230116 0.100468 0.559831 0.149200 0.137266 0.513392 0.022661 -0.076499 0.159367 -0.059255 -0.183366 -0.587369
11 -0.209924 -0.389657 0.067380 -0.131852 -0.009667 -0.053683 0.130766 0.132999 0.464793 -0.119886 0.187478 0.519838 -0.138761 -0.052515 0.442379 -0.359492 -0.295599 -0.535694
2 -0.172236 -0.399506 0.089192 -0.167056 -0.080936 -0.067001 0.194094 0.114786 0.464244 -0.046117 0.180694 0.540517 -0.080149 -0.103629 0.347472 -0.292970 -0.263779 -0.537796
5 -0.167784 -0.381059 0.034278 -0.140548 -0.022164 -0.063189 0.173597 0.085603 0.468654 -0.093722 0.199066 0.524172 -0.130359 -0.070045 0.405508 -0.334414 -0.275710 -0.546494
3 -0.228239 -0.426516 0.118251 -0.158006 -0.062405 -0.065010 0.208671 0.120793 0.511557 -0.067659 0.214051 0.555834 -0.143886 -0.113328 0.383344 -0.322131 -0.231909 -0.609737
13 -0.132656 -0.361711 0.167562 -0.162889 -0.174034 -0.174130 0.212944 0.070502 0.529782 0.126172 0.121255 0.475528 0.011599 -0.122327 0.203409 -0.103258 -0.222211 -0.574261
14 -0.203398 -0.430846 0.131750 -0.176741 -0.069904 -0.078290 0.175960 0.109780 0.515326 -0.006390 0.150470 0.568845 -0.110941 -0.088510 0.350305 -0.251120 -0.214123 -0.572414
9 -0.195025 -0.370576 0.042992 -0.156878 -0.049081 -0.048160 0.161240 0.113299 0.476087 -0.078168 0.198007 0.527780 -0.101829 -0.110143 0.374090 -0.316985 -0.282012 -0.505779
6 -0.167005 -0.380374 0.095342 -0.119528 -0.072154 -0.078809 0.189661 0.123700 0.479775 -0.024335 0.183449 0.516160 -0.092001 -0.091506 0.361610 -0.264231 -0.265163 -0.569579
