18 18
9 -0.473532 -0.316840 0.270298 -0.030415 0.168522 0.062379 0.207870 0.281820 0.479064 -0.182825 0.274170 0.446894 -0.272362 -0.119000 0.071492 -0.196854 0.139698 -0.528384
3 -0.470253 -0.290263 0.329100 -0.018736 0.148569 0.045485 0.216844 0.262747 0.409530 -0.166853 0.243002 0.380406 -0.285659 -0.120074 0.064231 -0.196562 0.169069 -0.557258
14 -0.476805 -0.351131 0.332202 -0.051923 0.172597 0.077059 0.210299 0.251355 0.452237 -0.160337 0.226885 0.435342 -0.296347 -0.090216 0.084493 -0.170825 0.171862 -0.546066
15 -0.487437 -0.326408 0.328401 -0.037988 0.151739 0.077501 0.225831 0.255351 0.456245 -0.171665 0.258567 0.420136 -0.270176 -0.082562 0.091554 -0.190891 0.128846 -0.569373
4 -0.478383 -0.294703 0.321936 -0.016161 0.166228 0.033885 0.192162 0.303363 0.461363 -0.185099 0.275688 0.429245 -0.261430 -0.109410 0.076181 -0.201287 0.167123 -0.586401
13 -0.471906 -0.333769 0.340595 -0.049720 0.147076 0.051117 0.236315 0.261724 0.486470 -0.159184 0.241409 0.422881 -0.282024 -0.117088 0.103500 -0.205343 0.134164 -0.598067
16 -0.483197 -0.292210 0.344517 0.000913 0.117741 0.015962 0.235838 0.298945 0.472198 -0.147553 0.222576 0.440618 -0.279317 -0.056782 0.097239 -0.204291 0.122642 -0.624387
1 -0.475134 -0.325039 0.323575 -0.033794 0.155870 0.015507 0.212241 0.283929 0.474849 -0.160836 0.221399 0.406547 -0.250944 -0.091821 0.059623 -0.195968 0.152494 -0.561758
5 -0.441938 -0.343406 0.264710 -0.026907 0.176979 0.058608 0.241269 0.221565 0.464942 -0.191335 0.265203 0.422144 -0.297038 -0.074262 0.099550 -0.201113 0.133040 -0.547302
6 -0.471788 -0.334031 0.321285 0.000112 0.156931 0.060896 0.229482 0.305678 0.471214 -0.175451 0.277668 0.430441 -0.289063 -0.108337 0.104572 -0.199405 0.154781 -0.595291
11 -0.471639 -0.300069 0.325717 0.002391 0.133859 0.020230 0.183863 0.300727 0.454096 -0.167880 0.221781 0.406706 -0.267353 -0.059634 0.097496 -0.194522 0.133010 -0.560017
17 -0.481582 -0.317488 0.338160 0.013363 0.113308 0.023598 0.247468 0.302629 0.498301 -0.140295 0.253710 0.456030 -0.270300 -0.063840 0.055121 -0.154093 0.155109 -0.608133
0 -0.475012 -0.343170 0.309295 -0.049454 0.131608 0.069396 0.213023 0.267096 0.463557 -0.172075 0.278984 0.432284 -0.273694 -0.084759 0.107208 -0.200440 0.173992 -0.565946
10 -0.432603 -0.316080 0.272153 -0.023451 0.164979 0.096201 0.236751 0.236515 0.462402 -0.185198 0.247011 0.414962 -0.290283 -0.066977 0.063246 -0.145598 0.150645 -0.498306
7 -0.434636 -0.298690 0.294426 -0.027233 0.116060 0.053928 0.213001 0.281404 0.471586 -0.161210 0.216362 0.411822 -0.259391 -0.118045 0.097946 -0.181285 0.152980 -0.559479
12 -0.026600 -0.022358 0.002765 -0.019307 -0.014582 -0.010130 -0.018079 -0.025837 -0.017080 0.018496 0.026502 0.027636 -0.006702 0.013838 0.001462 0.019107 -0.024921 0.008452
2 0.021368 -0.003688 -0.004957 -0.007525 -0.007603 0.001755 0.011077 0.016235 -0.024745 -0.003279 -0.008624 0.014563 0.014594 -0.017313 -0.004715 -0.020484 -0.014205 0.014938
8 0.003889 -0.024784 0.014791 0.006068 -0.018192 0.009774 0.013932 0.005426 -0.001505 0.020585 -0.012265 0.000073 -0.017512 0.000480 0.021614 -0.017675 0.015234 0.001164
