18 18
14 -0.241590 -0.682317 0.250916 -0.337775 -0.103339 0.263270 0.252088 -0.274543 0.294781 0.159632 0.189363 0.375710 -0.338619 0.013789 0.429832 -0.067828 -0.213938 -0.269743
16 -0.254494 -0.585914 0.239348 -0.308536 -0.114212 0.174742 0.255138 -0.182873 0.349110 0.127493 0.135605 0.366323 -0.327803 -0.039239 0.427340 -0.150294 -0.188241 -0.351236
1 -0.277121 -0.633772 0.256990 -0.299333 -0.107266 0.155459 0.213950 -0.164427 0.320643 0.150317 0.138788 0.348075 -0.287181 -0.026599 0.390052 -0.125518 -0.175630 -0.294304
6 -0.238402 -0.682803 0.248073 -0.230300 -0.131981 0.236262 0.236330 -0.209542 0.230181 0.200337 0.184039 0.340922 -0.309759 0.032978 0.447458 -0.076364 -0.269865 -0.243832
9 -0.271595 -0.648207 0.229767 -0.293106 -0.126039 0.195096 0.221502 -0.173897 0.332318 0.161389 0.158214 0.383437 -0.311230 -0.044251 0.426437 -0.123288 -0.227498 -0.275930
11 -0.262252 -0.658141 0.240007 -0.291139 -0.105717 0.210791 0.232737 -0.198834 0.336894 0.126015 0.179574 0.370588 -0.343248 -0.002411 0.459144 -0.125194 -0.225974 -0.301726
15 -0.262159 -0.688078 0.259984 -0.288229 -0.124596 0.274710 0.264585 -0.273887 0.247688 0.170744 0.235812 0.345825 -0.317913 0.055814 0.450500 -0.081267 -0.273915 -0.264073
13 -0.219356 -0.633195 0.239193 -0.321395 -0.120510 0.213942 0.256113 -0.242187 0.314372 0.161261 0.170756 0.333049 -0.311893 -0.040189 0.434065 -0.107948 -0.233102 -0.293418
3 -0.269977 -0.633233 0.263299 -0.321027 -0.116425 0.231612 0.279427 -0.230859 0.304511 0.130172 0.193001 0.345141 -0.374069 -0.063624 0.436419 -0.136930 -0.168782 -0.332471
10 -0.216965 -0.609980 0.190052 -0.293374 -0.098712 0.258515 0.292357 -0.246912 0.352792 0.108310 0.241199 0.388306 -0.366615 0.016293 0.415990 -0.070166 -0.212474 -0.277942
4 -0.260280 -0.624748 0.245175 -0.287566 -0.108044 0.184275 0.227571 -0.176593 0.329654 0.140628 0.207050 0.384674 -0.311763 -0.026190 0.442183 -0.129211 -0.200897 -0.340356
8 -0.247136 -0.701042 0.257574 -0.246787 -0.156649 0.239591 0.231936 -0.215300 0.231879 0.216194 0.172277 0.349029 -0.314350 0.049017 0.448511 -0.087016 -0.242230 -0.222799
0 -0.239500 -0.630081 0.221503 -0.321523 -0.138702 0.229744 0.242552 -0.225702 0.306484 0.139847 0.207242 0.358617 -0.321479 -0.020681 0.448066 -0.117755 -0.178985 -0.302447
17 -0.251177 -0.625869 0.241498 -0.280398 -0.143357 0.178815 0.257467 -0.188277 0.344413 0.169012 0.180602 0.391668 -0.309660 -0.013835 0.410502 -0.093681 -0.200539 -0.335089
12 -0.269322 -0.725237 0.251195 -0.286656 -0.158405 0.247073 0.225440 -0.284428 0.215403 0.223951 0.243057 0.383529 -0.321805 0.072330 0.461714 -0.048908 -0.308559 -0.226487
5 -0.202708 -0.579604 0.163313 -0.271739 -0.078946 0.205885 0.295970 -0.251340 0.340379 0.096119 0.232590 0.373949 -0.353149 0.007098 0.418724 -0.115686 -0.226107 -0.317546
7 -0.224564 -0.664492 0.213109 -0.346306 -0.145832 0.259695 0.279118 -0.240910 0.376421 0.136124 0.194334 0.390577 -0.350990 -0.059561 0.481655 -0.109024 -0.211213 -0.324609
2 0.021368 -0.003688 -0.004957 -0.007525 -0.007603 0.001755 0.011077 0.016235 -0.024745 -0.003279 -0.008624 0.014563 0.014594 -0.017313 -0.004715 -0.020484 -0.014205 0.014938
