18 18
10 -0.360222 -0.507949 0.311282 -0.122035 0.045364 0.018992 0.279443 0.331902 0.320515 -0.139991 0.220380 0.534346 -0.303560 -0.164955 0.149552 -0.338103 0.102877 -0.446551
2 -0.309842 -0.481131 0.318211 -0.176849 0.005046 -0.027027 0.229223 0.346671 0.209339 -0.121832 0.146754 0.423986 -0.195507 -0.265077 0.151636 -0.425725 0.135049 -0.426361
9 -0.343538 -0.458719 0.283338 -0.140091 0.006302 -0.019819 0.231264 0.322448 0.289290 -0.098763 0.186455 0.493643 -0.235035 -0.201328 0.141324 -0.346535 0.077616 -0.416412
4 -0.330818 -0.391187 0.334449 -0.016485 0.155735 -0.025376 0.205895 0.343753 0.220774 -0.185392 0.270991 0.421070 -0.271524 -0.184297 0.155371 -0.356705 0.119166 -0.536373
14 -0.334150 -0.435125 0.361413 -0.078683 0.113659 0.016795 0.216801 0.293427 0.199146 -0.124472 0.180196 0.415017 -0.269916 -0.177033 0.156158 -0.333610 0.138535 -0.494570
12 -0.407348 -0.530251 0.358135 -0.143700 0.051918 -0.039055 0.226457 0.340349 0.264227 -0.129936 0.253778 0.534470 -0.292076 -0.205308 0.165034 -0.376595 0.097133 -0.498934
1 -0.362132 -0.499972 0.351929 -0.183188 0.025264 -0.065652 0.221964 0.359477 0.259777 -0.118260 0.144850 0.421100 -0.199041 -0.261991 0.143198 -0.432101 0.157438 -0.471973
0 -0.328673 -0.467857 0.331766 -0.177224 0.025334 -0.003770 0.185072 0.302184 0.185940 -0.129132 0.190801 0.370519 -0.206795 -0.240335 0.177428 -0.402128 0.180585 -0.449298
11 -0.368911 -0.482586 0.327186 -0.074799 0.100017 -0.034143 0.215053 0.359137 0.284273 -0.174632 0.230472 0.485711 -0.304653 -0.173015 0.187133 -0.379787 0.085863 -0.489297
7 -0.296574 -0.468437 0.299879 -0.200871 -0.037609 -0.013533 0.222297 0.330201 0.238566 -0.103818 0.112880 0.393824 -0.176862 -0.288793 0.169940 -0.410528 0.165248 -0.430886
5 -0.331741 -0.469288 0.304983 -0.068300 0.125086 -0.035177 0.256772 0.321529 0.256809 -0.187300 0.255508 0.451580 -0.289492 -0.206140 0.181851 -0.411784 0.101470 -0.536627
3 -0.347683 -0.445354 0.349977 -0.122603 0.047178 -0.023456 0.235164 0.325072 0.197401 -0.135597 0.190582 0.389530 -0.250319 -0.250919 0.145515 -0.404356 0.160127 -0.483319
6 -0.320024 -0.439157 0.319499 -0.030050 0.100015 0.006843 0.249310 0.332105 0.240646 -0.151271 0.248414 0.433502 -0.291902 -0.181908 0.170842 -0.329543 0.096232 -0.500518
8 -0.336932 -0.491207 0.333559 -0.116346 0.016196 -0.004435 0.258083 0.325293 0.260861 -0.092933 0.171574 0.460764 -0.264142 -0.192765 0.174037 -0.374393 0.121639 -0.458930
16 -0.349183 -0.461061 0.333621 -0.125605 -0.025197 -0.007019 0.299095 0.313078 0.286653 -0.069925 0.164647 0.529983 -0.268155 -0.144064 0.171171 -0.354243 0.061359 -0.503084
15 -0.310527 -0.398173 0.306376 -0.085603 0.074761 0.027043 0.225769 0.243809 0.213633 -0.122290 0.187957 0.374521 -0.224991 -0.137001 0.151365 -0.310433 0.075157 -0.440163
13 -0.346725 -0.491046 0.345223 -0.137661 0.059144 -0.018400 0.247514 0.318922 0.279116 -0.123338 0.205211 0.480079 -0.273203 -0.216017 0.172498 -0.373052 0.083745 -0.489931
17 -0.355967 -0.489767 0.355035 -0.080377 0.002998 -0.024202 0.303915 0.366049 0.307322 -0.093250 0.222615 0.540896 -0.266093 -0.174997 0.157139 -0.354867 0.108784 -0.555858
