18 18
0 -0.395516 -0.450628 0.126683 -0.228445 0.101025 0.160755 0.100531 -0.033518 0.194977 -0.282467 0.283352 0.373033 -0.299446 0.076225 0.360629 -0.394955 -0.230034 -0.195901
2 -0.373159 -0.404480 0.180135 -0.158099 0.246949 0.075100 0.208347 0.110650 0.018850 -0.417959 0.347485 0.395186 -0.340717 -0.157374 0.295305 -0.647875 -0.242633 -0.319714
12 -0.443298 -0.499511 0.133031 -0.240514 0.117863 0.143025 0.115322 -0.049786 0.192998 -0.285309 0.313965 0.435124 -0.328566 0.072955 0.361916 -0.409336 -0.307173 -0.206607
15 -0.413223 -0.441846 0.136430 -0.213652 0.120824 0.183943 0.125062 -0.064337 0.223478 -0.287106 0.269993 0.353477 -0.295594 0.123265 0.354893 -0.371758 -0.273621 -0.206041
13 -0.392254 -0.459352 0.166974 -0.221499 0.176046 0.127904 0.173050 0.002591 0.167071 -0.340464 0.312519 0.387715 -0.333193 -0.047005 0.359048 -0.522469 -0.280200 -0.282604
1 -0.403368 -0.447144 0.150306 -0.207543 0.168385 0.103591 0.139199 0.026549 0.179121 -0.321560 0.281190 0.372093 -0.300339 -0.009066 0.311524 -0.475332 -0.226956 -0.243516
14 -0.427846 -0.454745 0.181885 -0.209713 0.206491 0.124278 0.129053 0.020369 0.124944 -0.344350 0.291071 0.406973 -0.340156 -0.009463 0.336104 -0.499143 -0.243849 -0.265645
7 -0.383463 -0.475627 0.128793 -0.226427 0.135272 0.164237 0.163661 0.012561 0.199826 -0.339759 0.301059 0.416298 -0.329241 -0.032923 0.379794 -0.484481 -0.260230 -0.257502
9 -0.427457 -0.479687 0.072176 -0.244369 0.078806 0.188882 0.089758 -0.069382 0.312362 -0.265304 0.262374 0.431519 -0.307237 0.154781 0.372701 -0.330585 -0.309952 -0.125615
10 -0.435311 -0.506558 0.082435 -0.235324 0.093119 0.235421 0.119999 -0.099968 0.330176 -0.288512 0.287850 0.431050 -0.340760 0.228697 0.383502 -0.300772 -0.289693 -0.134222
3 -0.400422 -0.368826 0.180356 -0.137815 0.225158 0.087969 0.174001 0.062799 0.069852 -0.380864 0.325274 0.329274 -0.352603 -0.087161 0.280043 -0.552101 -0.191116 -0.297181
11 -0.448516 -0.521795 0.104274 -0.241832 0.069337 0.203835 0.059375 -0.079934 0.343222 -0.261192 0.228116 0.406341 -0.315484 0.236496 0.414392 -0.291099 -0.300454 -0.118108
6 -0.395141 -0.436932 0.165233 -0.146403 0.223940 0.120694 0.185647 0.072268 0.118309 -0.377056 0.343661 0.382779 -0.347085 -0.077036 0.331168 -0.538707 -0.247532 -0.304319
8 -0.386515 -0.481690 0.123279 -0.213365 0.095322 0.176391 0.141223 -0.036941 0.231489 -0.270251 0.260943 0.395317 -0.328409 0.092759 0.380739 -0.410231 -0.254841 -0.189481
16 -0.419789 -0.453076 0.134128 -0.214437 0.118777 0.151764 0.153850 -0.032075 0.212906 -0.302234 0.279822 0.409528 -0.334308 0.095058 0.388572 -0.455647 -0.306739 -0.254053
5 -0.379716 -0.420420 0.123643 -0.157968 0.223430 0.100268 0.175386 0.022304 0.147312 -0.376398 0.334762 0.374686 -0.338949 -0.029273 0.319175 -0.524125 -0.237387 -0.289591
4 -0.388097 -0.368041 0.153173 -0.145003 0.215990 0.086216 0.139698 0.078354 0.119819 -0.377645 0.341609 0.371376 -0.308411 -0.056153 0.301018 -0.535959 -0.234929 -0.294097
17 -0.428611 -0.490552 0.122970 -0.218083 0.063331 0.166112 0.112297 -0.059295 0.291761 -0.240145 0.272140 0.425122 -0.295665 0.169881 0.357130 -0.310667 -0.276672 -0.190364
