18 18
4 -0.547188 -0.446841 0.542312 -0.538969 0.031463 0.286695 0.112615 -0.136985 0.123252 0.073400 0.064466 0.480096 -0.079571 0.041655 0.188792 -0.199360 -0.104908 -0.384753
9 -0.531833 -0.459012 0.484264 -0.530865 -0.009531 0.292611 0.136308 -0.131584 0.156320 0.088301 0.061658 0.492088 -0.101380 0.002705 0.181391 -0.193549 -0.107367 -0.327001
7 -0.508934 -0.464768 0.495000 -0.534556 -0.011116 0.311303 0.141570 -0.153390 0.141620 0.078136 0.023220 0.456281 -0.098656 0.025151 0.208099 -0.181674 -0.094315 -0.350100
10 -0.509627 -0.450151 0.492504 -0.515934 0.053609 0.340979 0.148907 -0.179979 0.124034 0.042417 0.033631 0.432780 -0.128767 0.073465 0.175332 -0.155531 -0.090736 -0.305245
17 -0.509877 -0.439846 0.506870 -0.477156 -0.000595 0.248635 0.130287 -0.138797 0.137748 0.100666 0.034313 0.444242 -0.071258 0.089641 0.164420 -0.148214 -0.096375 -0.369520
8 -0.537279 -0.490719 0.542112 -0.510348 0.003242 0.298314 0.136147 -0.160158 0.102101 0.101736 0.033012 0.432162 -0.127579 0.067292 0.208013 -0.194428 -0.063194 -0.349372
1 -0.571487 -0.483579 0.568603 -0.532786 0.073593 0.260833 0.100970 -0.171268 0.096118 0.065423 0.001046 0.388045 -0.089149 0.100061 0.171751 -0.185607 -0.072569 -0.362765
13 -0.525565 -0.468126 0.528510 -0.582476 -0.013911 0.301104 0.156754 -0.164605 0.147926 0.112121 0.031851 0.487092 -0.083854 -0.027702 0.201375 -0.208976 -0.150782 -0.365326
2 -0.522811 -0.480304 0.520560 -0.582997 -0.001967 0.330350 0.170234 -0.140682 0.126798 0.081682 0.026207 0.518104 -0.084503 -0.016048 0.193969 -0.227601 -0.147438 -0.340501
12 -0.548398 -0.471631 0.505062 -0.520152 -0.005165 0.268693 0.100041 -0.180894 0.074310 0.098432 0.086064 0.453109 -0.117285 0.058135 0.180490 -0.159041 -0.099663 -0.322639
3 -0.533533 -0.433172 0.519731 -0.495515 0.017630 0.274613 0.135255 -0.150481 0.076883 0.070421 0.055949 0.407540 -0.123677 0.014500 0.166779 -0.194724 -0.063215 -0.353688
14 -0.546239 -0.456430 0.565081 -0.536497 0.098988 0.310389 0.089937 -0.211782 0.054958 0.063376 -0.025902 0.384872 -0.114722 0.113709 0.191565 -0.161892 -0.083407 -0.346222
16 -0.537973 -0.440800 0.527271 -0.508543 0.023130 0.288056 0.140962 -0.175445 0.098513 0.078178 0.021752 0.436820 -0.115167 0.096310 0.207691 -0.193496 -0.121465 -0.378532
15 -0.568895 -0.463327 0.565837 -0.528720 0.083415 0.313272 0.113392 -0.222500 0.066540 0.048155 0.017443 0.372021 -0.103220 0.133572 0.201112 -0.179633 -0.109434 -0.370825
0 -0.517342 -0.462175 0.507642 -0.542787 -0.010371 0.300675 0.115501 -0.158496 0.106149 0.082931 0.062307 0.445050 -0.088801 0.042148 0.206774 -0.192650 -0.076756 -0.346786
11 -0.022755 -0.017997 0.010402 0.008892 0.014438 -0.011029 -0.020096 0.023319 0.018649 -0.022508 -0.004615 0.005927 -0.014992 0.016644 0.025927 -0.023252 -0.010098 -0.005158
5 0.004065 -0.024114 -0.027650 -0.000619 0.020703 -0.008521 0.024223 -0.023969 0.025914 -0.018771 0.021210 0.020548 -0.020024 0.006829 0.014933 -0.023795 -0.013973 -0.021943
6 0.007299 -0.006988 0.006429 0.025394 0.003018 0.008962 0.013628 0.017139 -0.003415 0.002961 0.009307 -0.005691 -0.008572 -0.012634 0.015137 0.000585 -0.007433 -0.019036
