18 18
15 -0.052939 -0.410684 0.051305 -0.136262 -0.405814 0.081040 0.165441 0.290560 0.393848 0.121035 0.396995 0.597896 0.096259 -0.159288 0.308059 -0.113048 -0.094658 -0.383036
17 -0.005474 -0.346049 0.010640 -0.074875 -0.449484 0.025984 0.145213 0.329516 0.385830 0.162194 0.376936 0.622289 0.122604 -0.144533 0.253698 -0.054976 -0.079783 -0.356829
9 -0.029877 -0.374888 0.002814 -0.106832 -0.419780 0.060119 0.159992 0.336381 0.419762 0.123208 0.398714 0.629215 0.090200 -0.198543 0.286294 -0.111410 -0.080671 -0.358263
6 -0.031292 -0.409360 0.042962 -0.090321 -0.402777 0.070587 0.177993 0.335216 0.404368 0.118335 0.406635 0.593929 0.072086 -0.188743 0.320108 -0.117241 -0.073622 -0.405000
0 -0.041856 -0.401478 0.031182 -0.132138 -0.428504 0.083629 0.147533 0.317185 0.391949 0.114625 0.420263 0.599771 0.082706 -0.180379 0.319882 -0.122091 -0.037785 -0.376947
8 -0.000488 -0.393076 0.024678 -0.090796 -0.445039 0.055350 0.167847 0.326985 0.396317 0.158443 0.365925 0.608028 0.084372 -0.174217 0.307059 -0.108124 -0.066299 -0.360026
14 -0.024371 -0.396610 0.040816 -0.128582 -0.419725 0.064898 0.145900 0.315750 0.391304 0.153536 0.363848 0.641972 0.091345 -0.173709 0.287408 -0.080380 -0.064390 -0.367951
16 -0.028884 -0.359228 0.028781 -0.097783 -0.419257 0.051314 0.170637 0.325220 0.404365 0.122024 0.377803 0.616634 0.081161 -0.147063 0.314305 -0.121229 -0.087477 -0.410688
7 0.009146 -0.370924 -0.008172 -0.105024 -0.446566 0.072025 0.163318 0.333597 0.424385 0.125894 0.376168 0.618683 0.098726 -0.201566 0.311528 -0.090267 -0.075451 -0.371349
13 -0.002390 -0.378196 0.030123 -0.121964 -0.430140 0.049278 0.162058 0.305952 0.406520 0.146202 0.375348 0.592342 0.106229 -0.191443 0.303522 -0.103900 -0.095866 -0.380491
10 -0.055903 -0.426355 0.039752 -0.103934 -0.380415 0.095486 0.206400 0.332982 0.443503 0.078044 0.422927 0.615356 0.036136 -0.159493 0.283592 -0.107223 -0.028259 -0.377724
3 -0.087916 -0.425584 0.081017 -0.110096 -0.395960 0.076641 0.204298 0.339267 0.406041 0.092224 0.427865 0.590673 0.031304 -0.210389 0.298501 -0.152955 -0.017724 -0.424176
1 -0.082061 -0.435077 0.073840 -0.121619 -0.358743 0.044960 0.183783 0.339728 0.441548 0.086544 0.380346 0.561357 0.064270 -0.189924 0.286429 -0.149636 -0.027677 -0.405626
11 -0.075777 -0.402723 0.056135 -0.095033 -0.347861 0.056619 0.148829 0.331469 0.416985 0.065811 0.370861 0.554832 0.038001 -0.152722 0.309110 -0.144725 -0.044771 -0.375592
5 -0.020788 -0.409487 -0.000768 -0.110899 -0.395042 0.050554 0.183348 0.286210 0.426065 0.109711 0.404149 0.623174 0.066981 -0.160309 0.315579 -0.126602 -0.089299 -0.399641
2 0.015424 -0.353664 0.006488 -0.107911 -0.420296 0.044147 0.143943 0.311770 0.323788 0.142088 0.348044 0.604348 0.121753 -0.170852 0.255947 -0.090106 -0.102028 -0.310292
4 -0.013852 -0.344644 0.017593 -0.084146 -0.427124 0.023893 0.131331 0.370663 0.408878 0.123229 0.427628 0.641666 0.130686 -0.180364 0.284104 -0.103662 -0.073188 -0.402154
12 -0.031494 -0.389534 0.017457 -0.123876 -0.460458 0.027007 0.120855 0.297286 0.354805 0.177719 0.407751 0.661482 0.115959 -0.151502 0.280464 -0.061062 -0.124318 -0.343521
