18 18
5 -0.350917 -0.593008 0.197143 -0.284406 -0.097311 -0.048738 0.193546 0.002450 0.311748 0.029155 0.091516 0.605638 -0.144590 0.064579 0.333302 -0.360585 -0.265706 -0.444136
17 -0.330523 -0.543262 0.193474 -0.254618 -0.143833 -0.089678 0.143129 0.031530 0.294241 0.064712 0.118408 0.598110 -0.070795 0.087261 0.237924 -0.248272 -0.225589 -0.380633
3 -0.352073 -0.435619 0.301471 -0.284683 -0.024293 -0.111786 0.108897 0.036724 0.206670 0.003199 0.121568 0.446297 -0.097124 -0.127587 0.270123 -0.426867 -0.224625 -0.485466
16 -0.323526 -0.478138 0.234664 -0.265420 -0.107246 -0.060605 0.146260 0.018442 0.248680 0.043171 0.057937 0.515528 -0.097622 0.041717 0.306139 -0.339294 -0.264757 -0.423554
15 -0.374356 -0.499363 0.339298 -0.318862 -0.072913 -0.054117 0.134594 0.029033 0.249252 0.030930 0.068634 0.498782 -0.074503 -0.063711 0.337493 -0.423034 -0.294589 -0.506270
12 -0.404554 -0.659575 0.189804 -0.329760 -0.141553 -0.109364 0.125829 -0.014708 0.301047 0.065105 0.164912 0.703475 -0.106803 0.116713 0.271545 -0.271906 -0.282291 -0.372264
7 -0.317951 -0.525082 0.258207 -0.290914 -0.141826 -0.020294 0.155746 0.053254 0.282225 0.051209 0.027553 0.552016 -0.094701 -0.016298 0.344096 -0.346386 -0.258051 -0.443033
11 -0.347864 -0.505335 0.259452 -0.270128 -0.073564 -0.085093 0.097230 0.058852 0.267466 0.012330 0.074820 0.513990 -0.095059 0.006696 0.317260 -0.373673 -0.251396 -0.427017
6 -0.351955 -0.521465 0.375504 -0.283181 -0.096191 -0.014070 0.188569 0.085115 0.257976 0.055347 0.017209 0.515417 -0.120001 -0.104297 0.412690 -0.464176 -0.309410 -0.576051
14 -0.349261 -0.523840 0.305235 -0.302278 -0.085449 -0.043239 0.130758 0.041482 0.239717 0.061978 0.023231 0.544398 -0.105167 -0.019064 0.306772 -0.348451 -0.238017 -0.447363
13 -0.324145 -0.334485 0.410833 -0.358196 0.034364 -0.168513 0.050515 0.016566 0.197350 0.007231 0.119216 0.317701 -0.007601 -0.320962 0.316402 -0.557644 -0.299737 -0.608572
10 -0.369982 -0.614380 0.221749 -0.303027 -0.114799 -0.043450 0.177425 0.029929 0.332559 0.031071 0.115262 0.669713 -0.120455 0.088987 0.290206 -0.301311 -0.265005 -0.409242
9 -0.343164 -0.470309 0.265797 -0.297923 -0.069447 -0.075704 0.120120 0.050334 0.264942 0.031810 0.081165 0.515797 -0.079339 -0.089308 0.296398 -0.395867 -0.270918 -0.448784
2 -0.348711 -0.614324 0.206242 -0.313705 -0.130804 -0.084258 0.150086 0.038301 0.278669 0.044931 0.106316 0.660491 -0.085727 0.065670 0.276359 -0.321172 -0.270154 -0.380556
4 -0.331525 -0.298400 0.394090 -0.317453 0.069078 -0.177169 0.014953 0.064992 0.183222 -0.028540 0.151982 0.334950 -0.010943 -0.308051 0.291311 -0.552373 -0.253089 -0.601730
0 -0.374018 -0.603557 0.236773 -0.331315 -0.141946 -0.042255 0.149573 0.012309 0.297032 0.037805 0.119394 0.608630 -0.105737 0.063681 0.352283 -0.365399 -0.248332 -0.443081
1 -0.389956 -0.636275 0.204861 -0.307572 -0.120907 -0.096134 0.145052 0.035239 0.324985 0.046530 0.097185 0.637120 -0.094983 0.109140 0.265670 -0.298003 -0.226086 -0.379228
8 -0.332737 -0.508039 0.334660 -0.284370 -0.098899 -0.034433 0.158847 0.061266 0.241450 0.058636 0.026163 0.496660 -0.112706 -0.069666 0.362361 -0.430675 -0.259091 -0.490187
