18 18
11 -0.293076 -0.520624 0.185953 -0.297047 -0.033892 -0.024121 0.059363 0.123773 0.210179 -0.097905 0.323083 0.566884 -0.098083 -0.129197 0.409348 -0.438410 -0.215118 -0.477421
0 -0.245301 -0.525393 0.172680 -0.387436 -0.131895 0.073057 0.046197 0.080574 0.180854 -0.027390 0.227823 0.509014 -0.037259 -0.147257 0.413856 -0.408254 -0.116697 -0.374764
9 -0.282816 -0.517023 0.153218 -0.317681 -0.045912 0.001238 0.086561 0.112043 0.208227 -0.085258 0.320397 0.570233 -0.087411 -0.177661 0.380431 -0.444357 -0.199470 -0.443408
15 -0.296270 -0.553832 0.200980 -0.378907 -0.072990 0.060207 0.068484 0.079168 0.201111 -0.064307 0.264339 0.538423 -0.062548 -0.145966 0.415305 -0.438330 -0.173067 -0.426174
7 -0.220304 -0.516260 0.143806 -0.356911 -0.113350 0.067047 0.066238 0.111737 0.217761 -0.056645 0.217690 0.517624 -0.049442 -0.194363 0.418908 -0.417765 -0.126842 -0.393274
1 -0.278663 -0.520087 0.192965 -0.313708 -0.047773 -0.021671 0.075500 0.136004 0.195903 -0.069710 0.260418 0.509074 -0.062124 -0.173951 0.362509 -0.445206 -0.140006 -0.439251
5 -0.244630 -0.525353 0.135958 -0.295185 -0.031592 -0.016717 0.124521 0.085228 0.201429 -0.102293 0.352127 0.574318 -0.099989 -0.159529 0.395522 -0.460068 -0.200899 -0.494640
2 -0.231287 -0.535418 0.161447 -0.332439 -0.088664 0.016236 0.109531 0.128400 0.160283 -0.072643 0.288461 0.578236 -0.059922 -0.183627 0.403088 -0.477052 -0.187907 -0.441095
3 -0.273597 -0.461906 0.184028 -0.220962 -0.026073 -0.051560 0.131266 0.125708 0.128499 -0.107796 0.372781 0.502035 -0.121941 -0.184953 0.327881 -0.442663 -0.157396 -0.503471
4 -0.252145 -0.451000 0.166575 -0.255181 -0.031426 -0.071045 0.081750 0.143823 0.183164 -0.096029 0.387010 0.569875 -0.062788 -0.168246 0.353981 -0.433190 -0.205236 -0.521200
10 -0.292301 -0.559349 0.184336 -0.339592 -0.048143 0.010500 0.107323 0.099274 0.235369 -0.092123 0.363212 0.626462 -0.101373 -0.136537 0.407260 -0.432315 -0.215754 -0.502407
6 -0.252475 -0.523176 0.174715 -0.283145 -0.043398 0.022729 0.103662 0.122743 0.176822 -0.079938 0.305415 0.521157 -0.090611 -0.171583 0.397689 -0.438296 -0.169512 -0.458778
16 -0.252422 -0.482707 0.173438 -0.315694 -0.081809 0.001947 0.086508 0.086132 0.184788 -0.043673 0.245656 0.531721 -0.072412 -0.113962 0.395400 -0.415249 -0.202382 -0.444037
14 -0.265004 -0.530669 0.196231 -0.368626 -0.060992 0.042201 0.044256 0.078178 0.176381 -0.040432 0.228590 0.537560 -0.071583 -0.150418 0.394638 -0.400101 -0.145870 -0.409711
17 -0.255459 -0.499598 0.180355 -0.294269 -0.116453 -0.033785 0.091874 0.124332 0.214339 -0.023955 0.293606 0.574674 -0.044858 -0.127433 0.366168 -0.389470 -0.188897 -0.474647
13 -0.235426 -0.499058 0.185249 -0.350177 -0.099440 -0.010203 0.087177 0.073163 0.202000 -0.023014 0.268335 0.535874 -0.046952 -0.168920 0.390949 -0.406153 -0.209901 -0.462213
12 -0.278047 -0.520251 0.167665 -0.319232 -0.076119 -0.031034 0.085435 0.079601 0.164846 -0.057837 0.366096 0.589894 -0.081479 -0.145950 0.377834 -0.413277 -0.226366 -0.470506
8 -0.253815 -0.566779 0.188198 -0.353037 -0.118079 0.048837 0.087567 0.119295 0.196236 -0.032708 0.245313 0.552941 -0.076239 -0.176055 0.433849 -0.464271 -0.138881 -0.415167
