18 18
0 -0.501587 -0.486484 0.254646 -0.286187 -0.101382 -0.068013 -0.128904 0.002633 0.100822 -0.050249 0.311850 0.402951 -0.235150 0.085742 0.402346 -0.318660 -0.179324 -0.287978
1 -0.482566 -0.501842 0.259619 -0.269437 -0.071789 -0.113899 -0.085330 0.043405 0.130850 -0.057986 0.281475 0.403778 -0.224753 0.032497 0.369287 -0.356853 -0.177230 -0.312117
11 -0.581790 -0.418480 0.315247 -0.317146 -0.032942 0.012670 -0.336816 -0.119968 0.119662 0.002302 0.158577 0.389246 -0.280360 0.344085 0.443854 -0.107259 -0.294790 -0.126179
4 -0.493392 -0.461272 0.258539 -0.254011 -0.059713 -0.095203 -0.123103 0.040986 0.115098 -0.072435 0.309669 0.422433 -0.230565 0.074263 0.387554 -0.333052 -0.199366 -0.314014
12 -0.576057 -0.473221 0.302351 -0.340361 -0.084240 -0.026515 -0.263380 -0.118169 0.086966 0.013952 0.255779 0.438833 -0.273423 0.244211 0.426708 -0.160306 -0.277701 -0.195288
10 -0.558650 -0.496635 0.291538 -0.306405 -0.064913 -0.016054 -0.175911 -0.035642 0.141198 -0.052631 0.279525 0.462645 -0.292398 0.202179 0.421163 -0.243345 -0.232306 -0.239403
5 -0.417831 -0.499543 0.188600 -0.220677 -0.064984 -0.109479 0.013013 0.030900 0.128743 -0.096332 0.336651 0.430336 -0.253965 0.004004 0.372843 -0.401593 -0.181861 -0.359650
2 -0.446994 -0.518504 0.233751 -0.254864 -0.103541 -0.117750 -0.021697 0.085273 0.089566 -0.088253 0.329908 0.449199 -0.231592 -0.022019 0.382376 -0.438954 -0.195947 -0.338259
3 -0.502040 -0.459494 0.269973 -0.245715 -0.068963 -0.083833 -0.087731 0.018629 0.088261 -0.066393 0.295160 0.392498 -0.277801 0.051786 0.373517 -0.344945 -0.169081 -0.312230
9 -0.481758 -0.451447 0.220996 -0.265678 -0.069871 -0.056783 -0.123106 0.013218 0.148993 -0.055258 0.269772 0.449226 -0.266873 0.085724 0.406071 -0.322677 -0.226894 -0.266421
16 -0.515786 -0.444740 0.280653 -0.282766 -0.073281 -0.042068 -0.154157 -0.046732 0.108533 -0.026950 0.230237 0.418837 -0.267286 0.188499 0.423627 -0.259152 -0.253581 -0.274263
7 -0.474358 -0.512756 0.236075 -0.277334 -0.111469 -0.076583 -0.075029 0.050004 0.152248 -0.080548 0.312873 0.455052 -0.248530 0.015981 0.429955 -0.375001 -0.183908 -0.348957
8 -0.462992 -0.513375 0.253714 -0.246863 -0.107192 -0.082935 -0.056557 0.054151 0.122327 -0.053313 0.296961 0.437431 -0.267216 0.036004 0.417192 -0.394011 -0.178769 -0.320057
14 -0.542582 -0.462971 0.310457 -0.317230 -0.044169 -0.008852 -0.220029 -0.075017 0.100358 -0.008243 0.205427 0.426919 -0.281076 0.206662 0.424708 -0.206114 -0.223914 -0.230321
13 -0.567412 -0.515594 0.323282 -0.354535 -0.087149 -0.049862 -0.206598 -0.080572 0.124711 -0.007001 0.262365 0.440514 -0.276116 0.173539 0.470731 -0.265939 -0.287428 -0.274986
15 -0.579863 -0.500361 0.316288 -0.334179 -0.058664 -0.006184 -0.195328 -0.080843 0.119263 -0.037419 0.260627 0.434069 -0.273379 0.206946 0.450823 -0.252505 -0.269907 -0.255569
6 -0.455716 -0.516098 0.236097 -0.226032 -0.087074 -0.096768 -0.028706 0.063151 0.117489 -0.073417 0.340773 0.435124 -0.261756 -0.003230 0.416291 -0.395660 -0.200315 -0.370901
17 -0.527697 -0.493049 0.282722 -0.269352 -0.100888 -0.080201 -0.128268 0.003929 0.141950 -0.028527 0.296706 0.466578 -0.257161 0.136731 0.404966 -0.288815 -0.223350 -0.316471
