18 18
17 -0.305545 -0.607908 0.245529 0.094116 -0.047218 -0.087771 0.326899 0.234835 0.552272 0.055835 0.132300 0.430282 -0.369269 0.088864 0.246985 -0.262470 0.065772 -0.414459
6 -0.261346 -0.581720 0.255367 0.068903 -0.042877 -0.049431 0.285454 0.234792 0.511755 0.068068 0.116748 0.378240 -0.339536 0.014062 0.292253 -0.242400 0.035174 -0.394649
0 -0.228796 -0.575324 0.246085 -0.026760 -0.099593 -0.016313 0.188894 0.201325 0.503152 0.093728 0.140072 0.390671 -0.260995 -0.025404 0.352909 -0.200847 0.017691 -0.390800
14 -0.271719 -0.622876 0.297542 0.005334 -0.047072 -0.031604 0.245960 0.213210 0.520175 0.100599 0.085594 0.410961 -0.331485 0.000474 0.319111 -0.215163 0.041983 -0.402577
11 -0.305529 -0.554631 0.217996 0.078349 0.009807 -0.080186 0.274415 0.219756 0.495737 -0.005011 0.101192 0.359572 -0.376303 0.066943 0.251724 -0.307735 0.045618 -0.346736
13 -0.243272 -0.580708 0.265345 0.002423 -0.061208 -0.047042 0.288236 0.176365 0.528474 0.097849 0.070412 0.361615 -0.323727 -0.005864 0.296450 -0.229341 0.007730 -0.384891
16 -0.314614 -0.569480 0.239393 0.105740 -0.005080 -0.078956 0.390614 0.201236 0.500851 0.022087 0.073023 0.366488 -0.431533 0.120602 0.226275 -0.328891 0.078959 -0.379305
3 -0.367522 -0.591330 0.246992 0.125600 0.032950 -0.100058 0.406933 0.208819 0.489839 -0.020705 0.113532 0.349493 -0.480453 0.086431 0.179521 -0.372183 0.133746 -0.383475
8 -0.357898 -0.617260 0.243536 0.161378 0.028246 -0.100870 0.474650 0.205143 0.489505 -0.004873 0.060528 0.332171 -0.522593 0.149496 0.169979 -0.405988 0.158159 -0.342584
5 -0.321648 -0.578747 0.177449 0.112448 0.050657 -0.100912 0.389658 0.164290 0.492093 -0.035044 0.116592 0.350291 -0.449304 0.105877 0.188007 -0.359204 0.087463 -0.349656
9 -0.328074 -0.560710 0.193082 0.083801 0.019070 -0.081740 0.336460 0.217210 0.517954 -0.005801 0.108224 0.378837 -0.413502 0.041502 0.196183 -0.333175 0.077433 -0.330176
1 -0.405954 -0.668446 0.286019 0.132754 0.046811 -0.141693 0.460034 0.234129 0.550871 -0.006673 0.062577 0.358812 -0.498201 0.144256 0.166542 -0.409660 0.151541 -0.387544
12 -0.307174 -0.650748 0.281481 0.004768 -0.072002 -0.059314 0.275537 0.193036 0.542603 0.101833 0.123850 0.433121 -0.362571 0.026557 0.318702 -0.236446 0.010923 -0.404963
7 -0.238004 -0.574021 0.229611 0.027215 -0.064621 -0.033770 0.284094 0.207005 0.534524 0.064767 0.075913 0.373509 -0.329198 -0.004164 0.301788 -0.236681 0.036710 -0.377083
4 -0.265119 -0.539601 0.232358 0.055357 -0.021469 -0.069319 0.240477 0.241321 0.510820 0.038150 0.138145 0.394881 -0.319743 0.013192 0.276601 -0.262369 0.046836 -0.394287
10 -0.305604 -0.594375 0.232638 0.094399 0.000689 -0.049538 0.374199 0.199852 0.530565 0.015640 0.105552 0.382568 -0.418799 0.119362 0.207548 -0.267389 0.096815 -0.342431
15 -0.025404 -0.016269 0.019351 -0.021953 0.006735 0.026510 0.013636 -0.025312 0.000633 -0.010033 0.011049 -0.002501 0.001724 0.010837 0.011554 -0.010070 -0.020449 -0.014280
2 0.021368 -0.003688 -0.004957 -0.007525 -0.007603 0.001755 0.011077 0.016235 -0.024745 -0.003279 -0.008624 0.014563 0.014594 -0.017313 -0.004715 -0.020484 -0.014205 0.014938
