18 18
1 -0.359439 -0.648137 0.355919 -0.392918 -0.168679 -0.051707 0.159163 0.033966 0.350880 0.227522 -0.003138 0.494947 -0.104478 -0.141092 0.246299 -0.267014 -0.066584 -0.375605
16 -0.313964 -0.553310 0.279765 -0.332028 -0.172755 -0.033051 0.187056 -0.014704 0.322453 0.190370 0.034244 0.500579 -0.131414 -0.045277 0.273931 -0.260685 -0.127361 -0.384866
0 -0.348730 -0.614529 0.280445 -0.383348 -0.210774 -0.028914 0.156885 -0.034429 0.332674 0.206111 0.101259 0.542386 -0.102134 -0.041443 0.282994 -0.251927 -0.099268 -0.376919
12 -0.349568 -0.602742 0.285064 -0.366354 -0.202934 -0.041560 0.149795 -0.033866 0.317114 0.225080 0.080039 0.540493 -0.118948 -0.051077 0.262570 -0.218947 -0.128721 -0.355508
15 -0.371653 -0.604047 0.311238 -0.365556 -0.170012 -0.021419 0.190389 -0.045381 0.325672 0.181789 0.079281 0.521360 -0.117509 -0.031336 0.275387 -0.269801 -0.130867 -0.406078
2 -0.345273 -0.647484 0.322901 -0.392684 -0.198449 -0.032394 0.192669 0.005981 0.332845 0.213752 0.041800 0.560406 -0.115291 -0.096339 0.282025 -0.295200 -0.120760 -0.390858
13 -0.314956 -0.604805 0.309905 -0.387307 -0.198291 -0.033415 0.174649 -0.030793 0.349328 0.230029 0.031354 0.496292 -0.101275 -0.097449 0.278366 -0.245386 -0.126893 -0.381492
11 -0.344180 -0.578866 0.279920 -0.323635 -0.156449 -0.045568 0.141345 0.009866 0.342499 0.165641 0.052543 0.512137 -0.123795 -0.027162 0.275016 -0.255258 -0.118686 -0.360589
14 -0.336130 -0.605444 0.336614 -0.369106 -0.164178 -0.011366 0.142685 -0.011534 0.306147 0.232370 0.007880 0.516444 -0.132880 -0.092981 0.269389 -0.229027 -0.078290 -0.368522
8 -0.343528 -0.659788 0.356505 -0.382310 -0.217006 -0.010767 0.191406 0.005224 0.340494 0.256082 0.014129 0.525623 -0.145778 -0.114310 0.305355 -0.275181 -0.077833 -0.394602
3 -0.359796 -0.605263 0.352091 -0.365069 -0.176866 -0.020196 0.193912 0.001117 0.304679 0.205956 0.040240 0.488330 -0.156815 -0.133454 0.262398 -0.279876 -0.062421 -0.408207
6 -0.334674 -0.658995 0.353548 -0.373164 -0.199278 0.001855 0.202329 0.020925 0.355219 0.241009 0.022293 0.522065 -0.145898 -0.140922 0.313886 -0.264583 -0.100798 -0.414354
4 -0.349829 -0.586279 0.313354 -0.353400 -0.174100 -0.053531 0.156128 0.012693 0.331530 0.197468 0.082909 0.539464 -0.106270 -0.079358 0.267870 -0.268874 -0.097502 -0.413067
10 -0.319681 -0.605172 0.278666 -0.360719 -0.177100 -0.001695 0.184955 -0.019062 0.368087 0.195103 0.057233 0.529179 -0.130342 -0.050968 0.255268 -0.212527 -0.101591 -0.347806
5 -0.303216 -0.554846 0.217844 -0.310425 -0.128987 -0.048895 0.169941 -0.041322 0.320004 0.142346 0.095115 0.489581 -0.121942 -0.031585 0.247063 -0.254207 -0.115770 -0.357839
17 -0.353545 -0.613973 0.277022 -0.336518 -0.217061 -0.064207 0.189735 -0.012769 0.381272 0.223299 0.099609 0.602677 -0.103708 -0.010675 0.257180 -0.227925 -0.124792 -0.416534
7 -0.313574 -0.617092 0.297778 -0.390459 -0.205888 -0.005293 0.175268 0.002220 0.370439 0.212752 0.009812 0.508771 -0.108955 -0.132425 0.286898 -0.244818 -0.087328 -0.371134
9 -0.357429 -0.623648 0.298595 -0.382250 -0.177086 -0.027366 0.162979 0.012906 0.367234 0.208172 0.044158 0.542282 -0.118891 -0.126804 0.263332 -0.266247 -0.106550 -0.364156
