18 18
4 -0.230567 -0.323753 -0.093002 -0.125818 -0.018610 0.023507 0.173083 0.328556 0.420204 -0.319160 0.276673 0.512042 -0.180357 -0.272909 0.282281 -0.481940 -0.119464 -0.275772
9 -0.254198 -0.383595 -0.097171 -0.160154 -0.018482 0.054241 0.193026 0.313017 0.434409 -0.319391 0.245063 0.512734 -0.216715 -0.288214 0.276063 -0.492656 -0.111648 -0.203267
0 -0.251796 -0.383846 -0.058836 -0.176693 -0.038569 0.054978 0.181417 0.278052 0.372241 -0.297234 0.258551 0.472763 -0.203543 -0.259560 0.297783 -0.497805 -0.085940 -0.240958
7 -0.219633 -0.385803 -0.098573 -0.167707 -0.041676 0.108436 0.201058 0.294824 0.458000 -0.326794 0.214870 0.501044 -0.207886 -0.268832 0.328208 -0.470465 -0.111425 -0.220276
5 -0.213963 -0.360790 -0.111404 -0.135367 -0.008446 0.043467 0.209612 0.250397 0.423290 -0.307886 0.255250 0.498892 -0.206271 -0.231927 0.289993 -0.459185 -0.137307 -0.257272
15 -0.279001 -0.408321 -0.048874 -0.185841 -0.018434 0.104094 0.218981 0.255798 0.413199 -0.325782 0.252911 0.497765 -0.218601 -0.232127 0.317005 -0.493586 -0.144728 -0.248167
16 -0.246816 -0.383800 -0.076204 -0.157267 -0.045059 0.053735 0.223233 0.295856 0.423104 -0.307748 0.234508 0.530961 -0.227270 -0.240313 0.331995 -0.515548 -0.154333 -0.275723
10 -0.257484 -0.412994 -0.069843 -0.163134 -0.001547 0.106487 0.210435 0.289958 0.448994 -0.339829 0.241509 0.497898 -0.237473 -0.219503 0.281927 -0.457621 -0.080879 -0.189246
1 -0.282244 -0.413295 -0.035518 -0.178117 -0.000664 0.032375 0.193542 0.307278 0.421480 -0.310966 0.225899 0.475668 -0.204595 -0.272821 0.272640 -0.510776 -0.079234 -0.245529
11 -0.265030 -0.390860 -0.033325 -0.139364 0.000928 0.046458 0.155983 0.297359 0.382950 -0.307146 0.198021 0.435726 -0.221937 -0.214806 0.283346 -0.467679 -0.089385 -0.189028
2 -0.221465 -0.383085 -0.081628 -0.158563 -0.024098 0.062364 0.202864 0.310808 0.378784 -0.321813 0.233562 0.497627 -0.204300 -0.278211 0.275071 -0.494760 -0.110390 -0.201226
12 -0.273289 -0.402315 -0.067469 -0.176262 -0.036326 0.049519 0.181071 0.265628 0.380277 -0.295357 0.272980 0.513982 -0.219757 -0.250633 0.289597 -0.467657 -0.130475 -0.226886
6 -0.233158 -0.378128 -0.061986 -0.128421 -0.026608 0.057375 0.203225 0.295962 0.379476 -0.289576 0.246760 0.474726 -0.213625 -0.261467 0.295186 -0.468502 -0.120135 -0.244970
3 -0.288205 -0.390812 -0.026513 -0.151612 0.003613 0.055463 0.209955 0.297858 0.369949 -0.329558 0.244463 0.443490 -0.255743 -0.284188 0.258069 -0.507002 -0.049924 -0.231163
17 -0.242423 -0.372893 -0.077876 -0.125784 -0.055436 0.029206 0.209276 0.317753 0.459834 -0.286554 0.259696 0.533273 -0.185739 -0.231671 0.275360 -0.448225 -0.119932 -0.274951
8 -0.276370 -0.448390 -0.019130 -0.163893 -0.026619 0.087348 0.209600 0.300443 0.407393 -0.298816 0.208359 0.465072 -0.253536 -0.238051 0.310719 -0.508246 -0.063345 -0.198804
13 0.019096 0.002747 0.009678 -0.019404 -0.008210 -0.004883 0.008138 -0.018294 0.006568 0.019257 -0.015253 -0.018294 0.012156 -0.023377 0.007956 -0.002520 -0.021393 -0.009389
14 -0.011733 -0.016220 0.026785 -0.021827 0.014521 0.009558 -0.015588 -0.009492 -0.015071 0.014490 -0.026914 0.011819 -0.010079 -0.001944 0.000728 0.009641 0.015475 -0.000266
