18 18
14 -0.097762 -0.455860 0.418503 -0.175455 -0.103349 -0.105714 0.314745 0.212850 0.254748 0.198115 0.060483 0.461953 0.023509 -0.321558 0.154124 -0.328372 -0.069978 -0.625203
6 -0.063168 -0.403023 0.370489 -0.114303 -0.112687 -0.098143 0.314024 0.245663 0.231683 0.173950 0.099216 0.410084 0.032742 -0.328359 0.149120 -0.312348 -0.078996 -0.586247
3 -0.094070 -0.377436 0.389798 -0.129052 -0.104590 -0.114172 0.305390 0.223649 0.206244 0.163416 0.093267 0.384328 0.016795 -0.327116 0.119114 -0.317329 -0.047183 -0.578757
12 -0.096460 -0.427379 0.361474 -0.155304 -0.132534 -0.109685 0.293480 0.192895 0.223342 0.191262 0.111446 0.442944 0.023024 -0.291188 0.142312 -0.292811 -0.097714 -0.554337
8 -0.079276 -0.434173 0.387446 -0.132348 -0.136050 -0.096952 0.329102 0.229893 0.248800 0.197424 0.073597 0.422285 0.014307 -0.308240 0.160764 -0.334656 -0.059380 -0.579395
4 -0.069839 -0.402428 0.389050 -0.132374 -0.112703 -0.129650 0.291654 0.270219 0.246517 0.175850 0.120990 0.454560 0.062994 -0.333285 0.137507 -0.325763 -0.066517 -0.620139
16 -0.077292 -0.420684 0.396954 -0.149511 -0.130002 -0.120731 0.357515 0.222990 0.271028 0.191061 0.068345 0.466694 0.022019 -0.314628 0.181585 -0.365951 -0.109759 -0.673075
10 -0.075853 -0.449079 0.378610 -0.149206 -0.114069 -0.084986 0.348867 0.230989 0.287586 0.170099 0.112683 0.477260 0.017420 -0.309943 0.148157 -0.324055 -0.077359 -0.600767
1 -0.100280 -0.445415 0.410006 -0.171907 -0.108014 -0.136826 0.322845 0.246948 0.286060 0.180577 0.058059 0.418335 0.057875 -0.340089 0.144614 -0.357877 -0.070262 -0.615816
0 -0.074744 -0.440601 0.362932 -0.171583 -0.140187 -0.082291 0.315460 0.207573 0.257322 0.174517 0.118078 0.435144 0.033207 -0.304076 0.180138 -0.335474 -0.061169 -0.589278
15 -0.108908 -0.437130 0.398613 -0.169751 -0.099834 -0.089190 0.333516 0.201206 0.275476 0.167865 0.099571 0.440597 0.037938 -0.306254 0.165893 -0.348413 -0.106728 -0.625739
5 -0.071118 -0.465885 0.357444 -0.145265 -0.107793 -0.117409 0.369331 0.203039 0.295875 0.169690 0.116586 0.478343 0.006958 -0.315448 0.169552 -0.356347 -0.099575 -0.636790
17 -0.074155 -0.407075 0.376671 -0.123359 -0.140799 -0.126609 0.317576 0.245646 0.262900 0.196874 0.093487 0.449383 0.056491 -0.298662 0.124566 -0.293823 -0.072846 -0.601347
11 -0.096182 -0.424738 0.379512 -0.137585 -0.095721 -0.117249 0.290111 0.240711 0.271109 0.154066 0.081071 0.432093 0.026335 -0.299155 0.175400 -0.349389 -0.091841 -0.597632
13 -0.045955 -0.420541 0.402364 -0.164150 -0.125483 -0.122221 0.339279 0.220582 0.265594 0.206308 0.062341 0.413653 0.060213 -0.372433 0.163535 -0.349270 -0.109839 -0.626213
7 -0.057721 -0.456004 0.381951 -0.157744 -0.157413 -0.093042 0.354873 0.245909 0.292612 0.191967 0.096920 0.479972 0.032727 -0.362711 0.178184 -0.336906 -0.075463 -0.639116
9 -0.098977 -0.425512 0.384195 -0.160939 -0.115721 -0.127662 0.328754 0.253498 0.301924 0.183010 0.082692 0.464965 0.042937 -0.366170 0.144311 -0.356991 -0.095837 -0.615405
2 -0.050020 -0.433668 0.396658 -0.157306 -0.131026 -0.112737 0.331769 0.268808 0.222046 0.186243 0.083813 0.464628 0.063964 -0.368469 0.145763 -0.360683 -0.089592 -0.601398
