18 18
4 -0.305454 -0.371481 0.285975 -0.400572 -0.148051 0.102652 0.019905 0.318796 0.162540 -0.104339 0.198980 0.427342 0.031931 -0.403474 0.329875 -0.483709 -0.121650 -0.325118
2 -0.261482 -0.378495 0.280891 -0.398497 -0.178589 0.105497 0.056471 0.294943 0.129838 -0.066789 0.131615 0.395698 0.047258 -0.411376 0.317774 -0.471807 -0.145326 -0.290250
0 -0.284453 -0.398274 0.242051 -0.389482 -0.176222 0.161514 0.055709 0.240582 0.146604 -0.081461 0.204357 0.421475 -0.016464 -0.317460 0.359593 -0.464624 -0.095822 -0.293942
6 -0.307606 -0.408201 0.296565 -0.353836 -0.146348 0.112688 0.064483 0.309195 0.164814 -0.082095 0.182349 0.405291 -0.005936 -0.385941 0.352281 -0.481697 -0.126448 -0.351980
11 -0.342831 -0.425745 0.308900 -0.356857 -0.123338 0.095143 0.014799 0.308423 0.159563 -0.114328 0.155815 0.368724 -0.025026 -0.349279 0.369240 -0.504866 -0.101800 -0.319660
17 -0.287093 -0.404628 0.265172 -0.384382 -0.227400 0.104013 0.081546 0.281226 0.212565 -0.022354 0.175192 0.488447 0.026652 -0.345227 0.330309 -0.427186 -0.152174 -0.332744
14 -0.276488 -0.384847 0.255113 -0.414379 -0.122949 0.168709 0.054465 0.222692 0.145318 -0.079995 0.170028 0.457515 -0.030655 -0.348197 0.326037 -0.433200 -0.102248 -0.293520
10 -0.290362 -0.401075 0.238241 -0.407015 -0.156067 0.178921 0.088860 0.258396 0.204264 -0.098808 0.219926 0.509032 -0.031923 -0.335304 0.338778 -0.448645 -0.130476 -0.298880
3 -0.334401 -0.386643 0.311378 -0.361613 -0.126002 0.101845 0.061645 0.280754 0.122782 -0.098422 0.167900 0.360168 -0.031652 -0.389111 0.306272 -0.486580 -0.083124 -0.332077
12 -0.324402 -0.410513 0.280151 -0.406896 -0.198826 0.098256 0.028587 0.257341 0.159306 -0.038875 0.186619 0.453850 0.007219 -0.354191 0.327374 -0.424303 -0.159361 -0.295154
9 -0.285994 -0.377692 0.242700 -0.392441 -0.182717 0.125593 0.056722 0.282792 0.190162 -0.063374 0.168033 0.444983 0.013178 -0.387047 0.322942 -0.448820 -0.149181 -0.281135
1 -0.306130 -0.380646 0.284151 -0.348781 -0.101551 0.061656 0.028706 0.262731 0.162298 -0.080214 0.122404 0.324072 0.012522 -0.330252 0.284966 -0.435433 -0.077967 -0.300683
16 -0.303159 -0.390997 0.269522 -0.400092 -0.182608 0.135199 0.086515 0.266464 0.184052 -0.066192 0.175848 0.483494 -0.013486 -0.337024 0.368830 -0.485526 -0.162975 -0.350715
8 -0.282506 -0.407511 0.277898 -0.362672 -0.190081 0.122661 0.080085 0.272697 0.171230 -0.035820 0.150029 0.430988 -0.015038 -0.353899 0.352385 -0.467449 -0.120905 -0.312381
7 -0.237488 -0.368689 0.224268 -0.413496 -0.189554 0.144183 0.069934 0.248811 0.213497 -0.066862 0.142841 0.438709 0.017393 -0.427193 0.362337 -0.442855 -0.141131 -0.320914
15 -0.326774 -0.419011 0.292547 -0.417208 -0.153683 0.158644 0.071750 0.251975 0.171640 -0.092480 0.189557 0.432295 -0.004546 -0.363508 0.358323 -0.485712 -0.141813 -0.333466
5 -0.250032 -0.383647 0.186588 -0.392914 -0.115339 0.154200 0.099480 0.185317 0.191122 -0.102972 0.208944 0.476725 -0.046943 -0.332839 0.357482 -0.466896 -0.140147 -0.320223
13 -0.265488 -0.379679 0.283219 -0.430766 -0.177074 0.111436 0.053495 0.243280 0.182114 -0.046166 0.142247 0.405609 0.030331 -0.421207 0.349073 -0.453655 -0.160852 -0.327809
