18 18
15 -0.228397 -0.418457 0.253434 -0.267207 0.052689 0.060929 0.219603 -0.103976 0.336247 -0.017778 0.229461 0.375741 -0.068247 0.053475 0.404047 -0.379092 -0.365944 -0.505958
8 -0.184441 -0.467770 0.235604 -0.249820 0.021510 0.048517 0.251554 -0.068131 0.346894 0.007738 0.202703 0.365477 -0.083431 0.006011 0.425510 -0.418097 -0.342367 -0.495384
11 -0.207368 -0.434950 0.221003 -0.244455 0.051025 0.030104 0.207212 -0.053194 0.354008 -0.037745 0.212310 0.356015 -0.069572 0.024705 0.406037 -0.398238 -0.345853 -0.474076
4 -0.232757 -0.407358 0.252733 -0.250606 0.076053 0.024725 0.191917 -0.062806 0.346536 -0.029567 0.263281 0.418207 -0.065408 0.059283 0.398421 -0.388632 -0.358639 -0.529237
6 -0.173684 -0.463908 0.211994 -0.250234 0.030566 0.045577 0.280579 -0.062313 0.390202 -0.021105 0.243301 0.357222 -0.053020 -0.036160 0.434518 -0.427342 -0.377897 -0.530197
5 -0.102998 -0.482045 0.091359 -0.286166 0.017091 0.045441 0.348161 -0.140004 0.433610 -0.059284 0.244813 0.335513 -0.049898 -0.098635 0.461002 -0.509694 -0.408337 -0.508705
17 -0.217702 -0.462132 0.264966 -0.250580 0.017289 0.012827 0.252975 -0.063525 0.388996 0.017938 0.239908 0.420220 -0.055406 0.044408 0.422163 -0.402661 -0.377622 -0.571306
10 -0.273596 -0.428734 0.264469 -0.243866 0.107955 0.084235 0.186393 -0.092063 0.335851 -0.035308 0.269857 0.497374 -0.149949 0.171457 0.363150 -0.288632 -0.335999 -0.471362
16 -0.233211 -0.467429 0.247039 -0.281501 0.038687 0.058497 0.253133 -0.098918 0.372128 -0.012089 0.228359 0.454576 -0.109601 0.068176 0.461920 -0.418594 -0.403114 -0.542452
1 -0.219974 -0.453888 0.241168 -0.278721 0.047994 0.002722 0.221764 -0.064938 0.369092 -0.012658 0.207483 0.347821 -0.038132 -0.002905 0.384122 -0.413287 -0.333334 -0.502969
13 -0.182230 -0.459277 0.238346 -0.292065 0.033376 0.031821 0.262344 -0.107808 0.381640 0.003918 0.215685 0.371581 -0.057792 -0.011701 0.440484 -0.431220 -0.399073 -0.536267
12 -0.238280 -0.439402 0.238664 -0.262661 0.034551 0.033460 0.186180 -0.105076 0.303755 0.010446 0.240683 0.415518 -0.090851 0.067510 0.392551 -0.338806 -0.363578 -0.469653
7 -0.106458 -0.466095 0.111953 -0.292423 -0.013543 0.079728 0.319554 -0.103101 0.438066 -0.048177 0.225623 0.358418 -0.042084 -0.103678 0.465434 -0.461999 -0.388099 -0.489921
14 -0.258026 -0.420396 0.279111 -0.253766 0.088859 0.066585 0.144097 -0.082478 0.277793 0.005986 0.194642 0.458696 -0.135678 0.122486 0.362750 -0.292225 -0.300973 -0.450300
9 -0.148456 -0.471584 0.117090 -0.298962 0.017264 0.061556 0.311501 -0.096444 0.445569 -0.053062 0.255550 0.400045 -0.048404 -0.092492 0.448713 -0.488998 -0.417049 -0.489282
2 -0.138721 -0.461216 0.169573 -0.285004 0.023896 0.054394 0.303349 -0.090227 0.374054 -0.038572 0.234131 0.390591 -0.044796 -0.048926 0.436366 -0.475423 -0.408934 -0.501367
0 -0.170659 -0.450984 0.182845 -0.291361 0.001585 0.056175 0.247230 -0.093119 0.363789 -0.024377 0.245226 0.342365 -0.042090 -0.028224 0.428764 -0.425125 -0.337913 -0.481723
3 -0.024675 0.005665 0.025365 0.004601 0.007865 -0.001883 0.014761 -0.000233 -0.026227 -0.010111 0.011993 -0.020661 -0.026950 -0.026588 -0.012274 -0.019090 0.026092 -0.020014
