18 18
14 -0.113734 -0.414047 0.160674 -0.284860 -0.220576 0.592325 0.408316 0.085236 0.155551 -0.113485 0.190331 0.554201 -0.294762 -0.142876 0.348471 -0.257668 -0.009103 -0.148445
8 -0.091019 -0.409780 0.143385 -0.251290 -0.233084 0.577315 0.422034 0.090058 0.157844 -0.106988 0.188124 0.510014 -0.284519 -0.129100 0.351997 -0.273950 -0.017638 -0.133178
15 -0.129034 -0.424485 0.155824 -0.299228 -0.221791 0.625952 0.444932 0.056204 0.162285 -0.143747 0.226538 0.526177 -0.283719 -0.137815 0.356480 -0.281334 -0.054226 -0.152565
0 -0.106855 -0.389547 0.122158 -0.285564 -0.258523 0.562105 0.382878 0.067891 0.149748 -0.113589 0.236345 0.514167 -0.256493 -0.124355 0.342992 -0.245041 -0.003756 -0.142319
10 -0.097500 -0.389483 0.123892 -0.260244 -0.213062 0.590942 0.418195 0.063465 0.169439 -0.134829 0.223578 0.520454 -0.292081 -0.106306 0.319403 -0.221530 -0.007023 -0.123005
2 -0.067352 -0.390915 0.119601 -0.275140 -0.231332 0.575901 0.423409 0.087263 0.119101 -0.127543 0.201423 0.514179 -0.245295 -0.157170 0.318544 -0.273232 -0.041628 -0.110523
17 -0.117947 -0.406003 0.138295 -0.246156 -0.262554 0.549561 0.418542 0.112754 0.203951 -0.103671 0.229620 0.585501 -0.272573 -0.107181 0.338088 -0.238352 -0.032472 -0.176004
16 -0.098148 -0.372475 0.129312 -0.249387 -0.230803 0.557600 0.418976 0.089983 0.174494 -0.119411 0.188394 0.546952 -0.285991 -0.105845 0.357067 -0.263461 -0.057802 -0.167026
9 -0.123585 -0.376463 0.112022 -0.248250 -0.215234 0.547461 0.395049 0.111736 0.192385 -0.136029 0.226296 0.549082 -0.281932 -0.147845 0.320672 -0.257802 -0.033123 -0.131707
11 -0.127037 -0.387461 0.136989 -0.235207 -0.197966 0.523563 0.361862 0.112839 0.184986 -0.146141 0.198424 0.518342 -0.285658 -0.106528 0.354929 -0.265889 -0.036095 -0.148131
12 -0.132642 -0.414482 0.132987 -0.282891 -0.248505 0.542656 0.375650 0.052441 0.148784 -0.096700 0.233435 0.546271 -0.273864 -0.104154 0.336751 -0.221348 -0.054501 -0.131110
7 -0.062413 -0.374677 0.100004 -0.270373 -0.242923 0.586294 0.417640 0.081022 0.175754 -0.128543 0.190141 0.508266 -0.256084 -0.170877 0.341704 -0.246304 -0.025070 -0.132791
3 -0.130618 -0.383319 0.158819 -0.263226 -0.221526 0.567366 0.423539 0.072764 0.130980 -0.132635 0.230353 0.498951 -0.299892 -0.159429 0.318470 -0.264692 0.003479 -0.164192
6 -0.103735 -0.398442 0.139302 -0.228127 -0.221692 0.575772 0.423925 0.114651 0.167369 -0.126315 0.229123 0.535947 -0.290307 -0.138945 0.350391 -0.255296 -0.034914 -0.167027
4 -0.109418 -0.375849 0.139952 -0.257265 -0.210025 0.579617 0.403874 0.120279 0.169982 -0.150901 0.243680 0.546108 -0.269988 -0.154509 0.338273 -0.275117 -0.016722 -0.168225
13 -0.083067 -0.394195 0.146885 -0.297835 -0.238155 0.577655 0.421300 0.056897 0.158362 -0.108559 0.204084 0.501946 -0.261163 -0.168076 0.344095 -0.260994 -0.042240 -0.150133
1 -0.027660 -0.027217 0.026180 -0.019122 0.012075 -0.026796 -0.004699 0.019366 0.022084 0.001540 -0.016522 -0.005216 0.015504 -0.011155 -0.013895 -0.016653 0.015775 -0.011908
5 0.004065 -0.024114 -0.027650 -0.000619 0.020703 -0.008521 0.024223 -0.023969 0.025914 -0.018771 0.021210 0.020548 -0.020024 0.006829 0.014933 -0.023795 -0.013973 -0.021943
