18 18
8 -0.222526 -0.479905 0.262279 -0.343107 -0.034160 0.386173 0.289457 0.054492 0.222225 -0.163087 0.134837 0.309678 -0.198608 -0.060235 0.449075 -0.509648 -0.107614 -0.231634
0 -0.214179 -0.441079 0.241335 -0.361907 -0.025732 0.364058 0.256274 0.043590 0.188654 -0.181847 0.168948 0.290889 -0.150046 -0.071432 0.407112 -0.488574 -0.088932 -0.234697
2 -0.229122 -0.462709 0.283087 -0.356161 -0.008638 0.350830 0.312161 0.091481 0.194891 -0.198854 0.144871 0.317987 -0.134372 -0.099366 0.389339 -0.543576 -0.129364 -0.275255
15 -0.248181 -0.454172 0.260770 -0.356671 -0.007546 0.381086 0.274505 0.021180 0.209318 -0.184908 0.148750 0.293241 -0.166805 -0.047293 0.417751 -0.482313 -0.146283 -0.241902
3 -0.263393 -0.452070 0.289193 -0.341883 0.009693 0.346039 0.300163 0.076065 0.194125 -0.207816 0.174577 0.292804 -0.183251 -0.122842 0.386041 -0.538711 -0.081864 -0.290335
16 -0.251457 -0.460609 0.275738 -0.354500 -0.009260 0.368919 0.296294 0.050156 0.223933 -0.190039 0.137384 0.325172 -0.194122 -0.044491 0.456187 -0.535915 -0.157451 -0.285248
17 -0.244304 -0.454288 0.262095 -0.323190 -0.027732 0.321499 0.289913 0.078181 0.246129 -0.165085 0.167307 0.330638 -0.139944 -0.069266 0.378789 -0.475434 -0.115454 -0.292514
1 -0.263355 -0.475322 0.284844 -0.372517 0.007608 0.336465 0.277345 0.074740 0.227719 -0.190296 0.140127 0.299413 -0.145226 -0.094148 0.378956 -0.512919 -0.091108 -0.266366
14 -0.266988 -0.509427 0.292563 -0.389827 0.007569 0.409279 0.267165 0.041214 0.217224 -0.180081 0.132333 0.346397 -0.210708 -0.073037 0.456920 -0.512625 -0.125392 -0.245623
7 -0.193481 -0.436607 0.216819 -0.346899 -0.035934 0.366226 0.263074 0.056766 0.225147 -0.181530 0.133519 0.301780 -0.151823 -0.099097 0.419200 -0.471501 -0.114988 -0.231946
4 -0.251294 -0.460491 0.279918 -0.363741 0.014630 0.355049 0.263020 0.109847 0.225684 -0.230052 0.203592 0.336140 -0.142995 -0.114422 0.425848 -0.562553 -0.097772 -0.305181
11 -0.263822 -0.478616 0.262882 -0.333994 0.008649 0.347505 0.234494 0.076804 0.231860 -0.200817 0.146314 0.315547 -0.193582 -0.062530 0.447541 -0.510856 -0.139144 -0.240601
5 -0.208349 -0.455201 0.211181 -0.335054 0.012337 0.329464 0.295879 0.037346 0.232511 -0.204745 0.168713 0.316593 -0.163068 -0.064436 0.402469 -0.511724 -0.124427 -0.269869
10 -0.234594 -0.478504 0.255702 -0.357734 -0.003104 0.409662 0.311355 0.060065 0.244136 -0.212631 0.173079 0.339107 -0.193483 -0.059453 0.422871 -0.503369 -0.120379 -0.241426
6 -0.219984 -0.440147 0.253885 -0.294505 -0.005027 0.341485 0.267984 0.082845 0.196446 -0.169592 0.156256 0.285201 -0.167902 -0.097115 0.398612 -0.471150 -0.112098 -0.254246
13 -0.216377 -0.448911 0.266313 -0.365838 -0.014858 0.354294 0.290723 0.034757 0.221467 -0.166455 0.134407 0.287006 -0.153711 -0.093322 0.411372 -0.498940 -0.142805 -0.258660
9 -0.242304 -0.462144 0.225115 -0.357282 -0.012527 0.370100 0.266238 0.072558 0.250771 -0.190837 0.163708 0.340453 -0.171495 -0.101898 0.417475 -0.504319 -0.136038 -0.220388
12 -0.260209 -0.490003 0.256368 -0.378851 -0.026680 0.366941 0.249587 0.023504 0.195818 -0.165080 0.173788 0.341791 -0.187829 -0.062725 0.432205 -0.481702 -0.151705 -0.222782
