18 18
11 -0.611945 -0.627058 0.397397 -0.208809 -0.119252 0.036647 0.315263 0.038395 0.395914 0.093925 0.055086 0.458580 -0.364312 -0.087256 0.317369 -0.384997 -0.180304 -0.476230
3 -0.231240 0.004149 0.218770 0.478555 0.441811 -0.093184 0.605629 0.133506 -0.358704 -0.413114 0.555669 -0.236808 -0.725173 -0.614469 0.015314 -0.648337 0.308376 -0.812537
0 -0.404890 -0.360146 0.274280 -0.026311 0.034392 0.021000 0.341918 0.032333 0.105570 -0.055461 0.221195 0.195349 -0.390264 -0.218896 0.186305 -0.390347 0.011837 -0.487559
10 -0.538843 -0.543166 0.342159 -0.157735 -0.061562 0.067877 0.373388 0.011977 0.325614 0.038423 0.136001 0.397974 -0.394700 -0.136227 0.244869 -0.356887 -0.117336 -0.479784
17 -0.562612 -0.569386 0.372723 -0.177391 -0.124293 0.019055 0.355241 0.019028 0.351219 0.110493 0.103103 0.439937 -0.342585 -0.106889 0.238865 -0.333662 -0.141955 -0.495264
1 -0.306087 -0.196526 0.254053 0.191324 0.237713 -0.051973 0.462072 0.106415 -0.066503 -0.206706 0.302187 -0.039884 -0.494625 -0.424477 0.075966 -0.516206 0.165798 -0.603420
16 -0.566973 -0.573359 0.374241 -0.221055 -0.144297 0.053581 0.336623 0.008554 0.365987 0.120825 0.031730 0.442759 -0.328231 -0.079458 0.293403 -0.356648 -0.192582 -0.459324
2 -0.178087 -0.024201 0.176794 0.411775 0.381118 -0.082979 0.550212 0.150632 -0.311813 -0.369912 0.473451 -0.175085 -0.614297 -0.565496 0.029876 -0.617141 0.248954 -0.700428
8 -0.491067 -0.524081 0.344967 -0.104792 -0.084357 0.087354 0.432221 0.057917 0.277456 0.044007 0.093413 0.302148 -0.408155 -0.238136 0.285103 -0.455786 -0.050976 -0.486917
7 -0.304136 -0.263448 0.219378 0.116285 0.103775 0.049241 0.483967 0.105203 0.046756 -0.160902 0.244224 0.070652 -0.474017 -0.427667 0.183260 -0.505972 0.103825 -0.560584
15 -0.618479 -0.635653 0.401271 -0.257408 -0.138974 0.096399 0.374002 -0.011204 0.402991 0.110104 0.056541 0.445647 -0.340362 -0.113358 0.301775 -0.380188 -0.199321 -0.477501
9 -0.373556 -0.295023 0.234789 0.096054 0.120925 0.004575 0.444602 0.092431 0.071456 -0.135056 0.265686 0.125364 -0.467410 -0.368919 0.153516 -0.488574 0.049734 -0.548108
14 -0.496943 -0.481366 0.347356 -0.117676 -0.012006 0.035850 0.344847 0.015098 0.208244 0.030084 0.127449 0.326532 -0.397983 -0.178859 0.219025 -0.372706 -0.067737 -0.486572
12 -0.523072 -0.512676 0.330384 -0.143525 -0.059383 0.021302 0.334376 0.001820 0.246058 0.047143 0.151747 0.360963 -0.377555 -0.156628 0.237798 -0.362344 -0.124413 -0.473276
5 -0.161144 0.024137 0.133582 0.519289 0.501891 -0.113590 0.615895 0.117582 -0.348900 -0.464743 0.596447 -0.256323 -0.729012 -0.609295 0.025273 -0.667860 0.319689 -0.820636
13 -0.497121 -0.505449 0.352170 -0.159142 -0.059379 0.022426 0.352929 -0.001683 0.282818 0.064342 0.106871 0.333516 -0.358170 -0.178532 0.240329 -0.370068 -0.132751 -0.492224
6 -0.240093 -0.075028 0.214227 0.408074 0.365839 -0.070022 0.550275 0.130817 -0.252915 -0.332325 0.487571 -0.150304 -0.648073 -0.522143 0.067162 -0.579442 0.232631 -0.750379
4 -0.207307 0.069873 0.200733 0.586814 0.554001 -0.141232 0.634571 0.184373 -0.427373 -0.510079 0.682766 -0.287274 -0.782440 -0.688847 0.001017 -0.727685 0.372240 -0.930863
