18 18
0 -0.119605 -0.521470 0.181484 -0.155088 -0.037662 0.036022 0.249125 0.099161 0.231380 -0.089655 0.079474 0.355816 -0.294130 -0.082880 0.492724 -0.555870 -0.164388 -0.380964
11 -0.132669 -0.551956 0.192730 -0.110010 0.026974 -0.005631 0.244864 0.153874 0.271956 -0.145697 0.066465 0.358446 -0.333428 -0.098283 0.523230 -0.605316 -0.186271 -0.399480
4 -0.117429 -0.517270 0.176143 -0.098985 0.037684 0.001012 0.270416 0.134214 0.259653 -0.145471 0.123582 0.366061 -0.330805 -0.122850 0.507480 -0.608447 -0.176616 -0.444673
8 -0.112694 -0.455740 0.191129 -0.110287 -0.046079 0.027379 0.237041 0.098452 0.196723 -0.039704 0.025010 0.302222 -0.277222 -0.064096 0.417142 -0.479323 -0.124947 -0.314461
16 -0.132498 -0.458047 0.213571 -0.139621 -0.055948 0.015573 0.249039 0.092431 0.203264 -0.048904 0.003500 0.342202 -0.284314 -0.026713 0.448381 -0.501547 -0.193034 -0.356145
9 -0.128755 -0.465680 0.149528 -0.120271 -0.018760 0.012895 0.242914 0.122048 0.253222 -0.088450 0.063125 0.350987 -0.282959 -0.109086 0.425695 -0.518333 -0.168532 -0.332604
12 -0.150856 -0.502020 0.199335 -0.147203 -0.032560 0.002707 0.217547 0.084839 0.202633 -0.065235 0.071436 0.359351 -0.294953 -0.061069 0.443045 -0.493413 -0.188472 -0.338913
14 -0.141921 -0.567749 0.245555 -0.158461 0.036287 0.036546 0.269324 0.088800 0.208018 -0.089676 0.046531 0.360587 -0.349924 -0.128294 0.516243 -0.602011 -0.147794 -0.441613
2 -0.103572 -0.521623 0.188349 -0.137561 -0.008082 0.017773 0.273733 0.127188 0.210885 -0.107090 0.057371 0.365075 -0.304411 -0.122520 0.486924 -0.597847 -0.191861 -0.386334
3 -0.164836 -0.500189 0.236620 -0.138072 0.006394 0.014929 0.271440 0.101069 0.186290 -0.107020 0.067541 0.310700 -0.342183 -0.139165 0.469788 -0.597851 -0.139527 -0.412842
10 -0.115036 -0.474168 0.167542 -0.110803 -0.014317 0.041887 0.254557 0.106075 0.243471 -0.096620 0.065070 0.343885 -0.299702 -0.049730 0.417195 -0.471409 -0.148738 -0.315840
1 -0.153602 -0.538956 0.212370 -0.139717 0.003473 -0.017756 0.252691 0.141914 0.265773 -0.104196 0.052335 0.350615 -0.298574 -0.108824 0.461273 -0.569096 -0.152519 -0.390524
7 -0.098069 -0.535487 0.156059 -0.123084 -0.006686 0.023997 0.271490 0.138450 0.279227 -0.138008 0.064271 0.357972 -0.324578 -0.144540 0.515909 -0.584881 -0.163592 -0.392539
5 -0.094105 -0.519025 0.110881 -0.067549 0.067055 0.004310 0.330355 0.073956 0.273365 -0.157324 0.146521 0.341555 -0.364196 -0.128574 0.523013 -0.630024 -0.186179 -0.473033
17 -0.141718 -0.514214 0.211760 -0.112809 -0.050010 0.001000 0.281634 0.116074 0.248105 -0.056586 0.064445 0.372192 -0.290402 -0.064604 0.463684 -0.538887 -0.172131 -0.422317
13 -0.100554 -0.501803 0.211514 -0.162348 -0.022091 0.008517 0.243670 0.094339 0.224073 -0.075438 0.024354 0.321798 -0.282977 -0.108429 0.486828 -0.553316 -0.201032 -0.379434
15 -0.153023 -0.459595 0.212158 -0.146614 -0.003451 0.046602 0.248242 0.055940 0.183700 -0.078058 0.062074 0.293530 -0.277188 -0.076668 0.426315 -0.506814 -0.157907 -0.365409
6 -0.097641 -0.517412 0.160674 -0.053770 0.037917 0.023418 0.319144 0.119943 0.251015 -0.123885 0.120826 0.334750 -0.363197 -0.141246 0.532711 -0.607386 -0.185000 -0.465415
