18 18
15 0.079921 -0.195672 0.478984 -0.200662 -0.251336 -0.168801 0.508673 -0.003598 0.168989 0.333504 -0.359503 0.082326 0.121444 -0.519537 0.393757 -0.550569 -0.144118 -1.043306
4 0.105244 -0.219297 0.560457 -0.214661 -0.278804 -0.265900 0.568076 0.053132 0.207380 0.400484 -0.437832 0.111254 0.151395 -0.637749 0.426243 -0.642583 -0.120423 -1.237445
16 0.062371 -0.212883 0.468517 -0.203656 -0.250444 -0.182233 0.502573 0.023736 0.210275 0.316219 -0.359048 0.112676 0.088097 -0.496125 0.417409 -0.573825 -0.125038 -1.045833
8 0.094145 -0.224390 0.506472 -0.183060 -0.275090 -0.200316 0.530669 0.026140 0.162025 0.376635 -0.400205 0.088443 0.100837 -0.539981 0.394701 -0.568904 -0.105654 -1.060766
0 -0.648774 -1.057580 0.010960 -0.528843 0.138990 0.333680 -0.013631 0.542853 1.448111 -0.784100 0.710799 0.572907 -0.489041 -0.059178 0.936092 -1.081674 0.620038 -0.339951
9 -0.682377 -1.068002 -0.048991 -0.523480 0.172019 0.348393 -0.037454 0.591179 1.553832 -0.841614 0.744812 0.635693 -0.517834 -0.067509 0.935683 -1.095425 0.602973 -0.284315
7 0.105721 -0.235703 0.472023 -0.220826 -0.291935 -0.187712 0.529725 0.036068 0.237001 0.352732 -0.404216 0.113098 0.115500 -0.579027 0.430747 -0.575433 -0.109922 -1.083547
2 0.081449 -0.248968 0.456798 -0.212595 -0.248768 -0.184150 0.516592 0.053434 0.200137 0.302145 -0.342526 0.137935 0.096153 -0.530450 0.405690 -0.608782 -0.113903 -1.019701
17 0.076637 -0.244419 0.475913 -0.154675 -0.294287 -0.254449 0.552455 0.027963 0.214654 0.384738 -0.332459 0.176097 0.113918 -0.482071 0.368290 -0.545657 -0.121117 -1.124347
1 0.000647 -0.263229 0.503420 -0.218849 -0.195225 -0.208880 0.428951 0.044005 0.175255 0.318297 -0.372240 0.076709 0.101372 -0.483221 0.314784 -0.512441 -0.053774 -0.934523
12 0.053803 -0.234202 0.482126 -0.207640 -0.269721 -0.214420 0.473600 -0.004021 0.154436 0.371480 -0.352795 0.121563 0.105035 -0.498903 0.373167 -0.508785 -0.137901 -1.020604
10 -0.584226 -0.924621 -0.051082 -0.431622 0.173530 0.332029 -0.033120 0.499177 1.332213 -0.759281 0.671816 0.533689 -0.473256 0.008972 0.788408 -0.901947 0.556437 -0.200604
11 -0.626158 -0.997274 0.019385 -0.466794 0.158584 0.287102 -0.022365 0.545785 1.396294 -0.752569 0.635593 0.553582 -0.476086 -0.052967 0.887732 -1.031593 0.548850 -0.328328
14 0.012031 -0.279233 0.541221 -0.245499 -0.214799 -0.181319 0.461339 0.028642 0.199401 0.339675 -0.385766 0.114137 0.081606 -0.520028 0.387298 -0.553593 -0.054589 -1.036425
5 0.111834 -0.224636 0.429285 -0.170924 -0.251101 -0.242632 0.560865 -0.019983 0.185912 0.354714 -0.350950 0.142039 0.095459 -0.503347 0.378407 -0.561164 -0.161430 -1.083978
3 -0.006635 -0.220242 0.410546 -0.179055 -0.178547 -0.139512 0.404494 0.045396 0.183259 0.217069 -0.243132 0.085120 0.031064 -0.442643 0.326666 -0.514878 -0.024141 -0.863520
13 0.083350 -0.209836 0.463791 -0.219760 -0.238293 -0.186047 0.484375 0.013919 0.216311 0.325830 -0.358412 0.082772 0.111091 -0.527067 0.393271 -0.552534 -0.119546 -1.011621
6 0.007299 -0.006988 0.006429 0.025394 0.003018 0.008962 0.013628 0.017139 -0.003415 0.002961 0.009307 -0.005691 -0.008572 -0.012634 0.015137 0.000585 -0.007433 -0.019036
