18 18
16 -0.466384 -0.483919 0.354991 -0.374297 -0.063604 -0.110831 0.059389 0.208834 0.284965 -0.087770 0.140009 0.326942 0.026370 -0.159324 0.270127 -0.467418 -0.113540 -0.478268
7 -0.501201 -0.592782 0.326076 -0.426659 -0.010143 -0.037602 -0.055014 0.147893 0.348551 -0.064613 0.153811 0.434885 -0.046127 -0.176326 0.285008 -0.344449 -0.153797 -0.323569
3 -0.488229 -0.489172 0.377770 -0.374366 -0.013072 -0.097641 0.033938 0.182698 0.226313 -0.102198 0.168502 0.284713 -0.003604 -0.219351 0.227889 -0.446494 -0.070434 -0.443053
4 -0.477035 -0.511131 0.330860 -0.388383 0.040487 -0.073264 -0.069184 0.148018 0.277671 -0.082957 0.192551 0.385939 -0.016900 -0.177552 0.235852 -0.354129 -0.133947 -0.346927
0 -0.472773 -0.510134 0.347349 -0.395316 -0.083865 -0.089941 0.040260 0.200772 0.264593 -0.084016 0.172086 0.311017 0.036752 -0.173882 0.265120 -0.455308 -0.069341 -0.439737
1 -0.469364 -0.480617 0.356566 -0.361378 -0.065937 -0.144347 0.054191 0.257384 0.263618 -0.093600 0.120059 0.263958 0.079881 -0.194338 0.209017 -0.472669 -0.042213 -0.449197
14 -0.512541 -0.598130 0.354968 -0.432495 0.050738 -0.023702 -0.106922 0.092116 0.292425 -0.030539 0.134884 0.451903 -0.084104 -0.137232 0.253944 -0.279925 -0.153245 -0.269318
17 -0.460955 -0.504849 0.341451 -0.353718 -0.059892 -0.101335 0.035056 0.185560 0.285568 -0.050723 0.168777 0.356273 0.022331 -0.155883 0.224700 -0.384822 -0.100432 -0.422661
13 -0.454444 -0.527821 0.345374 -0.405293 0.008834 -0.069743 -0.030880 0.115100 0.295612 -0.045104 0.143844 0.361049 -0.024949 -0.173305 0.252957 -0.349864 -0.156013 -0.350579
15 -0.451332 -0.489473 0.332878 -0.374653 0.024211 -0.036989 0.001465 0.093865 0.234056 -0.078990 0.158771 0.312920 -0.017400 -0.145308 0.233909 -0.353953 -0.141127 -0.354703
12 -0.539576 -0.625514 0.325018 -0.421466 0.016313 -0.028154 -0.104187 0.067380 0.303654 -0.016309 0.196163 0.489496 -0.108905 -0.093957 0.253027 -0.246034 -0.193585 -0.235433
9 -0.511902 -0.590507 0.294330 -0.406309 0.018306 -0.020469 -0.097933 0.112095 0.350468 -0.034254 0.161984 0.478599 -0.093329 -0.129293 0.244848 -0.264850 -0.177914 -0.215078
8 -0.473771 -0.576319 0.330871 -0.383026 0.000774 -0.021740 -0.040024 0.106615 0.286220 -0.028910 0.148949 0.410382 -0.085907 -0.121691 0.270001 -0.318142 -0.145496 -0.282469
11 -0.527911 -0.601249 0.333792 -0.395282 0.052524 -0.040848 -0.111995 0.129140 0.334520 -0.071679 0.163370 0.446801 -0.088399 -0.117738 0.273115 -0.307085 -0.177812 -0.262693
2 -0.427855 -0.487478 0.327546 -0.375681 -0.042807 -0.079943 0.032944 0.193603 0.230560 -0.086124 0.137132 0.323350 0.036101 -0.186623 0.236576 -0.430994 -0.113992 -0.382261
6 -0.474334 -0.512246 0.358526 -0.355854 -0.023865 -0.083826 0.038401 0.205248 0.259354 -0.088550 0.169454 0.317033 0.005710 -0.191168 0.263570 -0.431658 -0.109926 -0.444373
5 -0.436784 -0.509504 0.292174 -0.363882 0.037761 -0.073751 0.009893 0.103110 0.272478 -0.094605 0.178780 0.345765 -0.038739 -0.158220 0.236047 -0.376297 -0.130192 -0.365441
10 -0.489993 -0.573556 0.308669 -0.384548 0.029123 -0.004202 -0.043813 0.106092 0.328856 -0.067634 0.185773 0.436946 -0.096174 -0.104771 0.239109 -0.274935 -0.141396 -0.263441
