18 18
1 -0.238566 -0.630563 0.346779 -0.232823 -0.231314 -0.012680 0.233813 0.170754 0.231399 0.200529 -0.038354 0.239624 -0.117863 -0.286286 0.366067 -0.395387 -0.032143 -0.373640
11 -0.247139 -0.615027 0.331923 -0.198687 -0.212278 0.008404 0.212537 0.176432 0.221647 0.185911 -0.032759 0.272174 -0.164750 -0.255004 0.381831 -0.388717 -0.048074 -0.338393
8 -0.219443 -0.605499 0.333601 -0.201106 -0.233168 0.020167 0.246852 0.158349 0.192986 0.246660 -0.069037 0.269708 -0.180384 -0.284095 0.346004 -0.373070 0.000631 -0.310230
3 -0.247484 -0.608132 0.348975 -0.218205 -0.207514 0.026924 0.286228 0.098876 0.136637 0.190264 0.033015 0.253535 -0.187555 -0.312316 0.362894 -0.405479 -0.085531 -0.388422
4 -0.225903 -0.599694 0.329821 -0.222605 -0.221666 -0.002387 0.226571 0.162274 0.194002 0.201649 0.010506 0.279327 -0.126879 -0.309439 0.367254 -0.393707 -0.059549 -0.378137
6 -0.206798 -0.614005 0.326854 -0.193825 -0.223414 0.036714 0.270834 0.144222 0.169367 0.208030 0.003497 0.270610 -0.162314 -0.300193 0.386351 -0.382889 -0.090477 -0.369686
15 -0.249207 -0.620960 0.346506 -0.242195 -0.205384 0.059361 0.279135 0.069876 0.150091 0.180826 0.048084 0.265851 -0.152585 -0.275512 0.386879 -0.394776 -0.141001 -0.385890
17 -0.235404 -0.620504 0.336340 -0.185733 -0.265411 -0.007722 0.255432 0.185658 0.238989 0.240424 -0.026754 0.300514 -0.141501 -0.267832 0.345605 -0.356036 -0.021291 -0.375506
12 -0.258363 -0.651975 0.346353 -0.262903 -0.233057 0.018919 0.247919 0.075532 0.151967 0.218686 0.046337 0.299105 -0.158495 -0.283319 0.394519 -0.385876 -0.150257 -0.371109
9 -0.250261 -0.604425 0.312360 -0.225546 -0.226259 0.007870 0.236496 0.173060 0.228123 0.240743 -0.047275 0.310046 -0.170099 -0.334283 0.318920 -0.372283 -0.018026 -0.300527
5 -0.204537 -0.613865 0.289306 -0.221244 -0.193112 0.024952 0.285186 0.075514 0.171149 0.171818 0.041468 0.281243 -0.164356 -0.271831 0.383367 -0.402537 -0.127480 -0.379141
14 -0.237400 -0.602389 0.346498 -0.236614 -0.205798 0.025978 0.218388 0.131277 0.179020 0.236871 -0.068822 0.279282 -0.167951 -0.284593 0.332988 -0.345706 -0.009243 -0.317566
13 -0.211294 -0.619313 0.345010 -0.256825 -0.229731 0.020571 0.274472 0.081226 0.169611 0.222326 0.007438 0.252821 -0.139738 -0.316910 0.389115 -0.396626 -0.134076 -0.387190
2 -0.194160 -0.614671 0.323698 -0.220270 -0.234645 0.031661 0.273608 0.142812 0.135778 0.197631 -0.000037 0.285138 -0.139776 -0.304454 0.376563 -0.411822 -0.109140 -0.351259
0 -0.214411 -0.588772 0.306621 -0.227644 -0.252641 0.026333 0.215480 0.139808 0.190806 0.192007 0.007226 0.248760 -0.121817 -0.259737 0.381771 -0.372026 -0.037962 -0.348776
7 -0.188654 -0.607375 0.298856 -0.216381 -0.274377 0.032797 0.251170 0.160410 0.232586 0.191270 -0.019839 0.263873 -0.124589 -0.296284 0.409415 -0.379100 -0.058908 -0.379271
16 -0.226688 -0.607217 0.341642 -0.210106 -0.240620 0.012813 0.269999 0.148463 0.202807 0.209352 -0.035025 0.279159 -0.156457 -0.255522 0.396129 -0.402843 -0.084306 -0.396594
10 -0.235498 -0.635378 0.333719 -0.228030 -0.216767 0.049686 0.280500 0.131959 0.212698 0.194850 0.008788 0.296858 -0.176391 -0.278863 0.368976 -0.377931 -0.068141 -0.353082
