18 18
1 -0.373548 -0.497850 0.470554 -0.243666 -0.031650 0.052129 0.194429 0.087120 0.171570 -0.015266 0.036129 0.120864 -0.198486 -0.196076 0.329148 -0.463091 0.105801 -0.493952
4 -0.355723 -0.489545 0.490110 -0.197925 -0.044406 0.100257 0.187047 0.142988 0.168724 -0.050552 0.098390 0.107039 -0.223704 -0.230564 0.406804 -0.501936 0.115036 -0.532865
3 -0.343583 -0.465504 0.473574 -0.181313 -0.049084 0.109971 0.214143 0.107993 0.125587 -0.043832 0.074737 0.071229 -0.250046 -0.226722 0.371536 -0.473655 0.115965 -0.494322
5 -0.363765 -0.519519 0.433141 -0.245952 -0.024570 0.079091 0.226255 0.037284 0.185514 -0.037016 0.071331 0.150084 -0.250519 -0.188675 0.381395 -0.492286 0.076281 -0.517926
8 -0.362994 -0.508523 0.475421 -0.183971 -0.056760 0.110348 0.207247 0.078043 0.129096 0.006255 0.052050 0.105011 -0.277837 -0.174533 0.390211 -0.464308 0.121058 -0.474138
13 -0.306954 -0.501808 0.513291 -0.249172 -0.086740 0.118489 0.236508 0.118352 0.188058 -0.022066 0.036949 0.088926 -0.199526 -0.272136 0.430484 -0.512139 0.070764 -0.547883
16 -0.353085 -0.444341 0.423089 -0.245916 -0.035087 0.055225 0.210694 0.010770 0.149899 0.007230 0.015936 0.158266 -0.222840 -0.139652 0.329224 -0.431626 0.043040 -0.490205
15 -0.347115 -0.491574 0.474907 -0.187399 -0.051497 0.157584 0.205767 0.095719 0.131001 -0.046721 0.094771 0.073785 -0.234681 -0.187805 0.405441 -0.460963 0.084116 -0.478097
0 -0.338402 -0.487720 0.455113 -0.164865 -0.075781 0.138939 0.170375 0.109752 0.110110 -0.024257 0.110292 0.065149 -0.255749 -0.187252 0.417246 -0.451213 0.139132 -0.456730
6 -0.333234 -0.501305 0.484160 -0.136198 -0.061604 0.134202 0.212020 0.133948 0.120793 -0.013710 0.099631 0.073779 -0.262086 -0.215049 0.419227 -0.458933 0.099813 -0.502746
14 -0.399743 -0.533562 0.509238 -0.245331 -0.025373 0.107054 0.191728 0.057101 0.137052 -0.004127 0.042741 0.137821 -0.276016 -0.189404 0.390028 -0.470252 0.124498 -0.515568
7 -0.330047 -0.505387 0.464465 -0.252653 -0.079645 0.122149 0.227058 0.098285 0.198872 -0.035357 0.041429 0.125603 -0.214628 -0.249548 0.413549 -0.491241 0.098247 -0.534617
10 -0.326564 -0.510262 0.471492 -0.188611 -0.056370 0.166181 0.225874 0.128892 0.176774 -0.063210 0.092445 0.101665 -0.256874 -0.210649 0.417206 -0.471143 0.118313 -0.490214
11 -0.354961 -0.500481 0.464949 -0.150326 -0.037373 0.115618 0.169363 0.141198 0.158791 -0.061267 0.080334 0.083929 -0.271304 -0.182255 0.431087 -0.478294 0.099711 -0.477897
12 -0.398833 -0.524472 0.471908 -0.237990 -0.061839 0.082496 0.186503 0.044623 0.126816 0.008189 0.091361 0.146135 -0.256392 -0.178633 0.377919 -0.451826 0.077300 -0.489628
2 -0.294372 -0.486093 0.461973 -0.230653 -0.075355 0.120543 0.229332 0.125072 0.141860 -0.040315 0.047883 0.124997 -0.193280 -0.245198 0.391643 -0.501661 0.063779 -0.493864
9 -0.351811 -0.460107 0.410042 -0.229095 -0.036559 0.082388 0.191898 0.069587 0.177807 -0.021740 0.051200 0.143372 -0.221918 -0.203949 0.339310 -0.446875 0.070266 -0.454467
17 -0.363003 -0.486233 0.469100 -0.193945 -0.074622 0.064019 0.207525 0.093939 0.176561 0.012008 0.072981 0.143569 -0.213393 -0.166009 0.347188 -0.426688 0.098142 -0.519203
