18 18
7 -0.454278 -0.412120 0.234761 -0.324775 0.081089 0.040655 0.136015 -0.128260 0.154726 -0.144760 0.388455 0.382819 -0.242062 -0.132955 0.228285 -0.342518 -0.092998 -0.464770
8 -0.469259 -0.415079 0.279539 -0.297008 0.094996 0.041757 0.172374 -0.129978 0.095707 -0.132044 0.397393 0.351852 -0.283763 -0.139491 0.229723 -0.394774 -0.068872 -0.479438
1 -0.492574 -0.372476 0.334397 -0.315129 0.162477 -0.019823 0.169372 -0.125403 0.042408 -0.159379 0.352698 0.261054 -0.243048 -0.174745 0.159942 -0.426144 -0.044076 -0.522250
3 -0.476658 -0.312720 0.321195 -0.268576 0.156222 -0.003645 0.177182 -0.132961 -0.025617 -0.169461 0.370751 0.229046 -0.279922 -0.190296 0.151503 -0.420006 -0.029291 -0.514727
14 -0.484676 -0.404126 0.298088 -0.329896 0.131078 0.036886 0.145810 -0.146624 0.080505 -0.137168 0.378905 0.362012 -0.272579 -0.145239 0.202268 -0.367663 -0.068655 -0.488057
13 -0.432865 -0.365468 0.287773 -0.318221 0.131142 0.016962 0.180460 -0.158425 0.068686 -0.147398 0.378197 0.282884 -0.245881 -0.177458 0.195727 -0.402690 -0.087163 -0.504431
0 -0.471350 -0.393775 0.273887 -0.326203 0.099991 0.043800 0.135911 -0.144868 0.074925 -0.150787 0.418533 0.328560 -0.247029 -0.130252 0.221467 -0.379441 -0.055785 -0.478928
5 -0.448638 -0.367968 0.265559 -0.277945 0.168191 -0.000126 0.205184 -0.162386 0.058541 -0.181318 0.393964 0.303628 -0.284327 -0.139611 0.191953 -0.430670 -0.087055 -0.526225
15 -0.483475 -0.360993 0.317128 -0.308722 0.149527 0.035581 0.182430 -0.166682 0.026969 -0.166158 0.385971 0.274146 -0.254940 -0.138494 0.187240 -0.408481 -0.082864 -0.512189
6 -0.441437 -0.344936 0.292792 -0.248230 0.151450 0.018046 0.182628 -0.108071 0.027942 -0.167744 0.394603 0.272286 -0.263627 -0.174943 0.193262 -0.406094 -0.072893 -0.521279
12 -0.518755 -0.424557 0.284511 -0.336985 0.104696 0.012320 0.125616 -0.167160 0.084673 -0.129774 0.431267 0.393937 -0.263912 -0.101565 0.206035 -0.351280 -0.115048 -0.479815
2 -0.460617 -0.355499 0.313324 -0.296903 0.153521 -0.001237 0.189698 -0.121321 -0.011420 -0.176281 0.380934 0.290548 -0.256150 -0.186591 0.175149 -0.453768 -0.074560 -0.524237
16 -0.470861 -0.357530 0.292820 -0.298863 0.121743 0.013091 0.180717 -0.144583 0.074109 -0.143532 0.359146 0.326243 -0.264999 -0.114370 0.197800 -0.389273 -0.096262 -0.513002
10 -0.451767 -0.379676 0.246091 -0.291348 0.131030 0.050517 0.175412 -0.131332 0.129100 -0.169086 0.408936 0.360978 -0.271668 -0.116244 0.179048 -0.347088 -0.073166 -0.452248
9 -0.493304 -0.392947 0.262736 -0.323603 0.125362 0.024282 0.165151 -0.123218 0.121355 -0.158910 0.417157 0.372913 -0.263810 -0.178461 0.191981 -0.401211 -0.091247 -0.482146
17 -0.466657 -0.379272 0.268959 -0.278792 0.084810 0.001399 0.158473 -0.115271 0.111346 -0.119539 0.399974 0.366051 -0.236399 -0.117094 0.171242 -0.336713 -0.073475 -0.489559
11 -0.488774 -0.404614 0.277650 -0.291939 0.120924 0.009794 0.119938 -0.112440 0.110414 -0.159457 0.379927 0.349579 -0.259426 -0.094683 0.219503 -0.373237 -0.092523 -0.467732
4 -0.452031 -0.301205 0.299156 -0.267085 0.167508 -0.015106 0.144646 -0.110442 0.014184 -0.175839 0.391909 0.265877 -0.232559 -0.166526 0.157389 -0.410789 -0.053973 -0.519022
