18 18
1 -0.597697 -0.544309 0.689757 -0.288509 0.241711 -0.041955 0.065205 -0.126834 -0.120846 -0.051321 0.081900 0.041154 -0.247551 0.176440 0.373542 -0.507669 -0.088049 -0.606603
15 -0.587317 -0.545461 0.696889 -0.299020 0.226532 0.001970 0.077623 -0.199809 -0.167744 -0.025157 0.095183 0.033638 -0.233628 0.250522 0.380679 -0.471912 -0.136981 -0.576047
14 -0.526713 -0.509519 0.594072 -0.297144 0.210138 0.028472 0.054907 -0.133852 -0.091629 -0.056739 0.056888 0.091496 -0.254512 0.118931 0.386177 -0.459873 -0.086882 -0.536096
11 -0.565008 -0.514170 0.665655 -0.240046 0.242133 -0.036196 0.048884 -0.136291 -0.156093 -0.056899 0.081919 0.035511 -0.269581 0.231765 0.376329 -0.481912 -0.107404 -0.558248
6 -0.628585 -0.560697 0.697648 -0.215462 0.328095 -0.002004 0.189615 -0.109969 -0.120552 -0.165781 0.195138 0.039651 -0.385248 0.050143 0.455098 -0.635336 -0.111014 -0.793299
4 -0.600327 -0.510502 0.667426 -0.257235 0.282389 -0.018552 0.089079 -0.107690 -0.108578 -0.126586 0.165996 0.067629 -0.291750 0.117304 0.424396 -0.568957 -0.107927 -0.698258
7 -0.404982 -0.610219 -0.413196 -0.840206 -0.259847 0.681517 0.121322 0.558217 1.531882 -0.634235 -0.081024 0.819463 -0.120937 -1.573699 1.088079 -0.862012 -0.272558 -0.570115
9 -0.563075 -0.737813 -0.329982 -0.939063 -0.209249 0.696473 0.133063 0.582312 1.614537 -0.687422 -0.051868 0.904212 -0.176832 -1.644302 1.193159 -1.018877 -0.326505 -0.687224
16 -0.526280 -0.475831 0.617677 -0.261237 0.189586 -0.002708 0.080197 -0.144985 -0.122973 -0.036368 0.070933 0.059069 -0.242762 0.195014 0.389918 -0.465667 -0.132134 -0.564158
0 -0.565231 -0.528873 0.674998 -0.292578 0.202724 -0.008712 0.038239 -0.154844 -0.166809 -0.033247 0.109823 0.042480 -0.246627 0.223170 0.402499 -0.487710 -0.078238 -0.573788
12 -0.592447 -0.556345 0.683704 -0.301211 0.207906 -0.022283 0.045417 -0.200268 -0.188061 -0.007613 0.110599 0.074254 -0.258328 0.252391 0.385400 -0.457202 -0.134455 -0.560180
8 -0.548297 -0.547976 0.672529 -0.273211 0.194972 -0.011077 0.058149 -0.149524 -0.150907 -0.000773 0.057193 0.049518 -0.250080 0.227804 0.391227 -0.475089 -0.087609 -0.537103
13 -0.566610 -0.550657 0.655893 -0.323875 0.213837 0.005514 0.095403 -0.152809 -0.079185 -0.054394 0.077143 0.059455 -0.255042 0.104799 0.428923 -0.526585 -0.141865 -0.619671
3 -0.603651 -0.498663 0.645259 -0.222112 0.300663 -0.002488 0.168276 -0.128008 -0.135946 -0.162569 0.183530 0.028028 -0.363078 0.036589 0.379093 -0.581416 -0.072396 -0.702520
5 -0.605630 -0.552028 0.624701 -0.226652 0.348357 -0.018602 0.195181 -0.166654 -0.106786 -0.190695 0.213103 0.072662 -0.393602 0.080975 0.420248 -0.626266 -0.114601 -0.755519
2 -0.550377 -0.546276 0.641861 -0.298395 0.219182 0.005125 0.097357 -0.135786 -0.139701 -0.066948 0.081457 0.081284 -0.255652 0.139688 0.399780 -0.528468 -0.134193 -0.578236
10 0.005737 -0.002757 -0.014246 0.006132 0.011972 0.026533 0.015869 -0.001352 0.023172 -0.019827 0.015226 0.016952 -0.017475 0.021206 -0.010712 0.022008 0.009309 0.018390
17 -0.002915 -0.006397 0.005624 0.018021 -0.026928 -0.018564 0.015689 0.014203 0.025956 0.022864 0.010492 0.027524 0.013101 0.016295 -0.014503 0.021066 0.000664 -0.026546
