18 18
11 -0.410627 -0.495064 0.208532 -0.143589 0.191976 -0.080666 0.027460 0.188105 0.491643 -0.204449 0.105178 0.400795 -0.199835 0.042524 0.272487 -0.358232 -0.128081 -0.327748
4 -0.404392 -0.463093 0.203807 -0.146050 0.191377 -0.093050 0.029784 0.208685 0.512369 -0.217177 0.154417 0.433911 -0.184203 0.021970 0.264171 -0.373919 -0.122936 -0.371810
13 -0.407549 -0.412452 0.180231 -0.155050 0.192336 -0.098844 0.137132 0.199006 0.549872 -0.239365 0.118396 0.396087 -0.250226 -0.074073 0.247060 -0.461662 -0.155246 -0.381898
15 -0.438407 -0.647379 0.275427 -0.223321 0.181719 -0.000653 0.002710 0.127593 0.499735 -0.154301 0.111794 0.478003 -0.152379 0.109344 0.324808 -0.276729 -0.147399 -0.355824
17 -0.420201 -0.564106 0.238061 -0.155197 0.137738 -0.079990 0.042024 0.181686 0.526584 -0.144476 0.144944 0.465907 -0.171007 0.082579 0.290159 -0.316267 -0.127837 -0.392271
5 -0.362127 -0.604423 0.200060 -0.178980 0.179640 -0.050040 -0.001661 0.104199 0.463522 -0.138449 0.126244 0.444751 -0.144319 0.115714 0.302681 -0.268773 -0.139514 -0.322356
8 -0.434415 -0.450057 0.193297 -0.149250 0.187246 -0.073281 0.136417 0.222885 0.547351 -0.245086 0.111617 0.430846 -0.286438 -0.069096 0.271638 -0.486998 -0.110956 -0.375493
10 -0.425639 -0.282894 0.102192 -0.094402 0.234750 -0.099682 0.210703 0.266552 0.609329 -0.359235 0.148643 0.399381 -0.339690 -0.119336 0.182736 -0.538732 -0.123383 -0.354088
1 -0.415141 -0.510474 0.233133 -0.186631 0.193990 -0.096564 0.025489 0.198230 0.500569 -0.189518 0.082829 0.404535 -0.161455 0.001800 0.235096 -0.354569 -0.099393 -0.335109
14 -0.439993 -0.763619 0.335912 -0.257412 0.180538 0.000843 -0.080800 0.116207 0.462853 -0.081769 0.080763 0.519610 -0.130433 0.155648 0.367480 -0.207320 -0.114148 -0.359567
2 -0.396297 -0.661758 0.261528 -0.208608 0.176706 -0.054493 -0.035407 0.174958 0.472125 -0.138377 0.108173 0.488841 -0.113666 0.111330 0.311522 -0.283888 -0.147881 -0.321635
6 -0.406517 -0.584959 0.251033 -0.167261 0.168518 -0.025907 0.033051 0.156790 0.465107 -0.146868 0.123665 0.439816 -0.182869 0.052728 0.314835 -0.298468 -0.133802 -0.369909
3 -0.462460 0.069511 0.011413 -0.026752 0.269430 -0.178386 0.428319 0.355039 0.615476 -0.532127 0.147733 0.289621 -0.514773 -0.440675 0.064140 -0.849755 -0.107588 -0.431166
9 -0.436141 -0.223428 0.077475 -0.104588 0.226650 -0.130043 0.218397 0.286644 0.591958 -0.362653 0.131280 0.387055 -0.334358 -0.220594 0.161618 -0.600615 -0.138679 -0.357936
12 -0.444194 -0.611732 0.249200 -0.206764 0.158640 -0.060849 -0.002356 0.136765 0.482730 -0.143102 0.151171 0.484776 -0.181118 0.087671 0.306720 -0.296349 -0.150062 -0.349850
16 -0.431467 -0.155137 0.086829 -0.083621 0.215829 -0.138879 0.282551 0.291015 0.595596 -0.384828 0.109921 0.370600 -0.382940 -0.218711 0.178919 -0.664645 -0.154484 -0.419649
7 -0.380020 -0.529241 0.214963 -0.198982 0.153216 -0.024799 0.032466 0.181179 0.502755 -0.179749 0.067143 0.442323 -0.177024 -0.014248 0.296969 -0.322583 -0.102625 -0.348660
0 -0.419552 -0.546755 0.234832 -0.201578 0.148130 -0.044560 0.021900 0.163553 0.487227 -0.176143 0.149469 0.435063 -0.184729 0.039537 0.314089 -0.352409 -0.104574 -0.372428
