18 18
7 -0.180552 -0.260962 -0.018620 0.032241 0.070787 -0.004807 0.248660 0.303901 0.660994 -0.249565 0.312790 0.537947 -0.183766 -0.085570 0.200428 -0.238611 -0.040125 -0.490464
10 -0.202489 -0.261692 0.007823 0.038999 0.123569 -0.002717 0.241133 0.295547 0.630727 -0.258557 0.327629 0.528685 -0.201208 -0.036044 0.148451 -0.221176 -0.027106 -0.440423
9 -0.200364 -0.243135 -0.012445 0.024111 0.096940 -0.021128 0.231056 0.294444 0.630433 -0.237787 0.305383 0.533223 -0.172816 -0.077894 0.159347 -0.246512 -0.067663 -0.441271
5 -0.166594 -0.258006 -0.037913 0.046974 0.092351 -0.035300 0.263544 0.240552 0.610875 -0.236974 0.333204 0.514198 -0.186833 -0.042203 0.199559 -0.253276 -0.080705 -0.489668
2 -0.186881 -0.262657 0.015498 0.007977 0.086550 -0.037315 0.237144 0.313286 0.604398 -0.237169 0.294960 0.538533 -0.151268 -0.080414 0.162270 -0.267406 -0.069557 -0.461540
3 -0.237913 -0.265615 0.041227 0.037385 0.111958 -0.038979 0.256646 0.307904 0.611562 -0.251910 0.335756 0.522319 -0.212803 -0.093524 0.160676 -0.275582 -0.019218 -0.516623
4 -0.202432 -0.226322 0.013004 0.058383 0.117424 -0.062158 0.200796 0.336299 0.625430 -0.247242 0.333034 0.523961 -0.151844 -0.067743 0.161458 -0.248491 -0.043236 -0.495518
12 -0.240897 -0.276528 0.026754 -0.007051 0.089802 -0.053247 0.194311 0.272776 0.597130 -0.219603 0.334511 0.541558 -0.169907 -0.052763 0.161250 -0.227209 -0.079298 -0.451410
0 -0.200492 -0.270854 0.015784 -0.006763 0.067050 -0.009813 0.223482 0.276038 0.597282 -0.227973 0.317803 0.508923 -0.166614 -0.072171 0.190501 -0.255831 -0.024442 -0.469832
1 -0.229884 -0.278321 0.048007 -0.000704 0.117021 -0.060927 0.216938 0.308354 0.616227 -0.227540 0.282104 0.497965 -0.149121 -0.073845 0.134769 -0.254909 -0.033328 -0.461919
14 -0.224003 -0.280691 0.051556 0.004602 0.118423 -0.022981 0.214221 0.294451 0.604482 -0.224437 0.286121 0.533602 -0.192098 -0.072242 0.168731 -0.243705 -0.025079 -0.477067
8 -0.194828 -0.279726 0.028536 0.039354 0.076450 -0.018957 0.246212 0.294272 0.601442 -0.210943 0.294690 0.511442 -0.197228 -0.060308 0.192013 -0.259114 -0.026963 -0.472499
17 -0.179572 -0.239232 0.008773 0.057243 0.056382 -0.049824 0.237653 0.275524 0.589414 -0.188631 0.300505 0.499845 -0.149358 -0.030881 0.149662 -0.199900 -0.049672 -0.469452
16 -0.189074 -0.238000 0.006021 0.034766 0.069085 -0.024526 0.257666 0.266765 0.610060 -0.223719 0.293754 0.516015 -0.180613 -0.030609 0.206625 -0.250144 -0.082233 -0.505242
13 -0.193921 -0.262036 0.031127 -0.004145 0.097696 -0.035279 0.231508 0.285961 0.640813 -0.224220 0.297172 0.511693 -0.160325 -0.084930 0.170399 -0.246660 -0.067038 -0.474225
11 -0.228978 -0.264317 0.030942 0.037073 0.115099 -0.039839 0.195850 0.305528 0.613602 -0.251614 0.297654 0.501615 -0.195143 -0.042726 0.182849 -0.253496 -0.046358 -0.456104
15 -0.204980 -0.268492 0.009939 0.014308 0.086275 0.008905 0.259594 0.253027 0.620760 -0.245854 0.326418 0.514636 -0.173613 -0.048300 0.191708 -0.243956 -0.073265 -0.482629
6 -0.177832 -0.249534 0.009538 0.069628 0.080279 -0.029390 0.244520 0.290461 0.582190 -0.213011 0.320098 0.493571 -0.173624 -0.056975 0.195807 -0.233124 -0.071530 -0.486966
