18 18
0 -0.307449 -0.588131 0.271560 -0.292624 -0.136839 0.160737 0.222903 0.197600 0.269537 -0.075906 0.120341 0.395853 -0.258289 -0.149638 0.306027 -0.440976 0.040366 -0.174510
1 -0.318056 -0.593618 0.281866 -0.271575 -0.081731 0.097461 0.227114 0.253587 0.305591 -0.101937 0.097068 0.384831 -0.239388 -0.177335 0.242959 -0.458131 0.082343 -0.187248
8 -0.286051 -0.591461 0.263427 -0.269609 -0.135335 0.158403 0.241563 0.211676 0.311511 -0.054366 0.065665 0.437161 -0.298264 -0.151030 0.321813 -0.444386 0.018237 -0.153407
11 -0.300923 -0.547028 0.266419 -0.254164 -0.096210 0.129206 0.205789 0.235095 0.302539 -0.105735 0.075788 0.413744 -0.289349 -0.154775 0.320847 -0.455867 -0.012827 -0.170741
9 -0.291873 -0.549334 0.233987 -0.295146 -0.135079 0.152785 0.214871 0.219359 0.330904 -0.061749 0.069567 0.440539 -0.265069 -0.203118 0.294338 -0.427286 -0.024740 -0.126658
3 -0.320098 -0.553519 0.295649 -0.262820 -0.093135 0.133382 0.252832 0.245147 0.263002 -0.125009 0.121623 0.391905 -0.306905 -0.224159 0.290380 -0.503236 0.052231 -0.206109
13 -0.280561 -0.576700 0.283253 -0.312475 -0.141055 0.155646 0.238894 0.205033 0.321430 -0.054831 0.054842 0.426334 -0.281964 -0.208776 0.334942 -0.455788 -0.033813 -0.168330
16 -0.290702 -0.526014 0.266935 -0.261791 -0.127874 0.147067 0.233250 0.179847 0.271765 -0.056945 0.055799 0.406537 -0.280801 -0.120873 0.325908 -0.435165 -0.042536 -0.184487
15 -0.334551 -0.591433 0.299481 -0.289905 -0.114446 0.175079 0.253548 0.187350 0.291340 -0.085843 0.096972 0.407009 -0.278488 -0.138096 0.320968 -0.454657 -0.022133 -0.191292
2 -0.258795 -0.538162 0.249065 -0.260435 -0.101637 0.130973 0.239124 0.240610 0.251189 -0.109027 0.096010 0.407630 -0.253149 -0.194886 0.283626 -0.480614 0.020030 -0.167858
12 -0.309410 -0.571042 0.263204 -0.298045 -0.138806 0.145038 0.213075 0.186261 0.278009 -0.053255 0.095081 0.448488 -0.288257 -0.164498 0.306452 -0.411968 -0.037531 -0.137411
6 -0.283995 -0.587332 0.274678 -0.239153 -0.110083 0.149852 0.252700 0.233515 0.285286 -0.076816 0.095755 0.397551 -0.282541 -0.176313 0.312543 -0.448080 0.022327 -0.194574
7 -0.264181 -0.569469 0.228024 -0.276960 -0.131140 0.155937 0.241423 0.235157 0.338680 -0.098167 0.075366 0.434288 -0.278835 -0.211672 0.310629 -0.438701 0.029153 -0.166966
10 -0.299424 -0.595770 0.259390 -0.287685 -0.107147 0.177458 0.258259 0.233151 0.338977 -0.109102 0.103902 0.467203 -0.309510 -0.165034 0.300138 -0.440432 0.017846 -0.148497
4 -0.294618 -0.529542 0.270368 -0.267795 -0.095979 0.119981 0.204335 0.259842 0.289423 -0.112667 0.125460 0.422286 -0.257687 -0.203350 0.302391 -0.485814 0.019043 -0.196215
5 -0.302698 -0.617416 0.241277 -0.275930 -0.093986 0.133220 0.263117 0.197759 0.330505 -0.100101 0.120657 0.443034 -0.292960 -0.156218 0.300055 -0.466561 0.025229 -0.199999
14 -0.312612 -0.599162 0.297025 -0.310852 -0.118293 0.171885 0.221723 0.202610 0.296232 -0.054502 0.054725 0.453406 -0.299194 -0.168259 0.320418 -0.429169 0.000593 -0.161271
17 -0.293673 -0.560919 0.268990 -0.225210 -0.126669 0.119406 0.247146 0.220849 0.294634 -0.065077 0.103769 0.405026 -0.249809 -0.121582 0.260125 -0.394180 0.030342 -0.205325
