18 18
4 -0.326912 -0.362018 0.104879 -0.302191 -0.307411 0.318947 0.284748 0.091229 0.361581 -0.060991 0.425420 0.626111 0.096759 -0.053865 0.265955 -0.210638 -0.399937 -0.328536
10 -0.218361 -0.390647 0.023964 -0.260871 -0.244023 0.311609 0.403616 0.049695 0.404632 -0.141032 0.368850 0.527732 -0.010363 -0.119199 0.239372 -0.225647 -0.231521 -0.350652
15 -0.285075 -0.377120 0.079413 -0.296388 -0.260249 0.320349 0.341436 0.029785 0.359044 -0.104878 0.369512 0.518199 0.038191 -0.099258 0.266601 -0.241788 -0.311541 -0.352553
9 -0.312489 -0.323404 0.068565 -0.305144 -0.297500 0.329727 0.249914 0.080002 0.348965 -0.048628 0.369697 0.584864 0.094531 -0.070968 0.250137 -0.202466 -0.394700 -0.244692
17 -0.187936 -0.392936 0.023417 -0.221075 -0.265975 0.232370 0.431621 0.059860 0.408377 -0.118903 0.356705 0.496089 -0.001955 -0.161537 0.229663 -0.238484 -0.180536 -0.444772
1 -0.140641 -0.429109 -0.017145 -0.230079 -0.165804 0.193175 0.509757 0.076120 0.473840 -0.242986 0.309242 0.391837 -0.063796 -0.310650 0.222494 -0.363627 -0.018036 -0.520776
2 -0.204835 -0.398215 0.035046 -0.267611 -0.261715 0.279118 0.404100 0.066940 0.367283 -0.130560 0.353528 0.521962 0.017725 -0.161909 0.248953 -0.271183 -0.248810 -0.378002
12 -0.274474 -0.415856 0.064810 -0.293741 -0.283424 0.275253 0.332784 0.003701 0.328600 -0.063871 0.392107 0.553797 0.012664 -0.076732 0.258259 -0.193050 -0.321780 -0.333648
0 -0.283531 -0.396844 0.072236 -0.317474 -0.298894 0.329983 0.327556 0.048303 0.358761 -0.100732 0.405790 0.555965 0.043139 -0.098120 0.295489 -0.252412 -0.300406 -0.349299
11 -0.345968 -0.379123 0.113844 -0.298117 -0.292000 0.326116 0.244637 0.065567 0.332108 -0.051166 0.384220 0.604351 0.062165 0.007567 0.285067 -0.188102 -0.432010 -0.255621
13 -0.159074 -0.395746 0.021187 -0.251139 -0.231223 0.246529 0.455631 0.041515 0.418485 -0.148411 0.325571 0.446934 -0.020147 -0.225591 0.248418 -0.289314 -0.179466 -0.444316
6 -0.239897 -0.390121 0.068699 -0.237949 -0.263470 0.292003 0.363970 0.068055 0.354875 -0.084854 0.366173 0.517988 0.013446 -0.106393 0.257801 -0.212260 -0.285072 -0.357165
7 -0.049608 -0.413002 -0.094252 -0.194644 -0.169031 0.217490 0.567920 0.059578 0.485614 -0.303261 0.313598 0.350100 -0.116783 -0.384883 0.267592 -0.392617 0.061926 -0.577715
3 -0.167023 -0.389375 0.011810 -0.213534 -0.187317 0.227908 0.491919 0.057824 0.397667 -0.223133 0.346973 0.396197 -0.083233 -0.284931 0.229257 -0.343691 -0.055303 -0.504668
5 -0.085111 -0.419849 -0.079115 -0.189152 -0.122148 0.184070 0.544254 0.026575 0.458167 -0.287101 0.327930 0.357998 -0.127080 -0.319920 0.246720 -0.393047 0.014686 -0.551275
8 -0.239682 -0.395611 0.072017 -0.259979 -0.283767 0.292707 0.349057 0.057863 0.346033 -0.070885 0.344779 0.517963 0.009756 -0.103606 0.272327 -0.242378 -0.264559 -0.335267
16 -0.251329 -0.352941 0.055131 -0.268876 -0.259930 0.284904 0.357728 0.055854 0.366160 -0.113257 0.340975 0.518250 0.016223 -0.111963 0.277167 -0.270887 -0.288487 -0.383097
14 -0.011733 -0.016220 0.026785 -0.021827 0.014521 0.009558 -0.015588 -0.009492 -0.015071 0.014490 -0.026914 0.011819 -0.010079 -0.001944 0.000728 0.009641 0.015475 -0.000266
