18 18
16 -0.193633 -0.395004 0.240290 -0.500271 0.004977 0.118799 0.332844 -0.222734 0.486623 -0.030792 -0.062541 0.352585 -0.184001 -0.138409 0.303497 -0.226867 -0.194483 -0.526392
0 -0.208865 -0.446030 0.262073 -0.574250 -0.030184 0.152053 0.310218 -0.241363 0.460608 -0.011401 -0.029489 0.348459 -0.159015 -0.178368 0.309091 -0.224926 -0.144763 -0.507003
5 -0.188873 -0.425385 0.192112 -0.489959 0.032654 0.100252 0.331788 -0.233516 0.508199 -0.051049 -0.017818 0.380308 -0.192324 -0.145727 0.291244 -0.235266 -0.196437 -0.510505
7 -0.171414 -0.408842 0.215631 -0.510416 -0.032445 0.127221 0.324922 -0.204744 0.523604 -0.019581 -0.066409 0.346351 -0.153575 -0.202364 0.296729 -0.197816 -0.173034 -0.508916
11 -0.240082 -0.408443 0.271419 -0.477830 0.041585 0.106305 0.297679 -0.181037 0.524096 -0.069239 -0.049351 0.332582 -0.194951 -0.142312 0.296215 -0.227573 -0.172153 -0.524468
4 -0.210440 -0.373807 0.248789 -0.480384 0.031757 0.104545 0.293875 -0.180244 0.489953 -0.054394 -0.019156 0.344286 -0.158843 -0.164750 0.262028 -0.211955 -0.155937 -0.518283
13 -0.186882 -0.378086 0.268689 -0.491102 0.019496 0.090905 0.315565 -0.216804 0.504254 -0.014695 -0.074184 0.271961 -0.150912 -0.189602 0.258061 -0.198097 -0.171852 -0.510222
3 -0.261034 -0.384035 0.314800 -0.470720 0.054828 0.115860 0.344350 -0.206726 0.496222 -0.066590 -0.048335 0.273817 -0.220493 -0.185857 0.251053 -0.221698 -0.131014 -0.553688
17 -0.219343 -0.414474 0.258379 -0.472875 -0.009633 0.088610 0.331524 -0.194779 0.533133 -0.009410 -0.043744 0.360538 -0.162892 -0.147611 0.257622 -0.183363 -0.173840 -0.537993
10 -0.228746 -0.403983 0.277293 -0.484274 0.055295 0.141075 0.341391 -0.207214 0.541563 -0.071944 -0.043872 0.328842 -0.205608 -0.135404 0.259216 -0.187601 -0.150149 -0.519955
9 -0.200514 -0.424385 0.197976 -0.532802 -0.025547 0.124517 0.312834 -0.208066 0.511764 -0.014911 -0.038141 0.406104 -0.160614 -0.194822 0.290877 -0.217553 -0.202629 -0.483394
12 -0.225635 -0.444313 0.243283 -0.540371 -0.012411 0.112725 0.307843 -0.250063 0.467678 -0.010006 -0.022918 0.384867 -0.182203 -0.156683 0.295773 -0.207726 -0.205611 -0.504181
15 -0.233871 -0.371852 0.285073 -0.471780 0.048195 0.139900 0.305924 -0.210711 0.460832 -0.060626 -0.044843 0.267973 -0.167355 -0.136765 0.252614 -0.199607 -0.151525 -0.492407
2 -0.159990 -0.454249 0.215463 -0.563459 -0.042883 0.137495 0.338445 -0.208873 0.460043 -0.010619 -0.053054 0.423110 -0.141084 -0.188661 0.302710 -0.243884 -0.203674 -0.489058
14 -0.194784 -0.446377 0.253663 -0.563976 -0.005942 0.142422 0.294788 -0.236267 0.446956 0.003651 -0.077675 0.380139 -0.167403 -0.173277 0.299152 -0.208355 -0.160700 -0.486318
1 -0.219675 -0.410986 0.270763 -0.492666 0.025424 0.076982 0.296519 -0.179917 0.493503 -0.022007 -0.075062 0.294846 -0.140235 -0.173675 0.237799 -0.209139 -0.135558 -0.492357
6 0.007299 -0.006988 0.006429 0.025394 0.003018 0.008962 0.013628 0.017139 -0.003415 0.002961 0.009307 -0.005691 -0.008572 -0.012634 0.015137 0.000585 -0.007433 -0.019036
8 0.003889 -0.024784 0.014791 0.006068 -0.018192 0.009774 0.013932 0.005426 -0.001505 0.020585 -0.012265 0.000073 -0.017512 0.000480 0.021614 -0.017675 0.015234 0.001164
