18 18
8 -0.364771 -0.623655 0.339770 -0.333709 -0.203714 0.070851 0.133504 -0.047721 0.135563 0.135250 0.329563 0.300353 -0.110913 -0.047533 0.384410 -0.329769 -0.013341 -0.410844
16 -0.372810 -0.563998 0.325459 -0.387488 -0.214928 0.043711 0.086808 -0.128475 0.090353 0.160066 0.331211 0.311692 -0.071606 -0.012406 0.360230 -0.266127 -0.079161 -0.414685
1 -0.380756 -0.571183 0.325116 -0.383916 -0.164903 -0.000639 0.057918 -0.073253 0.103070 0.123936 0.327858 0.281294 -0.038531 -0.064966 0.294467 -0.276656 -0.022805 -0.386187
0 -0.345190 -0.577337 0.313500 -0.409775 -0.235472 0.080101 0.049912 -0.145889 0.084959 0.179064 0.321088 0.263497 -0.040078 -0.015965 0.350990 -0.211630 -0.029989 -0.350303
3 -0.392183 -0.567404 0.342701 -0.358009 -0.154841 0.016639 0.096116 -0.054757 0.066019 0.084923 0.384621 0.273683 -0.089962 -0.116361 0.307599 -0.333286 0.010262 -0.427404
15 -0.380881 -0.591494 0.337642 -0.375502 -0.186771 0.085799 0.096750 -0.112447 0.111286 0.127345 0.341166 0.268827 -0.066496 -0.017746 0.354212 -0.271120 -0.048483 -0.392056
12 -0.406105 -0.630556 0.337533 -0.625551 -0.358397 0.042216 -0.094407 -0.432842 -0.031194 0.402905 0.355506 0.358360 0.026141 0.064470 0.357754 0.001056 -0.186428 -0.310163
6 -0.351768 -0.582586 0.326140 -0.324901 -0.179936 0.055996 0.098544 -0.054050 0.107462 0.127207 0.336080 0.268756 -0.077173 -0.052888 0.342328 -0.269801 -0.026398 -0.394079
2 -0.346045 -0.567618 0.309736 -0.373894 -0.167753 0.020687 0.089118 -0.049712 0.068430 0.093231 0.354053 0.301809 -0.045485 -0.098583 0.305276 -0.318684 -0.035972 -0.386201
11 -0.389889 -0.592586 0.338755 -0.352648 -0.168368 0.031199 0.061734 -0.058074 0.124892 0.111019 0.326819 0.288705 -0.082441 -0.019274 0.365765 -0.305269 -0.043210 -0.395472
5 -0.367557 -0.595214 0.301162 -0.364335 -0.145391 0.011592 0.104912 -0.076745 0.118898 0.079647 0.387221 0.307302 -0.077245 -0.070907 0.332374 -0.331748 -0.033215 -0.428894
10 -0.350372 -0.577132 0.304280 -0.328746 -0.176772 0.081407 0.114601 -0.066520 0.140309 0.105835 0.341578 0.293147 -0.096728 -0.018443 0.333475 -0.257892 -0.015000 -0.368351
9 -0.388723 -0.592616 0.303897 -0.341492 -0.178476 0.066374 0.113721 -0.042802 0.155260 0.100371 0.360368 0.314664 -0.096798 -0.060273 0.351572 -0.316905 -0.035292 -0.389724
7 -0.341525 -0.581801 0.294502 -0.384943 -0.216716 0.055463 0.086049 -0.090054 0.125356 0.127644 0.327746 0.295833 -0.055179 -0.074756 0.349856 -0.262841 -0.034242 -0.392301
13 -0.399490 -0.669117 0.386937 -0.625414 -0.326930 0.046799 -0.024185 -0.363895 0.022079 0.357783 0.358214 0.335093 0.016095 -0.023812 0.398157 -0.118224 -0.160317 -0.397909
4 -0.396382 -0.572714 0.323366 -0.397411 -0.160823 -0.007507 0.042339 -0.048727 0.080117 0.082286 0.440552 0.322735 -0.033445 -0.109597 0.304363 -0.318627 -0.016839 -0.428530
17 -0.371119 -0.595425 0.335662 -0.411425 -0.261159 0.036031 0.057482 -0.153657 0.099739 0.222807 0.334734 0.316227 -0.026371 -0.004510 0.326889 -0.179528 -0.064165 -0.391073
14 -0.410518 -0.655773 0.391602 -0.661964 -0.323591 0.055196 -0.084943 -0.417698 -0.036396 0.399090 0.331142 0.358474 0.025020 0.008801 0.363012 -0.034616 -0.138666 -0.358905
