18 18
6 -0.434357 -0.516246 0.424852 -0.270964 0.120589 -0.063641 0.119679 0.061960 0.130626 -0.068074 0.017018 0.132928 -0.230306 -0.189543 0.282886 -0.510674 0.066036 -0.479595
0 -0.465080 -0.499907 0.449138 -0.340621 0.134212 -0.049329 0.068755 0.019898 0.093500 -0.098234 0.029771 0.107446 -0.199376 -0.141163 0.269197 -0.514471 0.102855 -0.445254
16 -0.504047 -0.513349 0.474604 -0.315838 0.114095 -0.106343 0.118116 0.032500 0.111236 -0.054399 -0.004054 0.160439 -0.221132 -0.121401 0.258040 -0.524776 0.050816 -0.497261
3 -0.429580 -0.380789 0.431539 -0.263523 0.155412 -0.182499 0.102971 0.033979 0.014653 -0.140023 0.090456 0.056517 -0.231271 -0.218095 0.182764 -0.572882 0.107811 -0.486197
13 -0.414189 -0.443155 0.430972 -0.302257 0.134551 -0.159453 0.108209 0.028773 0.073969 -0.104810 0.053763 0.088413 -0.215188 -0.225531 0.239945 -0.578609 0.066388 -0.492887
2 -0.424193 -0.468648 0.437019 -0.315865 0.131588 -0.144315 0.115542 0.045417 0.032780 -0.109297 0.054128 0.137742 -0.209195 -0.214103 0.225503 -0.594508 0.064126 -0.474076
8 -0.451401 -0.499271 0.448061 -0.296221 0.117879 -0.120180 0.116460 0.049331 0.096127 -0.080463 0.035899 0.123478 -0.234152 -0.194275 0.254683 -0.571628 0.100649 -0.478369
12 -0.476744 -0.482878 0.440645 -0.315163 0.115098 -0.166349 0.088056 0.019124 0.054431 -0.078404 0.085806 0.152263 -0.220216 -0.187886 0.217122 -0.544362 0.059595 -0.476972
11 -0.456888 -0.454984 0.434269 -0.283969 0.162251 -0.136347 0.065314 0.054099 0.080164 -0.131993 0.035517 0.102758 -0.215655 -0.149303 0.242233 -0.545625 0.066041 -0.447243
14 -0.505490 -0.499127 0.508640 -0.347423 0.174587 -0.092384 0.062680 0.004141 0.057377 -0.073151 -0.015212 0.115473 -0.210705 -0.132490 0.215964 -0.491842 0.103297 -0.451938
7 -0.386150 -0.430738 0.376055 -0.283926 0.111629 -0.102671 0.101065 0.041907 0.100814 -0.107659 0.038554 0.112754 -0.207342 -0.213157 0.246328 -0.522031 0.083475 -0.455751
1 -0.488329 -0.485261 0.471765 -0.318990 0.160024 -0.145939 0.076401 0.052448 0.097195 -0.102253 0.017700 0.096804 -0.189467 -0.168724 0.206394 -0.537540 0.099427 -0.466875
15 -0.480826 -0.464577 0.467284 -0.326863 0.157984 -0.085415 0.096206 -0.010829 0.070996 -0.104971 0.042967 0.094587 -0.193636 -0.128361 0.219707 -0.504530 0.062852 -0.454237
5 -0.423469 -0.458479 0.391474 -0.288077 0.155241 -0.145436 0.125274 0.007650 0.095155 -0.125770 0.083490 0.125219 -0.235494 -0.183513 0.235065 -0.571318 0.071859 -0.491647
10 -0.493154 -0.530690 0.461888 -0.322915 0.154291 -0.102293 0.127151 0.044815 0.126848 -0.120527 0.061960 0.162382 -0.257364 -0.179241 0.253318 -0.571356 0.091621 -0.504299
9 -0.472676 -0.507827 0.411922 -0.311650 0.119221 -0.093799 0.112107 0.058272 0.160368 -0.079523 0.040312 0.167916 -0.220133 -0.217851 0.245943 -0.546049 0.070168 -0.472332
17 -0.440587 -0.468313 0.422968 -0.267747 0.089286 -0.133846 0.119052 0.053453 0.119774 -0.050399 0.047321 0.156128 -0.188801 -0.158968 0.202295 -0.489679 0.077859 -0.479034
4 -0.416154 -0.394653 0.416120 -0.270405 0.156918 -0.190510 0.089386 0.058776 0.057208 -0.141581 0.113866 0.109816 -0.209779 -0.225633 0.214963 -0.599892 0.087379 -0.517587
