18 18
1 -0.273396 -0.418623 0.036643 -0.260191 0.062045 -0.096572 0.227342 0.139012 0.516325 -0.139331 0.170259 0.458181 -0.096470 -0.212596 0.184026 -0.451437 -0.085599 -0.431319
0 -0.272038 -0.462694 0.012815 -0.288998 0.066214 0.002407 0.207585 0.052136 0.541665 -0.179319 0.252610 0.540773 -0.148620 -0.094580 0.274042 -0.401906 -0.146696 -0.382884
9 -0.270950 -0.407403 -0.012803 -0.262282 0.077649 -0.051649 0.201762 0.104720 0.562978 -0.162289 0.192248 0.543021 -0.119970 -0.143890 0.217029 -0.407402 -0.167705 -0.367932
11 -0.357112 -0.496531 0.057674 -0.283264 0.131937 -0.035897 0.132283 0.062829 0.575107 -0.188910 0.159858 0.560196 -0.169749 0.031651 0.280251 -0.356518 -0.230760 -0.340731
15 -0.278315 -0.423175 0.020323 -0.256536 0.109880 -0.006150 0.218510 0.051977 0.520581 -0.191530 0.219667 0.502613 -0.131311 -0.075124 0.232126 -0.379834 -0.184532 -0.377036
4 -0.245726 -0.374657 -0.001120 -0.223937 0.109245 -0.056617 0.190105 0.114914 0.514738 -0.193715 0.241760 0.509958 -0.109233 -0.146895 0.214771 -0.406505 -0.138769 -0.407869
7 -0.214993 -0.400269 -0.015067 -0.242624 0.050613 -0.017839 0.216923 0.096385 0.513538 -0.166385 0.193278 0.480781 -0.118816 -0.164038 0.236022 -0.391402 -0.118115 -0.376210
5 -0.251639 -0.427197 -0.023198 -0.237738 0.116192 -0.036255 0.220066 0.044752 0.535859 -0.190478 0.224096 0.529857 -0.155666 -0.071620 0.237987 -0.385781 -0.178664 -0.376392
10 -0.291334 -0.448970 0.005107 -0.256399 0.120640 -0.009453 0.208356 0.066507 0.574171 -0.196702 0.210483 0.562359 -0.163128 -0.033100 0.223997 -0.346951 -0.180913 -0.343319
3 -0.276557 -0.410554 0.029285 -0.239244 0.090954 -0.045897 0.269187 0.108764 0.512792 -0.194352 0.251834 0.497868 -0.163965 -0.203730 0.208541 -0.457844 -0.096388 -0.459483
17 -0.281414 -0.424889 0.015995 -0.233369 0.071718 -0.067426 0.206032 0.097482 0.566764 -0.144696 0.200179 0.552075 -0.115956 -0.074603 0.205116 -0.355886 -0.167375 -0.397317
16 -0.275339 -0.404383 0.016952 -0.253602 0.075626 -0.045644 0.207542 0.069372 0.533916 -0.148727 0.158036 0.538587 -0.141100 -0.054952 0.239204 -0.382536 -0.198530 -0.382097
6 -0.246614 -0.419580 0.015283 -0.220111 0.088501 -0.027064 0.232159 0.108239 0.512073 -0.174297 0.230601 0.487987 -0.138997 -0.153840 0.237191 -0.407266 -0.140810 -0.410313
14 -0.304423 -0.463031 0.045147 -0.286202 0.122010 -0.018015 0.170600 0.053789 0.534508 -0.165753 0.183292 0.553898 -0.154239 -0.062562 0.241923 -0.355010 -0.170842 -0.363096
2 -0.222339 -0.408906 -0.008906 -0.243316 0.080457 -0.033202 0.240830 0.102908 0.492599 -0.182841 0.220742 0.525617 -0.119745 -0.155401 0.220146 -0.430706 -0.156201 -0.381451
12 -0.333590 -0.481466 0.032315 -0.292232 0.094179 -0.046567 0.146900 0.031760 0.538917 -0.151614 0.215966 0.575353 -0.148505 -0.019239 0.250927 -0.336310 -0.230264 -0.342412
8 -0.249371 -0.436261 0.020700 -0.241266 0.065434 -0.024324 0.222880 0.088725 0.520433 -0.150607 0.195053 0.518434 -0.151886 -0.117145 0.253685 -0.416448 -0.138580 -0.383716
13 -0.293563 -0.452737 0.037502 -0.291112 0.114601 -0.029768 0.158548 0.022679 0.563155 -0.160511 0.178245 0.545655 -0.136801 -0.016288 0.263498 -0.333104 -0.254586 -0.342976
