18 18
11 -0.203635 -0.446108 0.075798 -0.040307 -0.097890 0.165893 0.143691 0.217809 0.515410 -0.077189 -0.000947 0.382655 -0.281131 -0.012886 0.517010 -0.261037 -0.099575 -0.328547
14 -0.191205 -0.469528 0.104410 -0.073299 -0.115912 0.208659 0.192006 0.219548 0.557981 -0.040163 -0.065882 0.413646 -0.299394 -0.054503 0.532161 -0.253935 -0.069032 -0.368212
16 -0.203507 -0.450103 0.085604 -0.056663 -0.128854 0.183144 0.206332 0.204745 0.545727 -0.053960 -0.028711 0.411255 -0.296437 -0.011683 0.543752 -0.276692 -0.123509 -0.389619
9 -0.223764 -0.474176 0.007797 -0.077413 -0.131674 0.123418 0.132393 0.198174 0.588469 -0.047768 0.090194 0.506122 -0.257137 -0.041530 0.529529 -0.258929 -0.184054 -0.360000
0 -0.228323 -0.489800 0.018875 -0.109944 -0.149899 0.112137 0.090181 0.137387 0.501022 -0.032614 0.162849 0.483379 -0.226815 -0.007636 0.533427 -0.242342 -0.170210 -0.367900
17 -0.199549 -0.484557 0.054549 -0.049567 -0.169195 0.147291 0.181783 0.216592 0.595909 -0.021787 0.047593 0.478534 -0.254026 -0.019897 0.531358 -0.228165 -0.141256 -0.405136
6 -0.165463 -0.458049 0.052647 -0.026822 -0.138605 0.199986 0.203307 0.221618 0.561826 -0.044978 0.034300 0.429838 -0.280537 -0.051448 0.546226 -0.234490 -0.128661 -0.390367
12 -0.278014 -0.516533 -0.015087 -0.109727 -0.136378 0.050798 0.067329 0.115251 0.539744 -0.025826 0.236318 0.591918 -0.243942 0.012463 0.538429 -0.231984 -0.277454 -0.391957
10 -0.193141 -0.471326 0.059522 -0.058429 -0.119229 0.217307 0.206258 0.207817 0.586282 -0.078193 0.018124 0.441204 -0.307324 -0.006299 0.528946 -0.240349 -0.089944 -0.347694
7 -0.164663 -0.436243 0.027876 -0.058792 -0.141732 0.178034 0.168573 0.211278 0.561658 -0.060793 0.015468 0.423578 -0.262552 -0.060032 0.530371 -0.241984 -0.109820 -0.356386
15 -0.213306 -0.478662 0.067374 -0.087757 -0.136534 0.193296 0.183472 0.171767 0.564243 -0.056548 0.049415 0.441273 -0.264766 -0.021681 0.553132 -0.259430 -0.153733 -0.390600
1 -0.203348 -0.452234 0.113278 -0.068420 -0.099685 0.165550 0.182276 0.233870 0.540977 -0.057134 -0.058172 0.356143 -0.262921 -0.052321 0.480079 -0.265839 -0.047424 -0.343630
13 -0.159156 -0.448334 0.065949 -0.077589 -0.150356 0.169626 0.182915 0.181014 0.559295 -0.022084 0.008539 0.409917 -0.249583 -0.056066 0.537144 -0.239108 -0.145922 -0.382924
3 -0.215401 -0.429902 0.080327 -0.061150 -0.106484 0.160700 0.177809 0.184269 0.498281 -0.063689 0.037130 0.393383 -0.293303 -0.062556 0.488801 -0.265340 -0.087332 -0.372156
5 -0.218695 -0.483413 -0.026755 -0.081081 -0.104182 0.074370 0.121854 0.122846 0.547739 -0.056835 0.173972 0.516240 -0.245891 -0.001485 0.515712 -0.255986 -0.218035 -0.382397
8 -0.188373 -0.476758 0.081773 -0.057231 -0.146859 0.175362 0.183740 0.201900 0.532174 -0.027174 -0.008749 0.402542 -0.280196 -0.027634 0.532453 -0.263584 -0.095100 -0.346700
4 -0.237435 -0.454326 -0.009071 -0.081057 -0.107849 0.057468 0.065004 0.162077 0.540240 -0.054075 0.212146 0.542399 -0.215539 -0.015714 0.523961 -0.254171 -0.226403 -0.407530
2 0.021368 -0.003688 -0.004957 -0.007525 -0.007603 0.001755 0.011077 0.016235 -0.024745 -0.003279 -0.008624 0.014563 0.014594 -0.017313 -0.004715 -0.020484 -0.014205 0.014938
