18 18
4 -0.037718 -0.316916 0.113272 -0.197347 -0.208578 -0.042560 0.356898 -0.001479 0.505197 0.132776 0.295444 0.453735 -0.021283 -0.313687 0.244545 -0.134620 -0.327658 -0.574554
13 -0.020896 -0.318862 0.155360 -0.253758 -0.231085 -0.006818 0.401920 -0.062148 0.487748 0.179958 0.244874 0.405590 -0.030186 -0.354590 0.262779 -0.144696 -0.364616 -0.553192
3 -0.061714 -0.314013 0.127568 -0.189853 -0.188134 -0.032367 0.363767 -0.029962 0.430209 0.120194 0.246150 0.384436 -0.063236 -0.300490 0.222425 -0.152823 -0.284834 -0.540093
15 -0.087837 -0.316411 0.172661 -0.230907 -0.167241 0.018219 0.371935 -0.041220 0.444642 0.115173 0.256843 0.395158 -0.046023 -0.290806 0.230333 -0.156709 -0.322928 -0.516323
2 -0.005706 -0.319093 0.115405 -0.223936 -0.218882 -0.003768 0.365618 -0.018588 0.428227 0.141925 0.226847 0.417604 -0.016470 -0.312438 0.228295 -0.141688 -0.323595 -0.484120
16 -0.044833 -0.313793 0.166358 -0.232389 -0.211051 -0.009193 0.408343 -0.035105 0.491389 0.162251 0.229580 0.432488 -0.052768 -0.315832 0.277917 -0.170560 -0.364784 -0.598092
9 -0.078751 -0.313062 0.143609 -0.222842 -0.171079 -0.019487 0.361831 0.008901 0.492645 0.117661 0.247171 0.426589 -0.042068 -0.341783 0.223821 -0.175013 -0.321239 -0.526097
5 0.308302 -0.492969 -0.442105 -0.124710 -0.560876 -0.106450 0.355813 -0.308736 0.490910 0.299985 0.290083 0.587641 0.048294 -0.101265 0.355965 0.131661 -0.436234 -0.444017
8 -0.047585 -0.338765 0.154104 -0.206065 -0.213094 -0.013129 0.375421 -0.014328 0.471335 0.157124 0.240229 0.409099 -0.054467 -0.311459 0.255048 -0.162537 -0.297282 -0.527983
12 0.127085 -0.422327 -0.167253 -0.189049 -0.437464 -0.058812 0.331675 -0.197629 0.447975 0.260940 0.289325 0.527198 0.014596 -0.188164 0.297685 0.047742 -0.404243 -0.448586
1 -0.153527 -0.315017 0.273996 -0.240497 -0.095160 -0.038540 0.352448 0.060538 0.488601 0.092811 0.220037 0.368550 -0.042825 -0.348772 0.196124 -0.224165 -0.267763 -0.563545
10 -0.040664 -0.313028 0.132041 -0.214379 -0.197132 0.021052 0.379236 -0.037553 0.477255 0.135051 0.268948 0.429815 -0.059418 -0.289415 0.223614 -0.104890 -0.316321 -0.491701
0 -0.088750 -0.323043 0.202996 -0.260192 -0.180354 0.019762 0.366576 -0.021208 0.449070 0.126660 0.267405 0.393345 -0.053837 -0.323855 0.250015 -0.176151 -0.289260 -0.542270
17 0.272341 -0.443722 -0.367126 -0.110928 -0.563282 -0.090858 0.331872 -0.247010 0.460558 0.311872 0.269427 0.559622 0.071178 -0.102335 0.301022 0.159514 -0.391949 -0.416186
7 0.183230 -0.374704 -0.209799 -0.155041 -0.422976 -0.041850 0.320810 -0.158753 0.455059 0.222544 0.227579 0.470599 0.034304 -0.207628 0.297648 0.036682 -0.346725 -0.434394
6 0.019847 -0.340544 0.072023 -0.186273 -0.255333 -0.002166 0.378299 -0.061247 0.444185 0.180009 0.253884 0.416746 -0.032006 -0.296357 0.265579 -0.091003 -0.338939 -0.512098
11 -0.107890 -0.346139 0.185558 -0.213520 -0.153524 -0.030650 0.356549 0.034169 0.514571 0.089459 0.250036 0.425479 -0.061662 -0.308410 0.255645 -0.201016 -0.323097 -0.558527
14 -0.050816 -0.341135 0.143387 -0.228238 -0.185612 -0.008090 0.339462 -0.046516 0.442179 0.153927 0.212388 0.422238 -0.051665 -0.288658 0.238009 -0.120114 -0.297315 -0.515087
