18 18
1 -0.337588 -0.586847 0.168941 -0.287383 -0.163557 0.124628 0.110305 0.175272 0.443338 -0.052477 0.182543 0.513107 -0.254198 -0.144047 0.401536 -0.218310 -0.091082 -0.281910
10 -0.288025 -0.678709 0.141497 -0.351592 -0.313522 0.231092 0.101707 0.083547 0.524130 0.073782 0.096126 0.536161 -0.250636 -0.032027 0.479465 -0.052562 -0.157913 -0.147730
3 -0.429009 -0.382439 0.140382 -0.072349 0.185340 0.082013 0.288149 0.285181 0.298045 -0.457491 0.642777 0.678138 -0.526412 -0.345946 0.333398 -0.562790 0.012204 -0.648370
2 -0.309802 -0.493383 0.124654 -0.215494 -0.056253 0.125772 0.173879 0.164610 0.343354 -0.168726 0.329538 0.587176 -0.326757 -0.183962 0.378820 -0.297142 -0.123099 -0.369611
14 -0.358458 -0.511183 0.174319 -0.248447 -0.005295 0.128415 0.133526 0.127821 0.320847 -0.156051 0.297135 0.579887 -0.339917 -0.179538 0.366476 -0.265242 -0.113136 -0.380537
16 -0.268156 -0.597818 0.147847 -0.322038 -0.313299 0.172377 0.109780 0.032087 0.446235 0.106052 0.064120 0.477713 -0.239364 0.000372 0.475982 -0.066668 -0.202869 -0.199213
11 -0.295407 -0.630531 0.153698 -0.323712 -0.286371 0.160280 0.053458 0.086356 0.479757 0.074561 0.058614 0.469387 -0.220307 -0.024264 0.466302 -0.073030 -0.183274 -0.155047
0 -0.289117 -0.620581 0.146113 -0.335199 -0.289629 0.185045 0.082879 0.098336 0.458669 0.049318 0.123545 0.484043 -0.226886 -0.072962 0.470116 -0.122112 -0.125182 -0.197050
13 -0.257654 -0.614688 0.151321 -0.348212 -0.301439 0.171355 0.100914 0.025437 0.456047 0.108753 0.070382 0.451623 -0.217099 -0.058378 0.457989 -0.059923 -0.196769 -0.182506
12 -0.296012 -0.618148 0.137220 -0.346833 -0.294747 0.168241 0.047819 0.003393 0.421051 0.110988 0.100363 0.492382 -0.224648 -0.008038 0.432165 -0.002115 -0.210280 -0.128371
7 -0.283653 -0.571629 0.117798 -0.280798 -0.198978 0.169630 0.125870 0.145669 0.460165 -0.054463 0.185270 0.529820 -0.270225 -0.146573 0.445782 -0.186804 -0.120655 -0.274006
6 -0.290977 -0.626401 0.149196 -0.285963 -0.255396 0.181588 0.108208 0.151871 0.475728 0.021753 0.138436 0.497049 -0.251487 -0.111766 0.458985 -0.137471 -0.128156 -0.217248
5 -0.336822 -0.451625 0.090730 -0.143937 0.076896 0.093506 0.228196 0.173836 0.354010 -0.296235 0.454878 0.611740 -0.408081 -0.221468 0.365581 -0.403197 -0.080319 -0.493329
4 -0.390157 -0.357290 0.119224 -0.075575 0.194573 0.059685 0.232976 0.282630 0.299776 -0.435824 0.610243 0.671026 -0.458438 -0.311620 0.328458 -0.518817 -0.023017 -0.622293
15 -0.308912 -0.530600 0.146692 -0.267279 -0.153953 0.158561 0.131588 0.087148 0.386584 -0.051663 0.207383 0.482484 -0.253995 -0.095071 0.392149 -0.179585 -0.143270 -0.274849
9 -0.275395 -0.586571 0.107434 -0.302968 -0.253677 0.163956 0.089155 0.133475 0.483258 0.026548 0.110449 0.487756 -0.209885 -0.113596 0.418540 -0.129442 -0.140496 -0.169391
8 -0.262427 -0.619973 0.145767 -0.298880 -0.292733 0.179140 0.106310 0.098265 0.454260 0.075071 0.091658 0.477473 -0.238076 -0.062462 0.462113 -0.114527 -0.129570 -0.186135
17 -0.230853 -0.621999 0.134018 -0.330731 -0.394410 0.167077 0.072025 0.019926 0.484694 0.200111 -0.002561 0.433104 -0.149705 0.035891 0.427842 0.053508 -0.191929 -0.101453
