18 18
11 -0.167556 -0.422425 0.512275 0.104760 0.078249 -0.263436 0.360893 0.479713 0.341230 0.045139 -0.064156 0.376647 -0.022622 -0.172161 0.218926 -0.530720 -0.407472 -0.631842
6 -0.205200 -0.486284 0.398301 0.134147 0.064952 -0.357693 0.339823 0.480486 0.375079 0.105566 0.010713 0.508463 -0.055694 -0.185154 0.189004 -0.526969 -0.475449 -0.571924
13 -0.042924 -0.314615 0.680435 0.078358 0.071238 -0.118700 0.461202 0.456610 0.258529 0.064326 -0.177698 0.182714 0.058456 -0.201871 0.206363 -0.469289 -0.345316 -0.714129
8 -0.250993 -0.526093 0.380992 0.128308 0.072571 -0.409659 0.324411 0.451793 0.375980 0.135721 0.005725 0.556666 -0.099787 -0.151432 0.168498 -0.556606 -0.478048 -0.527995
14 -0.172811 -0.481087 0.494532 0.067640 0.050806 -0.276219 0.355839 0.462766 0.332676 0.105994 -0.067294 0.461903 -0.036558 -0.195468 0.228768 -0.533827 -0.413230 -0.631865
4 -0.107690 -0.361356 0.621236 0.114292 0.084733 -0.224242 0.407005 0.531685 0.303433 0.037248 -0.088888 0.310889 0.044467 -0.198670 0.205729 -0.525606 -0.365313 -0.726489
3 -0.146485 -0.359320 0.662473 0.121522 0.108826 -0.211718 0.453266 0.494388 0.270705 0.046683 -0.113490 0.264508 -0.003210 -0.206750 0.172009 -0.531239 -0.364000 -0.729228
1 -0.177927 -0.419982 0.583110 0.107508 0.106956 -0.286281 0.394907 0.495754 0.337267 0.076031 -0.100694 0.349085 0.012002 -0.169003 0.155553 -0.514106 -0.400839 -0.657803
15 -0.122247 -0.365103 0.561786 0.051702 0.071206 -0.136656 0.412801 0.402243 0.291565 0.049428 -0.095943 0.278447 0.024147 -0.175907 0.198318 -0.471645 -0.382394 -0.632141
0 0.711719 -0.738343 -0.486699 -1.206263 -1.410378 1.027381 0.265279 0.245572 0.724364 -0.248612 0.271480 0.389761 0.258432 -1.484444 1.812321 -1.047766 0.359583 -0.709173
7 0.698789 -0.724371 -0.453631 -1.127256 -1.348145 0.961806 0.300066 0.284931 0.750375 -0.235691 0.222841 0.408187 0.246865 -1.463972 1.745735 -1.027618 0.297698 -0.726063
16 -0.187758 -0.449994 0.286728 0.058273 -0.000960 -0.319526 0.292328 0.394540 0.373890 0.087871 0.023870 0.508902 -0.060328 -0.177497 0.233021 -0.517932 -0.434422 -0.510383
5 -0.320920 -0.608236 0.195502 0.109380 0.090739 -0.521968 0.280271 0.396575 0.479717 0.125398 0.122266 0.709784 -0.148607 -0.153280 0.156872 -0.579572 -0.567541 -0.464283
9 -0.355418 -0.614501 0.129479 0.083290 0.058635 -0.554259 0.235064 0.421996 0.537367 0.143842 0.145321 0.789624 -0.126274 -0.202471 0.133320 -0.579959 -0.608397 -0.397620
2 -0.142634 -0.421097 0.575124 0.136033 0.095889 -0.292228 0.416428 0.519108 0.286138 0.079750 -0.095024 0.395233 0.002755 -0.174792 0.170578 -0.545632 -0.444790 -0.664191
10 -0.115259 -0.421488 0.505882 0.060373 0.042913 -0.176784 0.416813 0.463788 0.368288 0.043353 -0.057900 0.378581 -0.006969 -0.206274 0.226301 -0.508098 -0.375884 -0.635689
12 -0.342866 -0.617495 0.066232 0.020895 -0.009716 -0.502097 0.175964 0.325271 0.477072 0.157101 0.192360 0.762446 -0.135131 -0.181095 0.161827 -0.503353 -0.554680 -0.328227
17 -0.111918 -0.386823 0.488867 0.097707 0.013656 -0.225941 0.375348 0.461567 0.329610 0.078697 -0.056202 0.365462 0.022433 -0.169740 0.194819 -0.458483 -0.357561 -0.629071
