18 18
8 -0.222829 -0.573287 0.124380 -0.132714 -0.250720 0.118124 0.351927 -0.135131 0.229051 0.136375 0.249756 0.473062 -0.333724 0.037374 0.387615 -0.190731 -0.190547 -0.371377
6 -0.258556 -0.571229 0.111610 -0.086863 -0.167359 0.151022 0.407712 -0.139313 0.238690 0.078151 0.310032 0.496581 -0.388851 0.031468 0.343384 -0.166785 -0.215310 -0.397923
12 -0.272242 -0.558515 0.126187 -0.167148 -0.225348 0.079960 0.288038 -0.171968 0.201491 0.129217 0.285824 0.488209 -0.323930 0.059525 0.350938 -0.146298 -0.221540 -0.356325
1 -0.325413 -0.614751 0.151745 -0.210847 -0.145051 0.089508 0.335670 -0.175022 0.304235 0.065841 0.276660 0.490097 -0.357400 0.047500 0.356444 -0.209691 -0.188895 -0.394306
7 -0.223228 -0.521864 0.093362 -0.174138 -0.221312 0.111909 0.297595 -0.155433 0.270311 0.091056 0.243516 0.451086 -0.309075 0.026477 0.387822 -0.168426 -0.195074 -0.362438
10 -0.286833 -0.537535 0.099877 -0.168585 -0.113917 0.129597 0.322823 -0.193946 0.279398 0.032984 0.293883 0.478207 -0.370917 0.090492 0.313302 -0.146718 -0.186041 -0.331133
3 -0.281346 -0.497875 0.124043 -0.119111 -0.146365 0.109300 0.336835 -0.162098 0.204258 0.059837 0.287342 0.436797 -0.375020 0.037080 0.306866 -0.174562 -0.169227 -0.374986
17 -0.231244 -0.532237 0.128922 -0.110263 -0.271137 0.083239 0.322343 -0.109357 0.247967 0.145006 0.273181 0.490178 -0.298456 0.062013 0.365321 -0.136145 -0.204812 -0.409227
2 -0.250379 -0.599153 0.129627 -0.176420 -0.224200 0.113394 0.359077 -0.149586 0.238423 0.099246 0.276318 0.511957 -0.341125 0.033242 0.388584 -0.210115 -0.223720 -0.386556
5 -0.302540 -0.606886 0.102126 -0.198182 -0.126389 0.094283 0.353214 -0.223310 0.296794 0.046301 0.305827 0.504026 -0.385631 0.065210 0.372010 -0.217852 -0.222522 -0.400548
13 -0.271025 -0.581514 0.160385 -0.274055 -0.212227 0.074594 0.261472 -0.202451 0.317363 0.100564 0.226721 0.416382 -0.292839 0.037068 0.427196 -0.202772 -0.205852 -0.379740
11 -0.290736 -0.561180 0.151042 -0.213024 -0.197655 0.062140 0.222814 -0.150152 0.294751 0.072691 0.234270 0.428379 -0.310028 0.082545 0.429803 -0.202910 -0.198791 -0.370500
0 -0.266215 -0.570713 0.147168 -0.233919 -0.262015 0.096083 0.253174 -0.168321 0.256738 0.114994 0.266615 0.443753 -0.294716 0.054122 0.436364 -0.194057 -0.177663 -0.384742
14 -0.292995 -0.570549 0.145834 -0.159935 -0.143476 0.127961 0.335762 -0.173609 0.233263 0.082367 0.273320 0.501977 -0.382104 0.052707 0.335820 -0.160458 -0.184084 -0.380096
4 -0.273376 -0.536344 0.123351 -0.128156 -0.169534 0.092902 0.327820 -0.131937 0.249562 0.073315 0.318368 0.503581 -0.345387 0.043115 0.350299 -0.181689 -0.205869 -0.416224
15 -0.302056 -0.549351 0.130969 -0.185253 -0.127695 0.146678 0.346217 -0.210869 0.258208 0.041921 0.280490 0.449419 -0.351667 0.075833 0.342789 -0.185946 -0.212421 -0.363510
16 -0.240971 -0.507963 0.123902 -0.123526 -0.220460 0.100171 0.331866 -0.142698 0.213791 0.116730 0.243173 0.463523 -0.325702 0.076142 0.364983 -0.167513 -0.222988 -0.388301
9 -0.270336 -0.525438 0.079621 -0.142533 -0.150814 0.117429 0.336309 -0.152679 0.262020 0.063496 0.285228 0.490363 -0.353338 0.025932 0.317688 -0.178071 -0.212183 -0.337319
