18 18
2 -0.120219 -0.612457 0.054169 -0.243995 -0.007241 0.143511 0.257112 0.172506 0.163813 -0.202245 0.355688 0.621963 -0.252483 -0.267104 0.283047 -0.414749 -0.073834 -0.200576
12 -0.329733 -0.558444 0.229647 -0.287780 0.014326 0.140491 0.149151 -0.026577 0.154514 -0.082397 0.386764 0.646437 -0.290047 0.001884 0.208889 -0.168491 -0.103457 -0.273033
1 -0.249331 -0.583588 0.171908 -0.270113 0.032186 0.116042 0.199537 0.081386 0.200864 -0.144401 0.342331 0.596044 -0.268354 -0.125395 0.219389 -0.290314 -0.039412 -0.257549
14 -0.419898 -0.535992 0.354432 -0.306172 0.055473 0.162751 0.128460 -0.100992 0.152246 -0.039808 0.364927 0.655517 -0.317896 0.123982 0.162403 -0.070932 -0.070442 -0.337581
10 -0.353268 -0.506740 0.265993 -0.264493 0.057628 0.175231 0.151175 -0.063471 0.184507 -0.091643 0.387297 0.630818 -0.307145 0.108098 0.161591 -0.089760 -0.069442 -0.282156
3 -0.323189 -0.524031 0.248148 -0.249510 0.054752 0.146067 0.181211 0.008048 0.130981 -0.131613 0.400034 0.588862 -0.319994 -0.037700 0.178086 -0.214325 -0.030553 -0.290545
11 -0.272007 -0.592105 0.182163 -0.254489 0.043558 0.131719 0.171858 0.085654 0.193572 -0.172743 0.373133 0.624236 -0.305150 -0.085750 0.262832 -0.302435 -0.069100 -0.265161
0 -0.269079 -0.590357 0.180260 -0.293350 -0.000434 0.166420 0.171886 0.044677 0.162964 -0.136258 0.403533 0.630881 -0.278866 -0.080173 0.253452 -0.266306 -0.042734 -0.253768
4 -0.354006 -0.531627 0.267739 -0.277719 0.067330 0.133713 0.129896 0.002720 0.183158 -0.121621 0.415736 0.655305 -0.290901 0.024222 0.193551 -0.181710 -0.071074 -0.317795
15 -0.433194 -0.471458 0.346521 -0.288794 0.075090 0.161869 0.106968 -0.124222 0.149733 -0.063186 0.373378 0.582364 -0.284949 0.170386 0.145962 -0.062866 -0.096356 -0.323939
16 -0.363680 -0.566554 0.281447 -0.294824 0.026814 0.155185 0.188323 -0.036458 0.181580 -0.088841 0.378151 0.684189 -0.323570 0.048791 0.235458 -0.190802 -0.117906 -0.353575
13 -0.293957 -0.537194 0.244238 -0.280895 0.020259 0.137594 0.181509 -0.017307 0.176101 -0.085551 0.356408 0.604353 -0.278805 -0.030704 0.214143 -0.195286 -0.100686 -0.306339
5 -0.120882 -0.633764 0.017566 -0.234990 0.005740 0.132949 0.277154 0.134489 0.213796 -0.209800 0.375904 0.627191 -0.280528 -0.253136 0.308819 -0.422653 -0.081025 -0.231809
9 -0.225317 -0.565853 0.113945 -0.259148 0.010749 0.137399 0.190120 0.098935 0.203897 -0.149771 0.355528 0.620908 -0.259321 -0.156742 0.232085 -0.293911 -0.068609 -0.213375
8 -0.146503 -0.611376 0.087264 -0.228082 -0.023606 0.154959 0.253318 0.133609 0.177432 -0.155757 0.335814 0.599401 -0.278391 -0.216493 0.297921 -0.373987 -0.055574 -0.220534
17 -0.384727 -0.471773 0.315103 -0.241414 0.015455 0.119042 0.134092 -0.072870 0.171071 -0.024222 0.365888 0.604743 -0.268478 0.144609 0.123993 -0.042076 -0.069377 -0.329004
7 -0.092853 -0.613328 0.013525 -0.239182 -0.034485 0.159134 0.266628 0.172271 0.210564 -0.206435 0.344490 0.613857 -0.258471 -0.303428 0.323138 -0.411853 -0.064804 -0.218132
6 -0.186280 -0.604659 0.122073 -0.228426 0.011005 0.153190 0.237263 0.127203 0.177745 -0.167638 0.372075 0.622189 -0.283244 -0.192942 0.289711 -0.342473 -0.085849 -0.266252
