18 18
8 -0.188206 -0.455454 0.398166 -0.084304 -0.056131 0.040490 0.323451 -0.023855 0.121461 0.079273 0.315032 0.274498 -0.123307 -0.118477 0.405246 -0.350746 -0.305272 -0.717187
17 -0.236374 -0.385744 0.171406 0.129630 -0.133186 -0.146296 0.363098 0.247996 0.581991 -0.026495 0.193795 0.385400 -0.136281 -0.177536 0.228703 -0.278690 -0.106178 -0.700560
4 -0.194245 -0.424307 0.441543 -0.135784 -0.004877 0.041708 0.250388 -0.057828 0.015452 0.076484 0.384581 0.267817 -0.070594 -0.096509 0.408592 -0.347987 -0.345512 -0.724388
13 -0.156145 -0.450636 0.418640 -0.107334 -0.034055 0.048876 0.359707 -0.040381 0.129738 0.073693 0.342047 0.256004 -0.101497 -0.182224 0.415945 -0.360828 -0.350728 -0.768207
5 -0.193253 -0.438767 0.308952 -0.048683 -0.034088 -0.009695 0.342610 0.003617 0.235125 0.020878 0.314922 0.315009 -0.138211 -0.128133 0.371140 -0.350780 -0.290925 -0.729947
14 -0.162666 -0.418089 0.411418 -0.148198 -0.011273 0.070843 0.257132 -0.076234 0.018186 0.093256 0.290970 0.245961 -0.092590 -0.115761 0.377490 -0.304917 -0.307029 -0.649250
15 -0.193688 -0.426297 0.396865 -0.119091 -0.020611 0.062516 0.307567 -0.059855 0.092290 0.054822 0.339311 0.255771 -0.087124 -0.110350 0.385150 -0.334856 -0.338482 -0.700641
2 -0.142368 -0.437032 0.412249 -0.128513 -0.024093 0.065068 0.322785 -0.042941 0.031004 0.069259 0.349759 0.268432 -0.077318 -0.158970 0.404111 -0.368077 -0.365856 -0.718323
6 -0.163621 -0.439919 0.386368 -0.047188 -0.024449 0.055876 0.367185 0.014241 0.149821 0.039803 0.355863 0.265082 -0.115840 -0.185395 0.406716 -0.351023 -0.329479 -0.772992
12 -0.245319 -0.523219 0.484237 -0.170642 -0.044566 0.048353 0.312275 -0.141094 0.010206 0.122451 0.418679 0.327064 -0.133941 -0.070973 0.463118 -0.353436 -0.447063 -0.801509
9 -0.271951 -0.371196 0.054054 0.201796 -0.151534 -0.208441 0.379749 0.380120 0.814850 -0.095905 0.131473 0.441532 -0.175748 -0.265415 0.186316 -0.305088 -0.024712 -0.670280
0 -0.183382 -0.472091 0.440142 -0.164188 -0.047906 0.082614 0.299632 -0.085387 0.027316 0.090471 0.388763 0.271564 -0.083390 -0.110648 0.446538 -0.358859 -0.352672 -0.743316
16 -0.226357 -0.429705 0.344455 -0.046538 -0.077090 -0.021602 0.346563 0.009512 0.243227 0.053984 0.279103 0.335949 -0.147276 -0.085142 0.388509 -0.347682 -0.319090 -0.760097
3 -0.255201 -0.387741 0.217041 0.087615 -0.101422 -0.107360 0.365050 0.209396 0.498733 -0.043380 0.207593 0.340735 -0.175688 -0.226488 0.252847 -0.326771 -0.099597 -0.706476
7 -0.218078 -0.370966 0.095781 0.136509 -0.144834 -0.136581 0.368321 0.289628 0.679467 -0.076286 0.137276 0.388423 -0.162045 -0.248574 0.241723 -0.295807 -0.064899 -0.668882
11 -0.276370 -0.430711 0.226178 0.079559 -0.092095 -0.123481 0.326714 0.204000 0.524957 -0.042522 0.204328 0.375370 -0.175463 -0.151096 0.302284 -0.331970 -0.161281 -0.705646
10 -0.173776 -0.428342 0.315150 -0.020090 -0.035683 0.040301 0.387058 0.055334 0.281249 -0.003911 0.323219 0.311292 -0.144196 -0.174276 0.348296 -0.321907 -0.258331 -0.720715
1 -0.027660 -0.027217 0.026180 -0.019122 0.012075 -0.026796 -0.004699 0.019366 0.022084 0.001540 -0.016522 -0.005216 0.015504 -0.011155 -0.013895 -0.016653 0.015775 -0.011908
