18 18
14 -0.363417 -0.529051 0.441357 -0.592128 0.015443 0.046236 -0.038090 -0.133049 0.091051 0.082809 0.030599 0.427743 -0.124156 -0.194582 0.325705 -0.274581 -0.262916 -0.310357
3 -0.345965 -0.475768 0.389883 -0.524176 0.025558 0.003171 -0.000676 -0.068295 0.082549 0.028092 0.097508 0.408868 -0.127953 -0.260909 0.284581 -0.334691 -0.215496 -0.336381
12 -0.346952 -0.511587 0.390682 -0.573811 -0.019486 0.018803 -0.044168 -0.150258 0.091351 0.099960 0.082418 0.440844 -0.107910 -0.193169 0.332572 -0.269598 -0.321468 -0.300225
6 -0.324855 -0.492937 0.369274 -0.494755 0.036146 0.000049 -0.007173 -0.027248 0.106170 0.025873 0.117666 0.443739 -0.117794 -0.268767 0.322692 -0.347488 -0.246981 -0.362462
10 -0.337911 -0.513310 0.386520 -0.558394 0.026106 0.028100 0.005356 -0.082548 0.150900 0.030516 0.094392 0.486566 -0.127862 -0.206704 0.300683 -0.299713 -0.261305 -0.327500
8 -0.305480 -0.493942 0.368067 -0.509265 0.000876 0.015802 -0.007854 -0.050087 0.106156 0.055986 0.077955 0.431954 -0.119864 -0.248063 0.324805 -0.342712 -0.228649 -0.312456
16 -0.317115 -0.462411 0.371559 -0.489971 -0.005487 0.005729 0.004965 -0.079332 0.099204 0.063875 0.060116 0.450187 -0.130412 -0.175262 0.324321 -0.301984 -0.281671 -0.346188
11 -0.349552 -0.515850 0.402559 -0.526852 0.021131 0.014198 -0.044816 -0.072613 0.122790 0.042326 0.061465 0.433416 -0.129599 -0.180743 0.354219 -0.314681 -0.291305 -0.322033
2 -0.301936 -0.497251 0.363025 -0.574075 0.002234 -0.005860 -0.002701 -0.048559 0.081814 0.037837 0.081491 0.465273 -0.070769 -0.288990 0.291048 -0.368928 -0.257719 -0.317741
4 -0.306065 -0.431481 0.333635 -0.494842 0.043256 -0.033409 -0.037682 -0.014181 0.110331 0.006377 0.139018 0.446000 -0.075556 -0.276650 0.281837 -0.350014 -0.225417 -0.348264
13 -0.302400 -0.491915 0.408003 -0.584164 -0.021407 0.041467 0.000069 -0.155956 0.119937 0.102639 0.022176 0.387078 -0.092672 -0.214541 0.331287 -0.280566 -0.309823 -0.306384
1 -0.354013 -0.520004 0.404034 -0.580800 0.020917 -0.027099 -0.026511 -0.044884 0.135569 0.041304 0.063086 0.432527 -0.069604 -0.266323 0.290765 -0.356270 -0.225201 -0.344764
9 -0.321469 -0.468407 0.337532 -0.519804 0.012073 0.002058 -0.005411 -0.048802 0.136326 0.036480 0.097193 0.463873 -0.107130 -0.261876 0.296651 -0.333195 -0.264400 -0.317722
0 -0.322742 -0.485861 0.363348 -0.549739 -0.001966 0.014535 -0.031393 -0.056860 0.098441 0.032214 0.107493 0.433400 -0.088840 -0.250188 0.324106 -0.350154 -0.214088 -0.332345
15 -0.347202 -0.497036 0.400795 -0.550651 0.010895 0.054641 -0.000048 -0.125146 0.110630 0.050935 0.069980 0.402948 -0.112513 -0.191562 0.325923 -0.298347 -0.282462 -0.319310
17 -0.321636 -0.492428 0.382356 -0.499306 -0.022759 -0.002510 0.009350 -0.063844 0.134793 0.077662 0.079780 0.464583 -0.106245 -0.189126 0.300373 -0.283653 -0.269789 -0.350491
5 -0.302296 -0.476875 0.313359 -0.498411 0.050619 -0.008995 0.012683 -0.084741 0.132757 0.008510 0.124900 0.430183 -0.122642 -0.247079 0.305776 -0.349116 -0.244570 -0.338642
7 -0.310973 -0.494379 0.362531 -0.557162 -0.004018 0.026919 -0.021839 -0.062573 0.129564 0.035823 0.072078 0.441742 -0.097124 -0.273063 0.336561 -0.330143 -0.237924 -0.335425
