18 18
3 -0.298215 -0.454436 0.147575 -0.197498 0.009452 0.119326 0.392831 -0.053084 0.325097 -0.127326 0.394723 0.336049 -0.223009 -0.187684 0.209564 -0.344377 0.070513 -0.561504
1 -0.297626 -0.474044 0.140395 -0.217688 0.014969 0.100393 0.363834 -0.032757 0.363970 -0.119811 0.361356 0.348272 -0.173359 -0.158543 0.195734 -0.334914 0.063971 -0.541992
8 -0.291730 -0.487777 0.143549 -0.203278 -0.025074 0.134926 0.397514 -0.054161 0.352570 -0.092030 0.364626 0.360196 -0.213131 -0.143361 0.239332 -0.343783 0.054157 -0.550075
6 -0.228925 -0.434425 0.110507 -0.158949 0.015254 0.124427 0.367612 -0.020612 0.322150 -0.120856 0.382604 0.325109 -0.187865 -0.180860 0.227808 -0.325057 0.039315 -0.525111
14 -0.332582 -0.484554 0.172105 -0.251847 -0.013011 0.125920 0.340963 -0.080010 0.345513 -0.090821 0.342462 0.403922 -0.198226 -0.119610 0.214669 -0.282141 0.036620 -0.541346
13 -0.263916 -0.451654 0.135346 -0.236155 -0.010718 0.108389 0.350173 -0.074708 0.352478 -0.101338 0.361043 0.352914 -0.167267 -0.159262 0.221156 -0.305144 0.014454 -0.535942
4 -0.241271 -0.432820 0.103084 -0.187754 0.020625 0.108617 0.333693 -0.012482 0.341923 -0.145017 0.415913 0.346204 -0.158783 -0.180129 0.220571 -0.343099 0.068221 -0.545597
7 -0.242565 -0.468366 0.101741 -0.218375 -0.026917 0.143231 0.375939 -0.043743 0.372899 -0.125997 0.372157 0.358908 -0.177034 -0.183156 0.250537 -0.332558 0.054526 -0.550128
2 -0.274108 -0.473663 0.138726 -0.223018 -0.017048 0.122433 0.390129 -0.031046 0.333503 -0.111073 0.379968 0.395243 -0.176641 -0.174131 0.218520 -0.349456 0.025105 -0.548051
11 -0.316507 -0.487220 0.130089 -0.221116 0.002449 0.102638 0.325833 -0.032241 0.387645 -0.145997 0.384472 0.397577 -0.194487 -0.121379 0.241109 -0.323610 0.029343 -0.524521
15 -0.299795 -0.469071 0.143729 -0.227277 -0.002155 0.149301 0.374032 -0.072227 0.345646 -0.125669 0.384607 0.356403 -0.177084 -0.132244 0.225756 -0.321126 0.020230 -0.546141
0 -0.287923 -0.461306 0.112609 -0.236537 -0.031062 0.133746 0.336988 -0.056414 0.344747 -0.119299 0.391824 0.361959 -0.175330 -0.141031 0.237537 -0.323939 0.063778 -0.516699
10 -0.273264 -0.476358 0.095525 -0.208621 0.016386 0.158356 0.385334 -0.044110 0.404766 -0.162122 0.432199 0.398260 -0.203551 -0.127390 0.197551 -0.285735 0.073209 -0.506984
5 -0.237375 -0.445477 0.075765 -0.182429 0.030236 0.104967 0.369852 -0.065488 0.345511 -0.134651 0.380402 0.344376 -0.190252 -0.144372 0.218314 -0.339376 0.029927 -0.528876
17 -0.304143 -0.463721 0.137157 -0.209314 -0.035613 0.081130 0.352829 -0.043888 0.380606 -0.090180 0.393297 0.415560 -0.157623 -0.112533 0.186091 -0.267805 0.023446 -0.546836
16 -0.320752 -0.448647 0.151432 -0.220354 -0.022250 0.114843 0.383015 -0.067194 0.355078 -0.102414 0.357941 0.392769 -0.207291 -0.117041 0.226033 -0.318156 0.008902 -0.568592
9 -0.310456 -0.433997 0.112727 -0.206777 -0.005515 0.120912 0.378378 -0.034367 0.371155 -0.108992 0.359041 0.380404 -0.199635 -0.174972 0.196114 -0.328070 0.028312 -0.518205
12 -0.323866 -0.515014 0.134419 -0.266741 -0.027650 0.104363 0.328624 -0.090796 0.355294 -0.113182 0.434873 0.433427 -0.176647 -0.117803 0.219153 -0.277143 0.008084 -0.516242
