18 18
13 -0.332737 -0.516025 0.415383 -0.361359 0.045926 -0.010816 0.036415 0.045246 0.297470 0.000824 0.014987 0.233961 -0.082078 -0.056763 0.445516 -0.412563 -0.207816 -0.477860
6 -0.371723 -0.615513 0.376449 -0.257605 0.064610 -0.005656 -0.039775 0.212571 0.245366 -0.090987 0.093204 0.324007 -0.143407 -0.009114 0.417727 -0.344586 -0.136958 -0.322117
0 -0.358890 -0.615766 0.370507 -0.338876 -0.018406 0.039894 -0.004022 0.114464 0.287950 -0.025551 0.071839 0.321024 -0.119368 0.009711 0.483321 -0.368061 -0.159526 -0.364110
8 -0.318425 -0.615249 0.360028 -0.301253 -0.030023 0.030630 0.037443 0.118531 0.305885 0.013959 0.013100 0.309282 -0.139220 0.005481 0.500983 -0.394658 -0.184316 -0.362921
10 -0.426669 -0.691661 0.399381 -0.301533 0.079149 0.012995 -0.050690 0.224640 0.288277 -0.133277 0.129813 0.382795 -0.172013 0.024478 0.425667 -0.346035 -0.118767 -0.301312
2 -0.398998 -0.612037 0.417474 -0.311015 0.125666 -0.061438 -0.040685 0.196689 0.214758 -0.124782 0.082830 0.327345 -0.136062 -0.040315 0.411054 -0.461401 -0.144484 -0.396452
3 -0.425779 -0.521165 0.446925 -0.294796 0.181893 -0.097007 -0.019115 0.138284 0.208121 -0.136641 0.108697 0.240391 -0.152038 -0.084132 0.359688 -0.476381 -0.078853 -0.497220
12 -0.416115 -0.630511 0.382513 -0.306665 0.048885 -0.031395 -0.072405 0.147541 0.216186 -0.073063 0.121642 0.351291 -0.148794 0.019184 0.405672 -0.338475 -0.151384 -0.307748
14 -0.370362 -0.552446 0.405412 -0.310872 0.099999 -0.022450 -0.029744 0.119290 0.228783 -0.061381 0.040710 0.289651 -0.135135 -0.023307 0.407057 -0.391310 -0.125158 -0.402959
1 -0.402017 -0.575024 0.415085 -0.317620 0.103261 -0.063095 -0.027203 0.152089 0.271394 -0.078803 0.058250 0.280520 -0.106588 -0.031047 0.383968 -0.406420 -0.120238 -0.412486
11 -0.381208 -0.591039 0.342861 -0.232346 0.095813 -0.032907 -0.092410 0.230497 0.243775 -0.141858 0.101949 0.326122 -0.155558 0.026628 0.398719 -0.348276 -0.110977 -0.273347
16 -0.332540 -0.550632 0.384259 -0.327687 -0.024438 0.030446 0.057314 0.070453 0.299958 0.022889 -0.007414 0.292751 -0.119152 0.017035 0.488831 -0.385360 -0.228202 -0.425484
7 -0.310195 -0.624621 0.326602 -0.306548 -0.038037 0.054204 0.014588 0.155031 0.322433 -0.029009 0.028448 0.338014 -0.133265 -0.014456 0.497036 -0.352189 -0.171109 -0.322518
4 -0.428198 -0.460160 0.431649 -0.263006 0.280468 -0.174368 -0.090201 0.188219 0.210976 -0.205240 0.158919 0.253955 -0.116463 -0.087708 0.318028 -0.502719 -0.047449 -0.540918
17 -0.369497 -0.565592 0.413231 -0.314969 0.034435 -0.034539 0.027182 0.112847 0.312268 -0.017094 0.057522 0.309883 -0.101445 -0.010820 0.435576 -0.401220 -0.173498 -0.477385
15 -0.374442 -0.551167 0.413461 -0.348358 0.055771 0.026345 0.033075 0.050702 0.270878 -0.038152 0.054497 0.263596 -0.111265 -0.012373 0.446219 -0.406838 -0.193984 -0.445391
9 -0.348660 -0.573048 0.343852 -0.315989 0.009248 0.016392 0.007171 0.130256 0.310046 -0.025218 0.043470 0.321881 -0.113854 -0.027051 0.442883 -0.372470 -0.185719 -0.349271
5 -0.377057 -0.488464 0.359319 -0.255223 0.233134 -0.125423 -0.020836 0.128739 0.240933 -0.176693 0.130762 0.260072 -0.142130 -0.057276 0.340651 -0.471634 -0.081908 -0.493197
