18 18
6 -0.231626 -0.385667 0.307917 -0.178147 -0.139489 0.191410 0.236482 0.163283 -0.072599 -0.025775 0.154667 0.101116 -0.320685 -0.427358 0.370332 -0.549713 0.318810 -0.386366
0 -0.246764 -0.355858 0.289109 -0.207018 -0.133195 0.168663 0.205928 0.152961 -0.087300 -0.051804 0.191812 0.090216 -0.303654 -0.436159 0.337826 -0.573247 0.361053 -0.370084
8 -0.250170 -0.316498 0.284498 -0.137859 -0.088125 0.128392 0.204345 0.162100 -0.095518 -0.050578 0.178137 0.070769 -0.317232 -0.431789 0.272489 -0.550978 0.345689 -0.334914
3 -0.296473 -0.210063 0.280894 -0.082778 -0.008324 0.065109 0.209087 0.190974 -0.150695 -0.129341 0.249235 0.025711 -0.343967 -0.512770 0.167036 -0.602172 0.391026 -0.372864
2 -0.228660 -0.299614 0.264991 -0.160516 -0.093121 0.129494 0.218602 0.200964 -0.126111 -0.089829 0.202302 0.092657 -0.295038 -0.503421 0.264408 -0.611299 0.348354 -0.341014
14 -0.275083 -0.388692 0.329451 -0.223867 -0.108321 0.169301 0.195774 0.127375 -0.092552 -0.013292 0.148150 0.113377 -0.318931 -0.427341 0.313204 -0.528540 0.346395 -0.356220
7 -0.216842 -0.323129 0.249686 -0.170087 -0.120668 0.160694 0.210595 0.158975 -0.046250 -0.061309 0.163316 0.095788 -0.290126 -0.441310 0.307039 -0.523683 0.327722 -0.349694
12 -0.301872 -0.417790 0.328928 -0.237407 -0.148060 0.164239 0.213213 0.137300 -0.105925 -0.021385 0.223225 0.136743 -0.332541 -0.472092 0.341362 -0.576111 0.336561 -0.378227
10 -0.248916 -0.345830 0.274179 -0.163299 -0.089033 0.169414 0.223896 0.165586 -0.047365 -0.079873 0.193074 0.112080 -0.326383 -0.404981 0.293149 -0.534043 0.352497 -0.351098
1 -0.294455 -0.364163 0.313859 -0.194318 -0.078609 0.110232 0.192245 0.184152 -0.054993 -0.061944 0.171757 0.090320 -0.295664 -0.452240 0.271783 -0.574566 0.368941 -0.368907
9 -0.273454 -0.290074 0.253256 -0.151220 -0.067947 0.116088 0.198978 0.186710 -0.078861 -0.088842 0.221317 0.100064 -0.313599 -0.492651 0.246123 -0.587730 0.346091 -0.341110
16 -0.263565 -0.353009 0.307260 -0.182950 -0.129068 0.153442 0.236464 0.152020 -0.072014 -0.035772 0.155988 0.119256 -0.323731 -0.399635 0.341743 -0.567919 0.311360 -0.401713
11 -0.287937 -0.364017 0.307519 -0.166878 -0.089244 0.136456 0.190365 0.191687 -0.066107 -0.082636 0.182129 0.102058 -0.327901 -0.423036 0.324640 -0.582486 0.337735 -0.366052
5 -0.271799 -0.311217 0.254089 -0.136064 -0.040534 0.096371 0.229772 0.157530 -0.077632 -0.106490 0.236571 0.097441 -0.337645 -0.453618 0.256813 -0.602697 0.337514 -0.382709
4 -0.288123 -0.244048 0.279514 -0.107277 -0.019207 0.073418 0.179690 0.215108 -0.103664 -0.124806 0.256227 0.072266 -0.306892 -0.482250 0.208913 -0.596454 0.380104 -0.382973
13 -0.245655 -0.369052 0.315941 -0.214916 -0.124716 0.155592 0.223103 0.138031 -0.067197 -0.023294 0.167018 0.088646 -0.304717 -0.464179 0.327884 -0.562130 0.318998 -0.379109
15 -0.283830 -0.355882 0.311580 -0.199580 -0.095907 0.171667 0.225264 0.134066 -0.085835 -0.066420 0.198202 0.091547 -0.311494 -0.435344 0.309006 -0.569689 0.319583 -0.375811
17 -0.280709 -0.397117 0.331831 -0.182228 -0.159712 0.147418 0.243480 0.189384 -0.043901 -0.023360 0.189024 0.138985 -0.308482 -0.418413 0.330052 -0.564764 0.361321 -0.426160
