18 18
9 -0.223357 -0.525621 0.158284 -0.388631 -0.189034 0.152991 0.206702 0.083832 0.240937 0.055689 0.088092 0.441059 -0.172126 -0.330059 0.430090 -0.525450 -0.066273 -0.300972
0 -0.236954 -0.506844 0.199713 -0.373164 -0.201396 0.153468 0.183588 0.068657 0.167256 0.051346 0.116848 0.383264 -0.155474 -0.263521 0.433594 -0.505308 -0.024050 -0.321436
4 -0.223916 -0.493982 0.191140 -0.355893 -0.171268 0.125134 0.177525 0.101404 0.203169 0.040591 0.118597 0.399889 -0.147877 -0.294939 0.427747 -0.513433 -0.047129 -0.341234
15 -0.266664 -0.516774 0.226236 -0.385414 -0.187309 0.159839 0.210229 0.046042 0.170264 0.051262 0.103737 0.382542 -0.151684 -0.252743 0.422115 -0.500677 -0.072087 -0.342057
7 -0.203396 -0.494061 0.169166 -0.364200 -0.198303 0.154329 0.197850 0.077678 0.202982 0.043842 0.075069 0.395164 -0.154915 -0.293097 0.431610 -0.491232 -0.047336 -0.313984
6 -0.225929 -0.523279 0.204998 -0.342161 -0.186270 0.149810 0.213541 0.097040 0.189195 0.058735 0.091576 0.380397 -0.166300 -0.284904 0.422649 -0.496200 -0.049586 -0.332896
14 -0.208394 -0.510408 0.199083 -0.365428 -0.165647 0.149918 0.181913 0.068622 0.176715 0.069380 0.048179 0.390362 -0.167173 -0.282103 0.408621 -0.473458 -0.028977 -0.298940
11 -0.258855 -0.544451 0.209354 -0.359525 -0.173760 0.129992 0.180218 0.104401 0.209229 0.032710 0.093669 0.417211 -0.184973 -0.275917 0.465392 -0.540304 -0.063713 -0.333330
1 -0.260320 -0.492606 0.220867 -0.364750 -0.162129 0.098068 0.180451 0.095219 0.199711 0.050881 0.058130 0.362094 -0.128140 -0.255826 0.365061 -0.493699 -0.033424 -0.323176
8 -0.177042 -0.513502 0.182991 -0.334539 -0.200878 0.152856 0.199779 0.081683 0.194084 0.082155 0.053056 0.374411 -0.173207 -0.288524 0.447025 -0.496303 -0.025912 -0.288766
3 -0.251967 -0.494722 0.220405 -0.344921 -0.175105 0.126123 0.202825 0.085150 0.156099 0.044853 0.090996 0.358028 -0.183170 -0.299819 0.394688 -0.506201 -0.016603 -0.327391
16 -0.265909 -0.498986 0.221284 -0.369848 -0.197445 0.126092 0.213564 0.077244 0.183100 0.057873 0.084631 0.414870 -0.169818 -0.252031 0.441517 -0.538726 -0.087499 -0.369270
2 -0.215121 -0.506483 0.187917 -0.366634 -0.191242 0.133520 0.203336 0.104756 0.159030 0.041027 0.084988 0.405720 -0.136049 -0.287721 0.392744 -0.518220 -0.058637 -0.295248
10 -0.210792 -0.525061 0.173544 -0.356333 -0.172054 0.167159 0.220374 0.081311 0.222026 0.033484 0.104996 0.418808 -0.187246 -0.271403 0.423523 -0.491712 -0.034319 -0.302647
12 -0.231329 -0.522950 0.179037 -0.364049 -0.190332 0.131523 0.178105 0.042575 0.166807 0.071006 0.115634 0.413796 -0.175634 -0.265990 0.420499 -0.461711 -0.071398 -0.292071
5 -0.191470 -0.478610 0.140319 -0.326583 -0.142509 0.113380 0.202667 0.045693 0.211630 0.032182 0.092608 0.377079 -0.165694 -0.248847 0.396113 -0.480314 -0.065434 -0.311245
13 -0.197653 -0.510128 0.201491 -0.373257 -0.193444 0.134247 0.206184 0.055630 0.199858 0.080971 0.071542 0.366991 -0.155328 -0.312651 0.447491 -0.497923 -0.077187 -0.332139
17 -0.231621 -0.479484 0.194211 -0.327423 -0.205916 0.105379 0.202947 0.093178 0.204646 0.071574 0.093302 0.400130 -0.135796 -0.244639 0.374188 -0.463162 -0.047949 -0.335899
