18 18
2 -0.022752 -0.304289 0.399860 -0.386348 -0.123824 0.030465 0.143861 0.184158 0.092950 0.120146 -0.139988 0.233300 0.160403 -0.485874 0.356735 -0.447260 -0.371623 -0.418561
4 -0.076454 -0.262594 0.425328 -0.392201 -0.049223 -0.034008 0.013570 0.240883 0.137703 0.079223 -0.051940 0.227034 0.170524 -0.530274 0.375241 -0.442605 -0.337151 -0.486956
14 -0.097728 -0.327989 0.484503 -0.430869 -0.052140 0.002491 0.049838 0.203188 0.105820 0.125346 -0.143486 0.237866 0.127668 -0.541968 0.377229 -0.442306 -0.327236 -0.476994
3 -0.115948 -0.273595 0.444084 -0.374967 -0.042369 -0.017225 0.052871 0.195787 0.084303 0.088069 -0.076781 0.185214 0.107799 -0.518484 0.325044 -0.424890 -0.279506 -0.457460
13 -0.038885 -0.289379 0.419442 -0.402069 -0.096412 0.003940 0.108834 0.157683 0.147689 0.129636 -0.138475 0.185859 0.161706 -0.502832 0.360267 -0.416802 -0.365582 -0.452754
6 -0.061552 -0.303039 0.421412 -0.361879 -0.083541 0.015978 0.098181 0.201230 0.125422 0.107193 -0.088492 0.203537 0.137128 -0.495304 0.376571 -0.419128 -0.342918 -0.469415
15 -0.076217 -0.330263 0.446540 -0.407272 -0.106456 0.060708 0.165752 0.147737 0.128101 0.119677 -0.151050 0.218726 0.143142 -0.474298 0.374784 -0.450481 -0.379719 -0.465754
1 -0.098801 -0.325596 0.446765 -0.413381 -0.082081 -0.024838 0.082607 0.203623 0.144735 0.120257 -0.123177 0.222364 0.163156 -0.502094 0.348734 -0.442231 -0.338634 -0.462798
17 -0.052900 -0.320384 0.425773 -0.369371 -0.146603 0.016920 0.161916 0.181992 0.150237 0.145451 -0.122504 0.241959 0.160845 -0.461080 0.357342 -0.414663 -0.361386 -0.483438
12 -0.099459 -0.322837 0.421577 -0.413123 -0.106537 -0.006677 0.056666 0.159934 0.095853 0.135002 -0.068284 0.249748 0.133150 -0.479413 0.367500 -0.401991 -0.363927 -0.438121
11 -0.086235 -0.289698 0.400137 -0.358660 -0.059185 -0.013211 0.039909 0.210795 0.158006 0.069084 -0.079360 0.209807 0.127431 -0.450362 0.382991 -0.422449 -0.338792 -0.443325
8 -0.032314 -0.328815 0.418070 -0.361526 -0.149151 0.053163 0.184565 0.158828 0.123332 0.151340 -0.168286 0.212277 0.123456 -0.447406 0.380414 -0.441969 -0.344796 -0.436537
10 -0.057265 -0.296471 0.401940 -0.386683 -0.078344 0.029079 0.093022 0.189275 0.155561 0.085331 -0.079553 0.230654 0.132741 -0.470514 0.367699 -0.409544 -0.337043 -0.440172
9 -0.092341 -0.304449 0.417944 -0.407097 -0.080928 -0.000111 0.074053 0.212687 0.151348 0.113127 -0.105991 0.256839 0.142531 -0.536703 0.362632 -0.442175 -0.360651 -0.450300
7 -0.013407 -0.293221 0.376193 -0.363783 -0.138856 0.051815 0.165253 0.168857 0.145366 0.116652 -0.162147 0.207547 0.144696 -0.478545 0.365701 -0.415575 -0.342274 -0.433077
16 -0.058776 -0.289691 0.422600 -0.378519 -0.110831 0.015309 0.143128 0.172060 0.122340 0.126281 -0.150709 0.227916 0.133965 -0.463584 0.374962 -0.445851 -0.377824 -0.473761
0 -0.065972 -0.305004 0.415803 -0.424464 -0.106670 0.021048 0.063215 0.179588 0.130980 0.104570 -0.072557 0.213347 0.157079 -0.499723 0.400371 -0.436891 -0.330721 -0.463510
5 0.004065 -0.024114 -0.027650 -0.000619 0.020703 -0.008521 0.024223 -0.023969 0.025914 -0.018771 0.021210 0.020548 -0.020024 0.006829 0.014933 -0.023795 -0.013973 -0.021943
