18 18
16 -0.965043 -0.976980 0.922391 -0.242102 -0.180021 -0.051338 0.539814 0.578672 0.789067 -0.036044 -0.346832 0.674349 -0.448300 0.267074 1.258554 -1.349180 -0.586217 -1.427767
2 0.405438 -0.528412 -0.213310 -0.212421 -0.402348 0.350802 0.399680 -0.056327 0.093610 0.264821 0.641628 0.515926 0.149936 -0.668018 0.322864 -0.231752 -0.111454 -0.192902
15 0.393261 -0.583723 -0.204803 -0.236055 -0.437382 0.408734 0.446734 -0.128213 0.118711 0.299553 0.734886 0.539519 0.153086 -0.673706 0.340069 -0.204545 -0.112496 -0.231609
5 0.491366 -0.566737 -0.314738 -0.222963 -0.411349 0.390938 0.438626 -0.147076 0.125635 0.295020 0.780956 0.557519 0.154322 -0.742219 0.315644 -0.184103 -0.096544 -0.181763
8 0.447311 -0.589103 -0.232391 -0.215709 -0.437850 0.389160 0.432594 -0.072728 0.135140 0.317967 0.704763 0.551996 0.137661 -0.728221 0.362080 -0.234718 -0.097669 -0.209276
4 0.369908 -0.540932 -0.201494 -0.223626 -0.353268 0.340557 0.377468 -0.002112 0.187586 0.251098 0.663002 0.569171 0.141132 -0.732976 0.383829 -0.294042 -0.149108 -0.265962
7 0.445267 -0.572348 -0.249789 -0.229288 -0.452463 0.398514 0.435107 -0.091213 0.150134 0.294503 0.707417 0.545876 0.151824 -0.719587 0.365550 -0.210876 -0.096237 -0.228598
3 0.360461 -0.531094 -0.188209 -0.209029 -0.375746 0.343081 0.401266 -0.067753 0.111398 0.265296 0.661537 0.502307 0.100690 -0.700362 0.319078 -0.239085 -0.083268 -0.227449
12 0.349235 -0.538217 -0.203494 -0.227431 -0.384038 0.328473 0.358798 -0.086680 0.120481 0.279166 0.647775 0.526682 0.118917 -0.640484 0.329388 -0.200408 -0.130948 -0.197425
6 0.343524 -0.514341 -0.171613 -0.181104 -0.349799 0.331744 0.376847 -0.014762 0.146652 0.248889 0.581470 0.489061 0.108598 -0.637332 0.359480 -0.245544 -0.134540 -0.234839
13 0.355403 -0.501320 -0.162252 -0.213136 -0.360008 0.310753 0.372764 -0.061183 0.144849 0.261308 0.556026 0.459981 0.123083 -0.613259 0.347852 -0.235858 -0.144008 -0.233070
9 0.328122 -0.519554 -0.219847 -0.253301 -0.332873 0.345940 0.352090 0.016521 0.217737 0.234972 0.582715 0.565974 0.120677 -0.750710 0.367895 -0.302678 -0.170913 -0.197869
1 -0.964445 -0.945546 0.908983 -0.246027 -0.122230 -0.094798 0.467827 0.582633 0.769280 -0.055693 -0.363715 0.600407 -0.407229 0.251479 1.148122 -1.282260 -0.516453 -1.334209
11 -0.968797 -0.971537 0.905192 -0.225392 -0.131128 -0.074208 0.473942 0.599632 0.789321 -0.074867 -0.340979 0.636666 -0.442295 0.264788 1.224738 -1.327376 -0.553670 -1.365678
0 0.341534 -0.527880 -0.185039 -0.235228 -0.381944 0.348947 0.360436 -0.060114 0.137712 0.253671 0.621943 0.495587 0.123991 -0.629945 0.363550 -0.244008 -0.096382 -0.221334
14 0.307698 -0.521702 -0.160419 -0.248160 -0.304776 0.330631 0.331036 -0.010877 0.166201 0.245891 0.525045 0.532293 0.094177 -0.683064 0.359972 -0.271543 -0.135779 -0.214538
17 0.321301 -0.534110 -0.163812 -0.178994 -0.409738 0.307420 0.403046 -0.059889 0.160952 0.284666 0.619447 0.520240 0.122390 -0.558468 0.309836 -0.192613 -0.096925 -0.255431
10 0.005737 -0.002757 -0.014246 0.006132 0.011972 0.026533 0.015869 -0.001352 0.023172 -0.019827 0.015226 0.016952 -0.017475 0.021206 -0.010712 0.022008 0.009309 0.018390
