18 18
0 -0.318567 -0.618288 0.311670 -0.327007 -0.098468 0.143038 0.076825 0.165944 0.278836 -0.023945 -0.058904 0.414298 -0.221456 0.027369 0.486620 -0.429652 -0.066145 -0.244286
6 -0.325618 -0.651228 0.322968 -0.254853 -0.055264 0.118711 0.099833 0.266678 0.324189 -0.050760 -0.081297 0.397882 -0.261858 -0.065067 0.513632 -0.466303 -0.094465 -0.270069
10 -0.309042 -0.626328 0.302580 -0.293584 -0.076157 0.159740 0.112208 0.190927 0.329810 -0.039606 -0.071553 0.439845 -0.260750 0.038431 0.476576 -0.404817 -0.064732 -0.230475
2 -0.322494 -0.637506 0.327208 -0.322594 -0.024977 0.045940 0.081833 0.255921 0.250724 -0.092193 -0.083240 0.428014 -0.254706 -0.127990 0.493075 -0.591879 -0.160387 -0.236564
14 -0.326856 -0.638768 0.347284 -0.327215 -0.071723 0.187410 0.088579 0.124320 0.271873 0.009330 -0.112270 0.428650 -0.240399 0.091011 0.462992 -0.359085 -0.044477 -0.240314
1 -0.320946 -0.586778 0.306382 -0.285881 -0.039794 0.063449 0.065595 0.219263 0.291092 -0.046747 -0.081529 0.370219 -0.206377 -0.044762 0.424099 -0.445694 -0.075087 -0.232932
16 -0.290016 -0.562204 0.290037 -0.259952 -0.104725 0.168744 0.113778 0.149420 0.302491 0.004959 -0.104946 0.397147 -0.218030 0.113475 0.454167 -0.333742 -0.055556 -0.254929
11 -0.342311 -0.609287 0.313155 -0.270580 -0.036304 0.083720 0.043181 0.240215 0.308265 -0.073730 -0.075725 0.384585 -0.245480 -0.024374 0.490412 -0.470803 -0.098213 -0.241710
12 -0.336288 -0.601370 0.305673 -0.323794 -0.039247 0.014129 0.043721 0.195107 0.210456 -0.062546 -0.033403 0.417246 -0.256047 -0.118134 0.457450 -0.530497 -0.169280 -0.214759
3 -0.390161 -0.633238 0.372154 -0.337778 -0.001100 0.035862 0.056557 0.240655 0.232237 -0.106598 -0.052054 0.405800 -0.299992 -0.149142 0.491352 -0.609742 -0.115391 -0.278564
8 -0.276830 -0.562398 0.286802 -0.244076 -0.069493 0.098748 0.091096 0.204195 0.268526 -0.025667 -0.083013 0.358890 -0.234683 -0.027340 0.442950 -0.426009 -0.064015 -0.218823
13 -0.301051 -0.574238 0.317584 -0.313698 -0.017933 0.017140 0.054155 0.216921 0.244798 -0.073244 -0.082389 0.361475 -0.242825 -0.160090 0.476403 -0.554714 -0.167817 -0.239758
15 -0.352720 -0.650150 0.345245 -0.335616 -0.071938 0.188065 0.106828 0.113764 0.291332 -0.022613 -0.069367 0.413433 -0.237120 0.078445 0.487088 -0.400179 -0.097290 -0.256271
5 -0.299064 -0.588846 0.270463 -0.282892 -0.016344 0.050828 0.089163 0.179881 0.271241 -0.079620 -0.042265 0.400324 -0.252565 -0.055784 0.459233 -0.501633 -0.128300 -0.250392
4 -0.346840 -0.583235 0.327273 -0.317765 -0.005385 0.010028 0.016145 0.269054 0.258153 -0.108926 -0.035322 0.428357 -0.236135 -0.129345 0.490000 -0.587161 -0.149303 -0.267673
17 -0.323270 -0.640072 0.317120 -0.277168 -0.115441 0.121644 0.116104 0.223697 0.349159 -0.006967 -0.071823 0.458508 -0.225336 0.034703 0.476815 -0.410765 -0.070593 -0.278147
9 -0.305978 -0.572870 0.263202 -0.271094 -0.059573 0.100365 0.075885 0.223320 0.314263 -0.048924 -0.068627 0.402108 -0.225951 -0.054445 0.449476 -0.435314 -0.101609 -0.212208
7 -0.285752 -0.569338 0.266493 -0.273863 -0.052826 0.082471 0.061674 0.243786 0.299410 -0.076780 -0.079717 0.375756 -0.224057 -0.110957 0.472160 -0.467663 -0.099690 -0.229124
