18 18
9 -0.121576 -0.329798 -0.083674 -0.186044 -0.032945 0.188013 0.124390 0.352414 0.655282 -0.202305 0.165410 0.664668 -0.195085 -0.183966 0.324210 -0.277607 -0.097352 -0.153089
11 -0.138051 -0.316793 -0.064219 -0.158333 -0.016195 0.134843 0.076072 0.367094 0.596122 -0.228226 0.181178 0.639978 -0.193499 -0.174963 0.325335 -0.297940 -0.059484 -0.184379
10 -0.091445 -0.401731 -0.047060 -0.225054 0.037623 0.388924 0.188172 0.199653 0.709803 -0.233732 0.145319 0.647391 -0.295158 -0.032218 0.388424 -0.177095 -0.128313 -0.084812
8 -0.112784 -0.289823 -0.060638 -0.131766 -0.064358 0.103210 0.104076 0.366541 0.522862 -0.170283 0.185775 0.617895 -0.172425 -0.209582 0.273670 -0.288780 -0.017010 -0.185962
2 -0.116784 -0.302361 -0.086976 -0.159550 -0.061325 0.096247 0.106710 0.416511 0.544606 -0.217237 0.216976 0.702119 -0.154398 -0.249192 0.264472 -0.323329 -0.036450 -0.200541
4 -0.133343 -0.242938 -0.087978 -0.127634 -0.025645 0.050382 0.061577 0.436733 0.552421 -0.235314 0.249025 0.669536 -0.131979 -0.264614 0.232587 -0.308614 0.001772 -0.226934
1 -0.163191 -0.313892 -0.042049 -0.153924 -0.040388 0.065214 0.093578 0.417071 0.585505 -0.197829 0.191700 0.665630 -0.156335 -0.234280 0.252802 -0.310820 -0.005929 -0.216659
0 -0.125888 -0.312645 -0.068212 -0.184073 -0.061917 0.154583 0.093153 0.344719 0.560197 -0.203624 0.215432 0.642416 -0.178686 -0.195852 0.316199 -0.289295 -0.026788 -0.191634
6 -0.124212 -0.277086 -0.073043 -0.103639 -0.025967 0.087988 0.101901 0.409531 0.533944 -0.216419 0.233426 0.634010 -0.171110 -0.249681 0.261637 -0.289742 -0.025242 -0.225737
17 -0.121146 -0.297622 -0.053456 -0.138594 -0.057380 0.128676 0.119567 0.331034 0.575942 -0.168314 0.186035 0.626205 -0.164606 -0.147191 0.265174 -0.229829 -0.058735 -0.191643
3 -0.166421 -0.315951 -0.051155 -0.164212 -0.022453 0.143882 0.122576 0.380128 0.594421 -0.239505 0.234530 0.673087 -0.221618 -0.238943 0.286754 -0.305306 -0.025331 -0.220625
7 -0.099722 -0.300676 -0.089274 -0.164690 -0.036260 0.169026 0.113900 0.351815 0.615934 -0.218699 0.179273 0.647865 -0.187095 -0.214720 0.304988 -0.260200 -0.033383 -0.181666
12 -0.166520 -0.299642 -0.080466 -0.157666 -0.061703 0.058305 0.061141 0.387976 0.531755 -0.198724 0.257204 0.696822 -0.163228 -0.233387 0.252447 -0.286936 -0.035535 -0.203956
5 -0.128814 -0.282400 -0.103730 -0.127531 -0.018897 0.062039 0.103180 0.373520 0.559297 -0.230594 0.241496 0.660571 -0.177535 -0.237085 0.258118 -0.314345 -0.015548 -0.229765
14 -0.108592 -0.395966 -0.015768 -0.241650 0.031079 0.340633 0.158383 0.223844 0.655268 -0.202164 0.119895 0.640660 -0.271239 -0.086418 0.388274 -0.210979 -0.118334 -0.129895
16 -0.131087 -0.291031 -0.057655 -0.149007 -0.052801 0.119142 0.119446 0.351554 0.566971 -0.189859 0.174542 0.647062 -0.182218 -0.159273 0.298997 -0.288597 -0.072394 -0.214142
13 -0.080815 -0.381507 -0.037427 -0.233880 0.008429 0.310730 0.179884 0.227668 0.677511 -0.203011 0.143590 0.618182 -0.250242 -0.121605 0.394480 -0.231963 -0.142046 -0.153721
15 -0.121888 -0.392268 -0.026958 -0.232589 0.020979 0.334398 0.181376 0.218527 0.667718 -0.226405 0.164930 0.622255 -0.252336 -0.082055 0.395307 -0.235761 -0.150973 -0.154416
