18 18
7 -0.270104 -0.533246 0.105306 -0.298796 0.059285 0.452099 0.234459 -0.187909 0.561765 -0.181186 0.285786 0.524734 -0.322817 0.232190 0.370117 -0.052159 -0.038677 -0.258469
0 -0.251497 -0.513801 0.130594 -0.247460 0.101603 0.364829 0.238274 -0.156546 0.405042 -0.147695 0.289739 0.445594 -0.286179 0.170493 0.302682 -0.107612 0.015418 -0.280148
1 -0.287533 -0.596585 0.185256 -0.215774 0.188527 0.284683 0.301640 -0.116409 0.388183 -0.136982 0.265056 0.430726 -0.285008 0.103425 0.246457 -0.172874 0.037537 -0.360000
4 -0.286857 -0.544814 0.164304 -0.231900 0.172264 0.341470 0.254216 -0.124227 0.409342 -0.164779 0.311177 0.486753 -0.299056 0.148869 0.279988 -0.136464 0.010606 -0.329385
2 -0.267173 -0.597449 0.151509 -0.235374 0.171140 0.354395 0.313068 -0.136541 0.389383 -0.167712 0.291523 0.497124 -0.315678 0.139107 0.288289 -0.171278 -0.014446 -0.322490
15 -0.294958 -0.559781 0.150501 -0.265968 0.139283 0.399730 0.271495 -0.199174 0.449304 -0.171425 0.292595 0.469922 -0.312602 0.204152 0.318582 -0.105689 -0.049066 -0.297049
13 -0.266210 -0.503425 0.101103 -0.300388 0.069641 0.417409 0.226241 -0.237089 0.551957 -0.165594 0.284404 0.483151 -0.309834 0.251417 0.361731 -0.037152 -0.119049 -0.233036
10 -0.267698 -0.494018 0.095514 -0.223726 0.129558 0.401376 0.228427 -0.167252 0.475215 -0.200529 0.294556 0.473322 -0.324893 0.248567 0.289435 -0.042227 -0.033093 -0.202511
9 -0.300036 -0.549683 0.119586 -0.249289 0.142181 0.371139 0.256134 -0.136509 0.473352 -0.173876 0.299536 0.506295 -0.316091 0.161453 0.289659 -0.119675 -0.016695 -0.271183
8 -0.238758 -0.520026 0.147049 -0.214260 0.097878 0.344591 0.258094 -0.144446 0.390285 -0.117799 0.251480 0.441743 -0.304638 0.168644 0.304189 -0.120862 -0.000517 -0.285512
12 -0.291259 -0.502090 0.115531 -0.290419 0.059367 0.383540 0.181789 -0.224320 0.462986 -0.141620 0.301006 0.492320 -0.302329 0.248092 0.322357 -0.019617 -0.079021 -0.202801
16 -0.285137 -0.504512 0.119417 -0.272067 0.078669 0.399292 0.252038 -0.206209 0.503084 -0.161221 0.273379 0.507789 -0.329691 0.260070 0.359418 -0.078092 -0.096631 -0.285110
14 -0.284414 -0.534658 0.162971 -0.271613 0.132392 0.376372 0.205420 -0.179945 0.412923 -0.144022 0.249400 0.465747 -0.307650 0.197262 0.292377 -0.068833 -0.002054 -0.237072
5 -0.237964 -0.598770 0.114675 -0.166832 0.232975 0.280089 0.356625 -0.154724 0.365051 -0.166004 0.294169 0.440312 -0.328192 0.107529 0.262862 -0.200973 0.001291 -0.391847
11 -0.301547 -0.531632 0.115159 -0.232244 0.133304 0.377700 0.197141 -0.137130 0.490109 -0.212841 0.288366 0.487459 -0.331243 0.246412 0.334108 -0.092335 -0.044641 -0.231944
17 -0.272409 -0.568952 0.160144 -0.220742 0.103766 0.347090 0.285214 -0.135293 0.461904 -0.129395 0.290527 0.508863 -0.302792 0.192380 0.293477 -0.096946 0.002917 -0.343719
3 -0.276336 -0.532960 0.179640 -0.202649 0.166222 0.302571 0.283684 -0.134821 0.328114 -0.142425 0.270724 0.405967 -0.313473 0.101015 0.245755 -0.158383 0.043519 -0.335525
6 -0.251519 -0.619867 0.159774 -0.150035 0.229320 0.303715 0.364343 -0.115969 0.345325 -0.151413 0.294394 0.438682 -0.331440 0.087539 0.275232 -0.194231 0.001244 -0.411445
