18 18
1 -0.204660 -0.495646 0.256783 -0.167324 -0.211305 0.141709 0.287817 0.151842 0.381569 0.078086 0.317603 0.413379 -0.165028 -0.258723 0.242522 -0.115768 -0.203691 -0.310896
11 -0.195142 -0.593951 0.272390 -0.192654 -0.269862 0.221582 0.283320 0.145377 0.424576 0.081474 0.331528 0.450764 -0.227604 -0.258654 0.356212 -0.114524 -0.249443 -0.293532
15 -0.200859 -0.546400 0.262016 -0.193157 -0.244038 0.227534 0.321822 0.089207 0.377086 0.082344 0.351120 0.444794 -0.189341 -0.234485 0.307542 -0.103071 -0.279792 -0.324821
2 -0.163075 -0.521809 0.236582 -0.178602 -0.257508 0.191252 0.318391 0.135573 0.353994 0.086204 0.341885 0.457712 -0.174075 -0.271369 0.274274 -0.108140 -0.254860 -0.285751
0 -0.179009 -0.537144 0.242665 -0.211078 -0.272317 0.219841 0.276577 0.098621 0.359777 0.087102 0.354179 0.415447 -0.187522 -0.250892 0.314918 -0.100672 -0.216245 -0.280738
7 -0.155163 -0.585163 0.228650 -0.216290 -0.313531 0.248337 0.337106 0.139676 0.454468 0.089122 0.346763 0.479040 -0.212312 -0.329715 0.350803 -0.098049 -0.246517 -0.299822
5 -0.162585 -0.516243 0.202290 -0.164069 -0.216937 0.181441 0.304296 0.093760 0.387013 0.060598 0.341490 0.427981 -0.205917 -0.242215 0.298867 -0.118576 -0.237548 -0.304391
12 -0.184031 -0.547526 0.228523 -0.205602 -0.274830 0.199534 0.262920 0.084681 0.361250 0.108779 0.348511 0.452848 -0.194389 -0.249001 0.306193 -0.071294 -0.269629 -0.268431
8 -0.156175 -0.602719 0.258055 -0.207623 -0.314924 0.238585 0.315204 0.108027 0.398075 0.126782 0.317987 0.429777 -0.225846 -0.285857 0.353113 -0.109690 -0.219014 -0.262130
10 -0.164745 -0.534777 0.221258 -0.176696 -0.242156 0.231593 0.285518 0.097113 0.397972 0.074349 0.336483 0.426719 -0.211035 -0.209816 0.286494 -0.061684 -0.214639 -0.246904
17 -0.196608 -0.541839 0.258700 -0.165475 -0.280608 0.171841 0.303072 0.126370 0.401770 0.122656 0.363729 0.473947 -0.173210 -0.233822 0.269269 -0.071696 -0.255913 -0.335444
6 -0.159375 -0.483423 0.227396 -0.137714 -0.227805 0.194097 0.306360 0.135485 0.352097 0.080084 0.339817 0.416951 -0.182447 -0.261347 0.280556 -0.085174 -0.245983 -0.303997
9 -0.200881 -0.492753 0.228889 -0.175688 -0.246262 0.178064 0.331022 0.136417 0.387134 0.088684 0.363515 0.463731 -0.172893 -0.285700 0.250079 -0.103957 -0.264187 -0.297723
16 -0.174036 -0.458295 0.233766 -0.157416 -0.231490 0.177929 0.329392 0.112202 0.342916 0.080684 0.311563 0.422379 -0.182499 -0.226938 0.278065 -0.109304 -0.263544 -0.319215
3 -0.206831 -0.487221 0.282105 -0.158377 -0.230889 0.179876 0.348147 0.123293 0.328105 0.076276 0.343850 0.398298 -0.206408 -0.280338 0.246886 -0.115114 -0.204086 -0.322741
4 -0.175850 -0.448380 0.238497 -0.153134 -0.230860 0.160577 0.326594 0.163657 0.377504 0.073697 0.373360 0.443781 -0.157295 -0.275346 0.256159 -0.104180 -0.234653 -0.315697
13 -0.145547 -0.552469 0.252315 -0.220299 -0.280816 0.213940 0.298975 0.077684 0.372191 0.116442 0.305929 0.395047 -0.186256 -0.280093 0.313661 -0.089092 -0.256387 -0.267392
14 -0.191501 -0.592027 0.278990 -0.217825 -0.260568 0.230352 0.276434 0.114096 0.395320 0.110166 0.317397 0.466605 -0.223544 -0.278048 0.331958 -0.090291 -0.233154 -0.299267
