18 18
12 -0.409366 -0.508938 0.488155 -0.506027 -0.111327 -0.041145 0.090649 -0.117855 0.173949 0.222638 0.063223 0.256719 -0.240356 -0.274685 0.311090 -0.286164 -0.109542 -0.398448
9 -0.397878 -0.491408 0.474720 -0.493908 -0.097899 -0.036242 0.102698 -0.061820 0.217322 0.192896 0.042731 0.260734 -0.232881 -0.304398 0.311207 -0.332937 -0.092493 -0.399060
0 -0.370690 -0.470296 0.476732 -0.479799 -0.120223 -0.036113 0.096065 -0.069849 0.128038 0.186531 0.076436 0.205224 -0.180882 -0.268420 0.289769 -0.341487 -0.031297 -0.410515
3 -0.393547 -0.450375 0.495524 -0.438951 -0.039186 -0.088995 0.128894 -0.000277 0.140684 0.091173 0.079082 0.196398 -0.244636 -0.354659 0.282170 -0.446677 -0.029561 -0.475766
8 -0.363746 -0.512332 0.484326 -0.469290 -0.103050 -0.024778 0.126175 -0.050070 0.197290 0.179232 0.016428 0.229012 -0.250827 -0.285718 0.347677 -0.374948 -0.061601 -0.408084
1 -0.400114 -0.479920 0.488763 -0.445035 -0.047660 -0.107231 0.110414 0.008133 0.155630 0.109357 0.070200 0.203185 -0.185265 -0.301958 0.260914 -0.421441 -0.027763 -0.456373
14 -0.382814 -0.497715 0.515705 -0.538155 -0.113680 0.018512 0.078863 -0.160212 0.204842 0.288331 -0.044948 0.250921 -0.249193 -0.242424 0.319050 -0.200859 -0.096403 -0.349195
4 -0.361526 -0.404788 0.442232 -0.385656 -0.010053 -0.125222 0.086132 0.065979 0.155602 0.046875 0.120725 0.220247 -0.184337 -0.335642 0.257415 -0.444523 -0.036390 -0.475812
10 -0.376487 -0.508314 0.454460 -0.500144 -0.075352 0.016611 0.114568 -0.087125 0.251213 0.146303 0.018184 0.262471 -0.287140 -0.264501 0.350031 -0.310785 -0.096473 -0.363927
11 -0.386388 -0.498019 0.462595 -0.466340 -0.058531 -0.044952 0.077945 -0.029528 0.246142 0.125386 0.017996 0.257471 -0.270609 -0.285819 0.362773 -0.362508 -0.110206 -0.402330
17 -0.368809 -0.455051 0.474681 -0.426258 -0.111811 -0.076561 0.121550 -0.035088 0.178006 0.195045 0.074409 0.240199 -0.182739 -0.268285 0.256674 -0.313196 -0.052921 -0.448964
2 -0.314330 -0.418110 0.403429 -0.385850 -0.034012 -0.091599 0.118743 0.056666 0.106500 0.038116 0.083728 0.211843 -0.179782 -0.329924 0.257280 -0.465793 -0.044297 -0.409927
7 -0.330579 -0.443337 0.399593 -0.427145 -0.059527 -0.047431 0.107237 0.016396 0.221799 0.062452 0.048176 0.236929 -0.230951 -0.335783 0.332033 -0.411545 -0.056871 -0.431193
13 -0.372499 -0.489977 0.500095 -0.517455 -0.091750 -0.051917 0.115897 -0.078281 0.232619 0.192055 0.023161 0.232213 -0.235469 -0.339618 0.336659 -0.347909 -0.113674 -0.441603
6 -0.358602 -0.457574 0.460831 -0.408980 -0.067059 -0.053266 0.120820 -0.004952 0.166002 0.136895 0.079842 0.219873 -0.218775 -0.308999 0.299245 -0.365805 -0.063930 -0.445316
16 -0.369484 -0.440228 0.481319 -0.435212 -0.089996 -0.061258 0.136483 -0.049261 0.135606 0.162359 0.047939 0.212750 -0.208194 -0.252844 0.295380 -0.381326 -0.068860 -0.461484
15 -0.397151 -0.481800 0.483028 -0.466504 -0.065744 -0.028883 0.124254 -0.063522 0.163400 0.131463 0.065873 0.212159 -0.216935 -0.274682 0.305814 -0.378083 -0.078677 -0.433072
5 -0.336324 -0.436219 0.388442 -0.382654 -0.015791 -0.099221 0.124052 -0.007502 0.163204 0.056921 0.106644 0.211478 -0.200640 -0.286007 0.266245 -0.418860 -0.053417 -0.447285
