18 18
17 -0.341215 -0.505351 0.298126 -0.178057 -0.136955 0.037134 0.092097 0.100590 0.430607 -0.004522 0.102791 0.438454 -0.100526 0.152602 0.485681 -0.326007 -0.159574 -0.531452
16 -0.318296 -0.468979 0.285993 -0.201680 -0.129923 0.023903 0.064732 0.056311 0.388293 0.002694 0.053156 0.414005 -0.095416 0.190924 0.520243 -0.342441 -0.208844 -0.524167
11 -0.326308 -0.472731 0.274752 -0.183111 -0.101731 0.049788 0.040230 0.073930 0.397988 -0.043980 0.091140 0.398792 -0.110713 0.176786 0.518953 -0.330721 -0.199332 -0.491477
14 -0.342187 -0.495275 0.308870 -0.196284 -0.078421 0.077775 0.073182 0.070135 0.367701 -0.024499 0.078268 0.403632 -0.133414 0.125386 0.463948 -0.313203 -0.136612 -0.481262
4 -0.339511 -0.457790 0.281186 -0.161282 -0.057480 0.044688 0.074192 0.121957 0.392955 -0.068640 0.133335 0.399822 -0.114646 0.106354 0.443470 -0.346427 -0.135785 -0.489591
13 -0.318255 -0.497441 0.296803 -0.206238 -0.118574 0.083537 0.120963 0.069201 0.419867 -0.026387 0.093708 0.397215 -0.120029 0.096651 0.503134 -0.346689 -0.188337 -0.510552
7 -0.299742 -0.477192 0.265529 -0.210277 -0.128149 0.061903 0.077090 0.061917 0.412443 -0.017475 0.058017 0.403619 -0.090802 0.123156 0.513981 -0.333823 -0.174358 -0.517129
0 -0.335706 -0.498081 0.279353 -0.196161 -0.131880 0.082216 0.067990 0.091827 0.389379 -0.037824 0.128614 0.405560 -0.121901 0.140824 0.514053 -0.343391 -0.133496 -0.486725
5 -0.322228 -0.513544 0.259888 -0.176736 -0.064664 0.006793 0.099958 0.085140 0.398361 -0.042163 0.096379 0.392123 -0.120919 0.122416 0.461735 -0.385817 -0.148784 -0.483731
15 -0.340505 -0.478632 0.284562 -0.182161 -0.092335 0.103022 0.128646 0.067660 0.385695 -0.053110 0.110822 0.376304 -0.123526 0.108288 0.451128 -0.333981 -0.165482 -0.476554
8 -0.340593 -0.557380 0.331497 -0.179322 -0.112409 0.007594 0.092672 0.149412 0.399250 0.005922 0.042948 0.384915 -0.110398 0.112560 0.481717 -0.416841 -0.105394 -0.473017
6 -0.371010 -0.546209 0.318887 -0.129387 -0.087418 0.108573 0.160392 0.172235 0.421247 -0.073455 0.144423 0.409099 -0.181982 0.058314 0.485576 -0.379694 -0.124177 -0.511559
12 -0.361231 -0.506446 0.290855 -0.216348 -0.130192 0.044771 0.055380 0.045351 0.384977 -0.004622 0.120013 0.436265 -0.112446 0.156698 0.504115 -0.318180 -0.206957 -0.507194
3 -0.386298 -0.509942 0.319988 -0.132292 -0.072618 0.090693 0.162789 0.154686 0.376601 -0.085691 0.145955 0.371730 -0.200129 0.029948 0.426285 -0.383129 -0.079465 -0.483866
10 -0.352925 -0.511219 0.269774 -0.124051 -0.057476 0.133197 0.169490 0.151625 0.417906 -0.109338 0.159683 0.400369 -0.202534 0.070508 0.410684 -0.331058 -0.092143 -0.417012
2 -0.320888 -0.496639 0.263700 -0.156632 -0.077046 0.095660 0.143165 0.154009 0.379398 -0.089009 0.123762 0.409637 -0.144610 0.052796 0.429652 -0.375015 -0.136180 -0.429137
9 -0.347187 -0.484060 0.245158 -0.146440 -0.067069 0.088247 0.131598 0.156970 0.417946 -0.087695 0.135346 0.403114 -0.155823 0.034066 0.411040 -0.360661 -0.121987 -0.417331
1 -0.367995 -0.548059 0.336908 -0.198128 -0.083719 -0.011879 0.077007 0.157264 0.414487 -0.018101 0.053591 0.373709 -0.088137 0.091106 0.449058 -0.404824 -0.099920 -0.487067
