18 18
9 -0.182896 -0.265942 0.333465 -0.147703 -0.243283 0.090208 0.348126 0.153568 0.192533 0.150747 0.121263 0.322752 0.006803 -0.214267 0.296098 -0.282600 -0.271003 -0.586973
13 -0.170616 -0.301013 0.403194 -0.176806 -0.276811 0.078295 0.378708 0.129416 0.195182 0.193467 0.103466 0.315434 0.028971 -0.202956 0.347114 -0.296951 -0.318400 -0.671548
1 -0.176030 -0.350630 0.377790 -0.177060 -0.293418 0.084317 0.381199 0.151186 0.216537 0.183256 0.105296 0.321531 0.049414 -0.162567 0.350544 -0.294006 -0.305089 -0.640660
17 -0.037296 -0.328132 0.256272 -0.104983 -0.415823 0.129688 0.453733 0.113285 0.206407 0.223086 0.154260 0.403900 0.114022 -0.055436 0.371725 -0.160300 -0.445630 -0.632664
4 -0.279923 -0.263304 0.488259 -0.152116 -0.185972 0.033663 0.337187 0.207581 0.193254 0.148769 0.134629 0.316882 -0.015306 -0.260543 0.301102 -0.367003 -0.217034 -0.740657
7 -0.066112 -0.290374 0.253019 -0.144518 -0.352223 0.138959 0.390431 0.114059 0.194695 0.172068 0.124137 0.356637 0.072239 -0.142316 0.367001 -0.204517 -0.369956 -0.592309
6 -0.037172 -0.326415 0.270249 -0.105585 -0.388654 0.157710 0.465586 0.124248 0.192323 0.204826 0.151520 0.379126 0.086881 -0.101881 0.410925 -0.204676 -0.461224 -0.645283
0 -0.094648 -0.350236 0.299910 -0.179657 -0.386084 0.146440 0.398778 0.105238 0.189685 0.199703 0.158458 0.361362 0.085685 -0.109166 0.410512 -0.239200 -0.373021 -0.625893
16 -0.183170 -0.301932 0.395591 -0.148452 -0.285433 0.083526 0.400257 0.142104 0.194972 0.184395 0.103112 0.342493 0.008421 -0.150225 0.362293 -0.303036 -0.328806 -0.691191
11 -0.241855 -0.306598 0.417502 -0.149130 -0.215668 0.054992 0.312015 0.174697 0.194238 0.135139 0.108270 0.308586 -0.021629 -0.181443 0.331539 -0.325397 -0.240703 -0.644950
8 -0.161600 -0.342009 0.391471 -0.153225 -0.304268 0.115561 0.401128 0.145203 0.195069 0.202166 0.099091 0.327291 0.001511 -0.170164 0.379821 -0.309616 -0.292443 -0.646756
2 -0.039463 -0.331547 0.266882 -0.150928 -0.405058 0.153311 0.455718 0.125955 0.170312 0.200819 0.149937 0.417518 0.110406 -0.120390 0.394354 -0.223177 -0.464996 -0.628300
3 -0.242129 -0.278475 0.440498 -0.145136 -0.228060 0.065634 0.377906 0.161273 0.155878 0.152560 0.131720 0.297826 -0.027713 -0.237664 0.295152 -0.326117 -0.234211 -0.689193
15 -0.053916 -0.298190 0.249545 -0.132060 -0.352820 0.171916 0.436656 0.072119 0.171681 0.172726 0.146037 0.358807 0.087381 -0.072938 0.370510 -0.187900 -0.448112 -0.586654
10 -0.124968 -0.320402 0.322520 -0.141161 -0.305088 0.144209 0.413023 0.133361 0.211851 0.163178 0.140256 0.363775 0.021100 -0.127666 0.353874 -0.240989 -0.332729 -0.615085
14 -0.243723 -0.303842 0.450873 -0.182532 -0.208082 0.080094 0.333704 0.151280 0.164880 0.176570 0.083562 0.326059 -0.026672 -0.219893 0.308048 -0.308347 -0.224993 -0.662724
12 -0.142088 -0.352851 0.322906 -0.171416 -0.372190 0.115107 0.397048 0.093984 0.176311 0.212290 0.170290 0.406960 0.058788 -0.106984 0.385962 -0.217611 -0.420089 -0.647695
5 0.004065 -0.024114 -0.027650 -0.000619 0.020703 -0.008521 0.024223 -0.023969 0.025914 -0.018771 0.021210 0.020548 -0.020024 0.006829 0.014933 -0.023795 -0.013973 -0.021943
