18 18
4 -0.297572 -0.556451 0.111437 -0.254668 -0.074138 0.065704 0.114969 0.173136 0.266721 -0.132799 0.403227 0.465900 -0.162188 -0.133761 0.291250 -0.428860 0.112779 -0.296088
2 -0.288888 -0.597285 0.105345 -0.294543 -0.110633 0.094503 0.136285 0.164908 0.263152 -0.123916 0.365130 0.489001 -0.164046 -0.140513 0.299988 -0.436509 0.100003 -0.251113
14 -0.336812 -0.574611 0.160091 -0.299150 -0.092526 0.032616 0.055609 0.088834 0.264427 -0.062348 0.312929 0.460225 -0.160722 -0.035017 0.323746 -0.368761 0.051268 -0.299635
9 -0.324815 -0.580660 0.067923 -0.294545 -0.134010 0.078796 0.094936 0.140175 0.325949 -0.101159 0.377752 0.507308 -0.162286 -0.115029 0.298544 -0.374293 0.071447 -0.230837
13 -0.386820 -0.569445 0.180273 -0.339040 -0.224301 -0.090674 -0.046763 0.007076 0.367303 0.047343 0.318033 0.508790 -0.111550 0.117135 0.452324 -0.315366 -0.129362 -0.377343
3 -0.322900 -0.572316 0.118879 -0.264913 -0.101617 0.085457 0.143081 0.134688 0.244964 -0.123206 0.388659 0.448882 -0.212911 -0.139858 0.297328 -0.421711 0.118123 -0.287457
8 -0.280713 -0.578283 0.104164 -0.253928 -0.113644 0.096171 0.137124 0.146803 0.259843 -0.092780 0.347187 0.444947 -0.187698 -0.126363 0.300401 -0.407926 0.118621 -0.249551
11 -0.381703 -0.564437 0.149457 -0.273857 -0.154050 -0.035871 -0.013903 0.095818 0.327504 -0.056422 0.347920 0.485091 -0.152691 0.066705 0.393387 -0.352402 -0.020952 -0.315197
12 -0.499495 -0.623977 0.206299 -0.372053 -0.280708 -0.164323 -0.141071 -0.038392 0.389713 0.086842 0.391929 0.606029 -0.115769 0.259533 0.513180 -0.279002 -0.203051 -0.409865
1 -0.380131 -0.614661 0.162840 -0.322311 -0.131919 -0.004661 0.049701 0.122300 0.323151 -0.067332 0.349584 0.485629 -0.142797 -0.034767 0.339882 -0.402822 0.055165 -0.315905
17 -0.401237 -0.587113 0.175851 -0.305049 -0.219788 -0.076695 -0.011967 0.059075 0.362596 0.024019 0.349054 0.533156 -0.114584 0.109707 0.398941 -0.315681 -0.063090 -0.368502
7 -0.247278 -0.536709 0.058931 -0.261235 -0.138347 0.110073 0.118991 0.136730 0.296389 -0.102733 0.326320 0.440544 -0.157130 -0.135979 0.301326 -0.350394 0.101136 -0.230372
10 -0.288575 -0.562376 0.093256 -0.256258 -0.087961 0.114513 0.139546 0.122333 0.286199 -0.127376 0.368553 0.463066 -0.193745 -0.076744 0.289260 -0.360850 0.097356 -0.247442
0 -0.439457 -0.620435 0.176247 -0.358586 -0.252625 -0.061078 -0.058501 0.041264 0.357481 0.006428 0.416487 0.562493 -0.129685 0.135499 0.475188 -0.349795 -0.057495 -0.371376
6 -0.258782 -0.563636 0.097098 -0.223395 -0.079202 0.109961 0.164344 0.175103 0.242707 -0.128104 0.382231 0.433275 -0.189561 -0.161797 0.290863 -0.412878 0.125783 -0.273932
15 -0.356987 -0.562504 0.158185 -0.305573 -0.127422 0.028250 0.056030 0.049470 0.287263 -0.054585 0.329887 0.446805 -0.140515 0.012435 0.351583 -0.359098 -0.014266 -0.312744
5 -0.276265 -0.550379 0.079636 -0.251805 -0.068229 0.058076 0.132379 0.096100 0.264753 -0.116095 0.353518 0.431204 -0.175681 -0.083379 0.285508 -0.392117 0.079884 -0.270981
16 -0.470419 -0.644324 0.205401 -0.356958 -0.252728 -0.099995 -0.035623 0.014103 0.406525 0.031471 0.377115 0.613378 -0.163244 0.197656 0.534852 -0.371464 -0.152277 -0.456353
