18 18
1 -0.325409 -0.568086 0.343806 -0.125781 -0.128020 -0.106159 0.247982 0.184671 0.311698 0.060031 0.072242 0.250868 -0.249689 -0.122079 0.303372 -0.473986 0.172652 -0.462876
3 -0.348756 -0.548436 0.393050 -0.095156 -0.151254 -0.101309 0.283451 0.180615 0.258030 0.070100 0.106854 0.252909 -0.302455 -0.143651 0.307663 -0.490597 0.187908 -0.532577
15 -0.393203 -0.476930 0.466864 -0.174050 -0.179781 -0.063478 0.195313 0.082578 0.193106 0.102817 0.094006 0.247648 -0.226788 -0.024512 0.308360 -0.386148 0.055503 -0.523837
8 -0.292720 -0.579837 0.325074 -0.098633 -0.151387 -0.077149 0.272217 0.168430 0.292409 0.080656 0.082952 0.256805 -0.282429 -0.128022 0.341100 -0.479088 0.180488 -0.461957
9 -0.287502 -0.558987 0.269316 -0.105037 -0.134799 -0.078471 0.272676 0.189418 0.335780 0.048205 0.096293 0.293226 -0.268023 -0.154068 0.314551 -0.479544 0.153324 -0.439296
16 -0.326601 -0.477727 0.382538 -0.100873 -0.158678 -0.089708 0.250052 0.138866 0.226430 0.085444 0.067224 0.263894 -0.266499 -0.054932 0.306395 -0.429138 0.095726 -0.513230
7 -0.216844 -0.559289 0.220942 -0.085298 -0.139529 -0.057700 0.295548 0.185298 0.352286 0.031868 0.079429 0.268924 -0.266214 -0.186961 0.353515 -0.472956 0.181626 -0.460775
5 -0.254435 -0.608310 0.226945 -0.090468 -0.097686 -0.084988 0.319054 0.152243 0.368658 0.019897 0.115653 0.285019 -0.297271 -0.157995 0.359090 -0.514298 0.168881 -0.484537
17 -0.387445 -0.493700 0.489002 -0.149709 -0.244665 -0.112112 0.204593 0.121309 0.234402 0.164454 0.099563 0.289825 -0.202695 -0.007471 0.290949 -0.348407 0.068437 -0.553127
11 -0.392450 -0.483159 0.471173 -0.158372 -0.180439 -0.108137 0.154715 0.120672 0.216795 0.104433 0.069755 0.259223 -0.222594 -0.004362 0.315982 -0.382522 0.046322 -0.508234
12 -0.395471 -0.484562 0.457087 -0.174626 -0.202683 -0.103969 0.163040 0.075779 0.178372 0.141400 0.104611 0.276374 -0.218292 -0.010626 0.288715 -0.341136 0.036783 -0.491662
2 -0.303257 -0.555921 0.361329 -0.124032 -0.157715 -0.093966 0.258190 0.188100 0.253320 0.074752 0.075391 0.277759 -0.246994 -0.123228 0.310205 -0.481699 0.140203 -0.468487
10 -0.305551 -0.556832 0.324902 -0.115260 -0.140589 -0.058973 0.268233 0.151431 0.312949 0.049198 0.104127 0.288820 -0.279916 -0.080281 0.318503 -0.433968 0.145119 -0.458478
6 -0.258543 -0.599721 0.265552 -0.052363 -0.113205 -0.071977 0.317677 0.207494 0.334712 0.038323 0.104683 0.268664 -0.303152 -0.176812 0.359223 -0.505605 0.184730 -0.493713
0 -0.342886 -0.541518 0.398361 -0.167776 -0.200405 -0.076348 0.211315 0.124747 0.245739 0.106996 0.111312 0.261139 -0.233679 -0.078925 0.345527 -0.430767 0.131393 -0.501917
14 -0.382731 -0.520229 0.480825 -0.176633 -0.180909 -0.096239 0.186409 0.114562 0.213958 0.138156 0.060727 0.285501 -0.236595 -0.045063 0.309803 -0.384546 0.090471 -0.529709
13 -0.346373 -0.510394 0.449372 -0.180861 -0.204046 -0.095121 0.215658 0.097646 0.252012 0.138301 0.076150 0.262895 -0.215188 -0.067485 0.331033 -0.392633 0.050655 -0.533517
4 -0.330473 -0.500882 0.376863 -0.104211 -0.143730 -0.113594 0.212058 0.183503 0.269359 0.071140 0.111619 0.273722 -0.235594 -0.094004 0.301209 -0.436752 0.135486 -0.508008
