18 18
0 -0.361591 -0.446628 0.200640 -0.394936 -0.123895 0.183958 0.155847 0.077982 0.185431 -0.105310 0.263944 0.339504 -0.146158 -0.330410 0.287234 -0.397480 -0.113464 -0.232938
3 -0.444821 -0.405335 0.281082 -0.353698 0.035285 0.131048 0.184513 0.150740 0.119866 -0.190703 0.249696 0.271173 -0.215703 -0.535856 0.202377 -0.503817 -0.095273 -0.280757
7 -0.371565 -0.466753 0.202015 -0.416626 -0.124594 0.203040 0.183506 0.079526 0.227244 -0.117344 0.245912 0.370873 -0.166795 -0.396442 0.314198 -0.427692 -0.154374 -0.253894
2 -0.403418 -0.400565 0.244260 -0.356883 0.071947 0.113228 0.192479 0.189171 0.091692 -0.214200 0.224737 0.303668 -0.201231 -0.597164 0.186557 -0.558850 -0.131122 -0.244600
12 -0.407880 -0.453221 0.224604 -0.402196 -0.093164 0.158738 0.154054 0.065331 0.165652 -0.103244 0.271187 0.364512 -0.170981 -0.378451 0.266953 -0.409940 -0.170809 -0.239426
11 -0.408122 -0.460721 0.242200 -0.377184 -0.061145 0.159283 0.158376 0.118152 0.198741 -0.144271 0.237055 0.340407 -0.181283 -0.378322 0.294374 -0.456000 -0.151934 -0.257615
13 -0.364868 -0.463026 0.230990 -0.422666 -0.113040 0.186380 0.183085 0.044847 0.209587 -0.084890 0.237707 0.334169 -0.154039 -0.384369 0.302215 -0.409289 -0.183398 -0.263780
14 -0.416786 -0.447691 0.258804 -0.398755 -0.012955 0.151847 0.158323 0.114859 0.155561 -0.135771 0.218405 0.342364 -0.188847 -0.461248 0.241550 -0.456206 -0.125506 -0.257816
1 -0.412858 -0.454413 0.241005 -0.391650 -0.061626 0.124373 0.159645 0.127368 0.212702 -0.127332 0.233659 0.339633 -0.145643 -0.404613 0.243742 -0.450298 -0.127189 -0.264293
15 -0.398206 -0.455500 0.246652 -0.410787 -0.056405 0.207240 0.194676 0.049946 0.175811 -0.130301 0.245311 0.317880 -0.171191 -0.396886 0.282534 -0.437273 -0.171112 -0.252671
8 -0.383227 -0.473945 0.242241 -0.385158 -0.083549 0.186063 0.200134 0.093012 0.170662 -0.111056 0.239864 0.340082 -0.198465 -0.409703 0.296888 -0.470831 -0.139861 -0.250802
5 -0.394293 -0.431741 0.201301 -0.359734 0.010767 0.127427 0.193330 0.093565 0.180648 -0.172074 0.257366 0.328240 -0.200123 -0.444500 0.239533 -0.479819 -0.146565 -0.272989
16 -0.386392 -0.450940 0.228173 -0.394620 -0.141720 0.175738 0.188629 0.071123 0.209576 -0.088841 0.237963 0.370842 -0.162158 -0.306723 0.310643 -0.420781 -0.169779 -0.283957
9 -0.382768 -0.413265 0.187849 -0.374926 -0.047063 0.148046 0.168923 0.129531 0.198127 -0.142462 0.243225 0.353143 -0.161017 -0.457899 0.231346 -0.451035 -0.148395 -0.223526
10 -0.376700 -0.470588 0.199508 -0.401496 -0.124387 0.212435 0.191767 0.064900 0.245677 -0.115929 0.271570 0.389918 -0.175658 -0.309179 0.296449 -0.393722 -0.150929 -0.238600
17 -0.391728 -0.466279 0.229885 -0.381392 -0.131732 0.156147 0.198745 0.110227 0.227899 -0.096072 0.267916 0.396346 -0.151837 -0.364215 0.272000 -0.422882 -0.146705 -0.295481
6 -0.397011 -0.417364 0.241840 -0.329209 0.008162 0.136130 0.182153 0.150568 0.147801 -0.159286 0.246902 0.300716 -0.191716 -0.483735 0.232975 -0.463052 -0.135624 -0.276240
4 -0.396224 -0.406106 0.228005 -0.367725 -0.015074 0.135187 0.151650 0.141920 0.183529 -0.162950 0.264853 0.339397 -0.159334 -0.451670 0.242262 -0.462936 -0.137357 -0.272910
