18 18
13 -0.265739 -0.386739 0.228015 -0.360201 -0.117956 0.282649 0.368148 -0.049924 0.173300 -0.076165 0.233926 0.370406 -0.182828 -0.216494 0.342551 -0.449426 -0.226643 -0.383754
0 -0.295033 -0.428224 0.236893 -0.371399 -0.135191 0.316697 0.366368 -0.059658 0.168711 -0.087003 0.255661 0.390728 -0.200283 -0.153463 0.377733 -0.446949 -0.194884 -0.387496
3 -0.291113 -0.394695 0.240095 -0.339596 -0.100806 0.299719 0.393715 -0.023306 0.166842 -0.123775 0.270190 0.367105 -0.216570 -0.231295 0.330237 -0.472862 -0.167806 -0.414602
2 -0.239568 -0.374863 0.202306 -0.330028 -0.108384 0.269636 0.350520 -0.022163 0.136729 -0.096178 0.218825 0.367842 -0.169526 -0.200480 0.318489 -0.447256 -0.203755 -0.342294
7 -0.239649 -0.388734 0.192869 -0.342282 -0.136078 0.308769 0.377287 -0.016749 0.214583 -0.105282 0.231294 0.401456 -0.186022 -0.216576 0.372497 -0.449265 -0.200087 -0.399505
11 -0.316239 -0.426273 0.253024 -0.331638 -0.103683 0.275540 0.352436 -0.020910 0.193913 -0.105965 0.231713 0.400957 -0.212352 -0.130841 0.374301 -0.460022 -0.223055 -0.402298
9 -0.292765 -0.387710 0.205066 -0.342684 -0.112118 0.283779 0.352692 -0.025678 0.195897 -0.087958 0.229280 0.406313 -0.193549 -0.183206 0.329762 -0.430909 -0.214507 -0.355538
14 -0.306822 -0.432423 0.270021 -0.377679 -0.112011 0.300706 0.353257 -0.067464 0.170576 -0.056493 0.209260 0.428108 -0.205841 -0.131489 0.377269 -0.424889 -0.212540 -0.419386
8 -0.265872 -0.404032 0.229370 -0.314107 -0.127470 0.284256 0.370889 -0.025792 0.160710 -0.078353 0.234083 0.378783 -0.211019 -0.177401 0.355486 -0.459765 -0.186880 -0.381275
5 -0.236542 -0.390748 0.169999 -0.307360 -0.079694 0.262429 0.373450 -0.043144 0.197107 -0.117978 0.258710 0.383460 -0.199619 -0.180183 0.336245 -0.458959 -0.196938 -0.398501
16 -0.291469 -0.390504 0.244083 -0.336921 -0.122174 0.285493 0.384488 -0.051410 0.173542 -0.079761 0.221331 0.404122 -0.209934 -0.123440 0.371762 -0.447156 -0.228084 -0.428387
15 -0.291576 -0.389660 0.234724 -0.335407 -0.101818 0.294439 0.363144 -0.072858 0.171580 -0.085264 0.231491 0.367328 -0.184538 -0.121304 0.329619 -0.399826 -0.212512 -0.382107
12 -0.307081 -0.409590 0.227477 -0.347105 -0.123193 0.263250 0.326564 -0.075960 0.144100 -0.062907 0.251233 0.405365 -0.194703 -0.110953 0.334979 -0.389715 -0.225141 -0.357311
17 -0.286462 -0.415320 0.242021 -0.325266 -0.143946 0.264892 0.387063 -0.015537 0.205534 -0.070955 0.258193 0.432657 -0.179412 -0.157927 0.347625 -0.443252 -0.219488 -0.441318
10 -0.272716 -0.403812 0.211479 -0.332858 -0.107390 0.318093 0.382022 -0.039682 0.205042 -0.103481 0.247490 0.413641 -0.209999 -0.133293 0.337154 -0.405427 -0.195674 -0.368580
1 -0.303185 -0.418620 0.251391 -0.344709 -0.099140 0.250162 0.346821 -0.020899 0.193840 -0.082371 0.221054 0.381396 -0.174040 -0.159286 0.326449 -0.438043 -0.186616 -0.398998
6 -0.251537 -0.392054 0.224753 -0.303729 -0.104223 0.289989 0.380282 -0.003284 0.167525 -0.098382 0.262037 0.371649 -0.191032 -0.221437 0.347180 -0.460664 -0.207098 -0.413710
4 -0.241861 -0.351212 0.193975 -0.312403 -0.084848 0.269228 0.339557 0.010078 0.184907 -0.127121 0.277408 0.378619 -0.157396 -0.219673 0.320942 -0.460053 -0.187665 -0.397651
