18 18
10 -0.444841 -0.367460 0.438564 -0.136013 0.146092 0.058208 0.092844 0.351279 0.361120 -0.207474 0.191358 0.238268 -0.159800 -0.209354 0.235579 -0.411306 -0.026610 -0.413034
17 -0.455199 -0.362778 0.458754 -0.106825 0.106928 -0.010616 0.090297 0.379228 0.353445 -0.154204 0.183174 0.254188 -0.124385 -0.206189 0.213060 -0.409092 -0.024165 -0.467055
15 -0.472829 -0.372826 0.456902 -0.157279 0.129141 0.056713 0.096503 0.312166 0.317125 -0.189717 0.203173 0.215200 -0.132443 -0.218026 0.243108 -0.432055 -0.066709 -0.445300
7 -0.460743 -0.388550 0.450507 -0.157959 0.108878 0.053086 0.094228 0.366812 0.379288 -0.194920 0.195925 0.248642 -0.136819 -0.274317 0.274522 -0.439403 -0.061793 -0.458072
11 -0.449650 -0.358236 0.444877 -0.121477 0.148518 0.006971 0.040726 0.376858 0.333298 -0.197583 0.151741 0.221240 -0.147098 -0.204331 0.249340 -0.444357 -0.014137 -0.413014
9 -0.438969 -0.340663 0.409279 -0.136091 0.131918 0.016454 0.062072 0.362172 0.341328 -0.179951 0.170904 0.239970 -0.129266 -0.246593 0.218781 -0.428813 -0.034624 -0.397536
16 -0.477827 -0.367942 0.474953 -0.145585 0.129200 0.022878 0.092731 0.362525 0.347826 -0.187405 0.181373 0.252172 -0.158669 -0.223551 0.270687 -0.460886 -0.064956 -0.482843
14 -0.463302 -0.381906 0.486477 -0.162390 0.153591 0.035301 0.053701 0.374289 0.339355 -0.177975 0.150420 0.250739 -0.147451 -0.258142 0.256418 -0.451232 -0.011980 -0.450093
3 -0.441749 -0.326023 0.441415 -0.115366 0.126083 0.019660 0.095609 0.324865 0.278123 -0.181050 0.178931 0.184530 -0.164467 -0.231772 0.205099 -0.417853 0.000142 -0.421551
12 -0.491379 -0.388324 0.457687 -0.161288 0.109286 0.022436 0.066884 0.304721 0.292125 -0.163029 0.224422 0.246460 -0.148668 -0.210514 0.233002 -0.404112 -0.069607 -0.423004
4 -0.438529 -0.320836 0.441776 -0.116501 0.148891 -0.008229 0.039606 0.388717 0.331175 -0.190359 0.192506 0.226901 -0.115112 -0.240756 0.221561 -0.431233 -0.015138 -0.440429
1 -0.437550 -0.351738 0.434190 -0.137715 0.128104 -0.006075 0.069291 0.331954 0.311051 -0.161256 0.143352 0.192650 -0.114762 -0.206147 0.195131 -0.399036 -0.008205 -0.401908
13 -0.455904 -0.376856 0.481846 -0.163617 0.115776 0.029616 0.103303 0.325761 0.336283 -0.159162 0.197187 0.217144 -0.132788 -0.266532 0.251556 -0.429916 -0.085977 -0.468699
6 -0.472401 -0.384652 0.477513 -0.120512 0.136506 0.035199 0.091612 0.374357 0.327560 -0.182833 0.217830 0.236425 -0.153213 -0.255153 0.262411 -0.442512 -0.062827 -0.479412
2 -0.442694 -0.374792 0.457326 -0.152105 0.131083 0.025566 0.084960 0.395752 0.327957 -0.196581 0.164517 0.255593 -0.126497 -0.263090 0.243330 -0.485225 -0.038323 -0.433354
8 -0.423923 -0.370875 0.442716 -0.130551 0.116973 0.038187 0.081480 0.358639 0.331130 -0.163771 0.154708 0.226572 -0.150973 -0.233875 0.259384 -0.447965 -0.016614 -0.416380
0 -0.433274 -0.354765 0.429865 -0.156832 0.101998 0.041810 0.060085 0.324573 0.298101 -0.172602 0.188939 0.214196 -0.131011 -0.214328 0.248254 -0.420938 -0.005605 -0.409269
5 0.004065 -0.024114 -0.027650 -0.000619 0.020703 -0.008521 0.024223 -0.023969 0.025914 -0.018771 0.021210 0.020548 -0.020024 0.006829 0.014933 -0.023795 -0.013973 -0.021943
