18 18
7 -0.233257 -0.515266 0.225687 -0.242394 -0.084795 0.038745 0.145635 0.259050 0.509081 0.060912 0.038475 0.288237 -0.076473 -0.424840 0.502319 -0.479466 -0.105573 -0.488324
0 -0.267136 -0.546739 0.264688 -0.280733 -0.092140 0.043769 0.128692 0.248060 0.488588 0.070705 0.070692 0.289796 -0.079412 -0.416275 0.519121 -0.503725 -0.083744 -0.499758
17 -0.290249 -0.510462 0.334152 -0.220802 -0.066559 0.021055 0.151782 0.230726 0.416465 0.112982 0.017979 0.264291 -0.091693 -0.361731 0.442251 -0.439879 -0.084008 -0.515289
6 -0.519103 -0.436080 0.786136 -0.171965 0.168075 0.194715 0.151194 0.046385 -0.116238 0.136427 -0.127133 -0.032787 -0.294854 -0.221050 0.358402 -0.354258 0.034458 -0.591804
11 -0.237924 -0.502436 0.208622 -0.222368 -0.057671 0.001995 0.108772 0.255292 0.492658 0.038300 0.050985 0.283546 -0.073959 -0.360896 0.471442 -0.464795 -0.115159 -0.440462
8 -0.285923 -0.519249 0.351127 -0.232557 -0.054718 0.054484 0.146466 0.218076 0.374997 0.109728 -0.007445 0.224776 -0.120161 -0.370824 0.471543 -0.468568 -0.065295 -0.483689
4 -0.383663 -0.471588 0.495403 -0.215871 0.052656 0.075755 0.126087 0.195567 0.243344 0.086606 -0.013538 0.169866 -0.156309 -0.343276 0.431319 -0.454859 -0.046950 -0.561757
3 -0.557963 -0.373973 0.843979 -0.159523 0.218005 0.203522 0.153148 -0.013759 -0.246676 0.117899 -0.157133 -0.110171 -0.338262 -0.179051 0.277435 -0.328291 0.087460 -0.565041
14 -0.537015 -0.415197 0.817272 -0.200665 0.192431 0.192414 0.115903 0.011763 -0.164149 0.149084 -0.173492 -0.025350 -0.296181 -0.188174 0.316915 -0.322135 0.057550 -0.563603
1 -0.328029 -0.527083 0.377786 -0.261486 -0.026030 0.024025 0.132676 0.226058 0.392581 0.094513 -0.008006 0.224574 -0.093098 -0.378545 0.442555 -0.469473 -0.066049 -0.513084
9 -0.319396 -0.480061 0.357170 -0.229814 -0.002720 0.064049 0.131720 0.193943 0.338430 0.084219 -0.003696 0.217316 -0.128749 -0.359287 0.426810 -0.440702 -0.083987 -0.470206
15 -0.458164 -0.428936 0.645583 -0.210777 0.114310 0.161042 0.139999 0.052796 0.013985 0.105022 -0.085941 0.039064 -0.218992 -0.218377 0.357672 -0.365477 -0.012498 -0.534487
12 -0.354382 -0.510449 0.401921 -0.257305 -0.032727 0.043575 0.111964 0.165905 0.294797 0.119201 0.014560 0.232177 -0.133400 -0.335319 0.438523 -0.428150 -0.088574 -0.494920
16 -0.368279 -0.448950 0.476386 -0.208507 0.017926 0.082667 0.142111 0.156686 0.212057 0.103842 -0.049621 0.159909 -0.170655 -0.279899 0.430560 -0.429435 -0.066918 -0.532507
5 -0.298814 -0.517329 0.333575 -0.229394 0.007272 0.054602 0.170100 0.171189 0.372169 0.060553 0.026561 0.231283 -0.147342 -0.350729 0.462442 -0.474657 -0.091722 -0.516868
2 -0.265261 -0.502377 0.320132 -0.246248 -0.050440 0.034791 0.145037 0.231962 0.367116 0.086209 0.006980 0.257720 -0.085015 -0.384941 0.448855 -0.476279 -0.103710 -0.474906
13 -0.238153 -0.506262 0.278013 -0.261066 -0.061814 0.028916 0.147573 0.208376 0.451742 0.089624 0.023366 0.245687 -0.076046 -0.411198 0.472672 -0.467403 -0.118476 -0.483084
10 -0.249191 -0.501778 0.250302 -0.228536 -0.033354 0.064968 0.156035 0.230937 0.471612 0.038807 0.056307 0.283307 -0.107625 -0.362479 0.457624 -0.445360 -0.092955 -0.460180
