18 18
3 -0.243019 -0.460855 0.349673 -0.168229 0.176670 0.216960 0.292400 0.194375 0.042522 -0.152733 0.055632 0.204340 -0.276659 -0.338837 0.219743 -0.511538 0.099765 -0.281151
14 -0.284848 -0.572730 0.400867 -0.233156 0.125112 0.222280 0.289238 0.193895 0.075122 -0.101328 0.068345 0.309586 -0.275005 -0.287716 0.270667 -0.515588 0.090406 -0.323123
1 -0.332973 -0.587314 0.378890 -0.197695 0.072839 0.121988 0.243114 0.258415 0.172400 -0.091829 0.120567 0.322654 -0.235146 -0.218051 0.237376 -0.470602 0.099005 -0.318840
4 -0.252490 -0.502545 0.367653 -0.187708 0.142577 0.192986 0.268175 0.233216 0.077408 -0.128510 0.095041 0.279146 -0.238247 -0.309831 0.252363 -0.521386 0.081378 -0.322603
2 -0.271699 -0.571826 0.360514 -0.208557 0.100232 0.196892 0.296624 0.234045 0.095683 -0.123671 0.099443 0.321671 -0.253619 -0.278397 0.257011 -0.526252 0.069393 -0.296347
5 -0.307395 -0.581736 0.339576 -0.224396 0.046372 0.143606 0.298786 0.151826 0.141695 -0.083796 0.169692 0.343718 -0.248482 -0.198878 0.273691 -0.488498 0.044777 -0.370185
15 -0.305157 -0.547823 0.388310 -0.241862 0.087719 0.206766 0.299104 0.148523 0.082118 -0.098013 0.119413 0.282485 -0.235511 -0.251911 0.267619 -0.503356 0.037207 -0.346320
12 -0.388092 -0.633241 0.341594 -0.223587 -0.161535 0.024234 0.177051 0.171797 0.190495 0.043946 0.282266 0.454857 -0.190930 -0.004954 0.265438 -0.327378 0.027444 -0.353472
0 -0.343740 -0.607407 0.346363 -0.205693 -0.077915 0.096763 0.206211 0.227625 0.185399 -0.033195 0.224760 0.389701 -0.210676 -0.088393 0.279324 -0.401788 0.097428 -0.339600
13 -0.308757 -0.593661 0.399472 -0.256241 -0.002350 0.147264 0.291922 0.159715 0.126386 -0.028948 0.148458 0.334276 -0.220972 -0.221284 0.284447 -0.475864 0.033049 -0.379957
10 -0.303598 -0.563330 0.305277 -0.154054 0.053811 0.155551 0.227295 0.246975 0.209358 -0.113766 0.161426 0.353176 -0.257185 -0.126406 0.227578 -0.382963 0.098279 -0.246241
6 -0.279525 -0.577684 0.386554 -0.192002 0.121031 0.216110 0.312853 0.227388 0.100062 -0.114403 0.103631 0.298962 -0.275063 -0.301854 0.287063 -0.527211 0.065347 -0.341657
8 -0.260704 -0.539297 0.348114 -0.167922 0.042076 0.156695 0.259825 0.208216 0.112855 -0.061701 0.105625 0.289941 -0.238131 -0.206476 0.262756 -0.457050 0.080966 -0.299592
17 -0.367713 -0.632765 0.372559 -0.195106 -0.115070 0.054764 0.248913 0.227912 0.226222 0.009674 0.240539 0.443494 -0.201632 -0.061991 0.258922 -0.381108 0.063121 -0.402377
16 -0.309035 -0.549366 0.375403 -0.223481 0.006488 0.143183 0.294734 0.159220 0.117771 -0.047584 0.140823 0.341902 -0.239070 -0.162905 0.288027 -0.473680 0.027482 -0.392211
9 -0.275883 -0.531249 0.352518 -0.213997 0.150298 0.218652 0.302966 0.221432 0.103018 -0.136855 0.077402 0.289104 -0.269928 -0.358631 0.254470 -0.553269 0.067920 -0.299389
11 -0.311478 -0.554155 0.329629 -0.139157 0.106794 0.137677 0.196044 0.282540 0.188549 -0.142468 0.105699 0.308935 -0.266208 -0.172177 0.258071 -0.446970 0.087980 -0.255220
7 -0.215274 -0.494907 0.323031 -0.194202 0.130796 0.231462 0.286295 0.214242 0.093457 -0.140381 0.046044 0.254598 -0.248587 -0.343463 0.260606 -0.507820 0.086969 -0.282108
