18 18
7 -0.206605 -0.444569 0.130658 -0.234926 -0.222642 0.079580 -0.000110 0.168381 0.511535 -0.010963 0.163558 0.352757 0.033800 -0.161382 0.482689 -0.176517 -0.198864 -0.419483
3 -0.258055 -0.465479 0.219119 -0.183532 -0.168713 0.046060 0.032447 0.211830 0.393961 -0.038471 0.275453 0.350052 -0.040570 -0.281613 0.498169 -0.271051 -0.203647 -0.546194
0 -0.258844 -0.453282 0.163841 -0.270957 -0.211517 0.099610 0.021169 0.135001 0.472465 -0.015570 0.182222 0.351700 0.038439 -0.078945 0.454771 -0.202347 -0.190942 -0.410349
11 -0.264724 -0.475359 0.171930 -0.211540 -0.191926 0.043615 -0.015051 0.192627 0.506875 -0.017013 0.163234 0.376604 0.004638 -0.108828 0.491952 -0.201610 -0.229052 -0.427669
6 -0.225614 -0.436515 0.193840 -0.156941 -0.151178 0.058321 0.044346 0.193006 0.377667 -0.029363 0.248190 0.333931 -0.017021 -0.211678 0.474135 -0.234094 -0.226423 -0.507313
8 -0.243068 -0.519717 0.172105 -0.239539 -0.244557 0.082906 0.021484 0.190422 0.532113 0.030654 0.152762 0.395075 -0.004219 -0.146525 0.504594 -0.207143 -0.179467 -0.403940
4 -0.246801 -0.464844 0.189148 -0.207578 -0.182982 0.040651 -0.012661 0.231368 0.488230 -0.041741 0.275644 0.402722 0.025380 -0.221183 0.523916 -0.243135 -0.238271 -0.538964
1 -0.288208 -0.501047 0.206498 -0.252352 -0.178187 0.058341 0.041235 0.190319 0.502725 -0.019930 0.188239 0.371500 0.021920 -0.156311 0.462287 -0.244949 -0.199081 -0.470987
12 -0.237556 -0.470717 0.158116 -0.217883 -0.223897 0.021614 -0.048783 0.170869 0.431751 0.031039 0.200669 0.380908 -0.001242 -0.181236 0.470871 -0.159686 -0.215756 -0.397400
2 -0.225356 -0.454485 0.183575 -0.218263 -0.183495 0.070799 0.041219 0.204397 0.405682 -0.031192 0.222063 0.388638 0.008326 -0.203755 0.476881 -0.262841 -0.233296 -0.466563
15 -0.324258 -0.509557 0.205593 -0.311102 -0.209253 0.149494 0.080439 0.103772 0.561199 -0.026070 0.185794 0.405722 0.046731 -0.021770 0.506330 -0.215826 -0.282349 -0.481740
10 -0.259682 -0.521507 0.160967 -0.251413 -0.210650 0.108611 0.042940 0.183367 0.569391 -0.009897 0.179327 0.424849 -0.008514 -0.113321 0.483889 -0.186876 -0.196786 -0.404930
17 -0.241218 -0.457944 0.168947 -0.201418 -0.216765 0.038867 0.024705 0.189170 0.488931 0.014217 0.194634 0.386933 0.027645 -0.133023 0.435586 -0.174825 -0.205605 -0.443932
14 -0.264623 -0.495606 0.195634 -0.268386 -0.194971 0.083190 -0.001603 0.159786 0.491080 0.010610 0.145734 0.390049 0.004165 -0.138982 0.490575 -0.199625 -0.200882 -0.437502
16 -0.301675 -0.485825 0.196473 -0.262726 -0.205085 0.094506 0.072036 0.143709 0.531798 -0.015088 0.164722 0.407273 0.012872 -0.043881 0.497261 -0.231027 -0.264608 -0.492825
5 -0.230127 -0.474654 0.154882 -0.199561 -0.148269 0.046837 0.045477 0.169403 0.448931 -0.050635 0.262312 0.384171 -0.021815 -0.202475 0.495693 -0.261263 -0.229571 -0.504216
9 -0.278757 -0.527169 0.158028 -0.266325 -0.234863 0.064892 -0.004883 0.213258 0.586094 0.011129 0.184426 0.444504 0.014278 -0.192492 0.520687 -0.214041 -0.241257 -0.430896
13 -0.243412 -0.528335 0.191872 -0.265145 -0.236319 0.058697 0.007307 0.187082 0.567828 0.021234 0.181005 0.398000 0.026530 -0.201938 0.556319 -0.214351 -0.260983 -0.491343
