18 18
1 -0.265109 -0.339074 0.181099 -0.361696 0.173014 0.115697 0.170314 0.182304 0.524598 -0.264729 0.215824 0.387080 -0.150758 -0.395827 0.112555 -0.321541 0.186689 -0.394842
3 -0.328073 -0.285236 0.229938 -0.291209 0.183507 0.116519 0.212272 0.053575 0.407445 -0.250364 0.307281 0.359318 -0.255142 -0.274907 0.096532 -0.256392 0.111164 -0.440237
14 -0.315147 -0.342404 0.225585 -0.365092 0.194159 0.146136 0.188199 0.092105 0.496653 -0.252601 0.267682 0.425394 -0.226697 -0.328264 0.119159 -0.263566 0.151087 -0.432962
10 -0.345509 -0.329241 0.205132 -0.307624 0.200442 0.143162 0.223484 0.028869 0.484889 -0.269710 0.357040 0.426922 -0.269495 -0.204288 0.085523 -0.192965 0.071423 -0.399002
12 -0.399640 -0.361338 0.244430 -0.350953 0.188645 0.121198 0.203895 -0.017958 0.469143 -0.244825 0.403751 0.464260 -0.285249 -0.209090 0.106183 -0.200459 0.036906 -0.452373
13 -0.330961 -0.311985 0.247858 -0.326713 0.176163 0.117764 0.236407 -0.011007 0.459351 -0.224943 0.347707 0.385166 -0.251611 -0.234741 0.107958 -0.200430 0.023933 -0.460560
0 -0.335671 -0.332256 0.207031 -0.335037 0.170236 0.129205 0.181172 0.050740 0.466399 -0.254533 0.346757 0.411735 -0.233098 -0.255562 0.124871 -0.249616 0.108930 -0.429503
2 -0.281398 -0.322700 0.182027 -0.341112 0.170494 0.129270 0.209381 0.113746 0.466228 -0.271011 0.301579 0.435582 -0.198795 -0.334407 0.109835 -0.293096 0.094728 -0.413705
11 -0.399631 -0.351858 0.258120 -0.316537 0.226926 0.105597 0.204444 0.056586 0.494153 -0.292066 0.368803 0.450971 -0.294797 -0.241298 0.137219 -0.283476 0.060562 -0.501460
5 -0.309644 -0.336526 0.176249 -0.317499 0.204207 0.115265 0.226507 0.036824 0.495417 -0.273956 0.335398 0.414440 -0.248431 -0.260010 0.123309 -0.267780 0.084354 -0.447562
17 -0.351296 -0.311344 0.225822 -0.271654 0.156160 0.086802 0.227150 0.017998 0.456175 -0.214227 0.361116 0.424580 -0.245933 -0.175299 0.079314 -0.180398 0.040340 -0.457071
4 -0.288588 -0.262745 0.176564 -0.286612 0.191144 0.097962 0.159827 0.097471 0.449264 -0.266160 0.327532 0.391760 -0.195711 -0.283148 0.089889 -0.252887 0.115511 -0.418866
9 -0.334075 -0.356896 0.175425 -0.361549 0.188235 0.133391 0.194511 0.130365 0.564773 -0.283509 0.312158 0.473159 -0.222404 -0.363653 0.120951 -0.304367 0.120221 -0.424456
16 -0.343160 -0.286152 0.238374 -0.294074 0.185602 0.106656 0.216947 0.036324 0.434967 -0.247131 0.324725 0.413496 -0.264927 -0.220025 0.137829 -0.264888 0.045103 -0.495949
7 -0.199672 -0.351058 0.128201 -0.405915 0.130163 0.197942 0.192030 0.220343 0.613455 -0.292443 0.197375 0.422346 -0.141236 -0.484908 0.167079 -0.320333 0.226853 -0.380424
15 -0.360912 -0.335397 0.249448 -0.346534 0.199985 0.152072 0.219728 0.025383 0.471193 -0.266353 0.341160 0.413331 -0.248049 -0.249701 0.135155 -0.259721 0.063845 -0.474815
6 -0.298344 -0.314040 0.212578 -0.289347 0.186889 0.131751 0.209817 0.092093 0.462350 -0.254898 0.319238 0.395105 -0.238586 -0.300538 0.137890 -0.262512 0.094467 -0.463541
8 -0.274226 -0.380068 0.199661 -0.372544 0.145766 0.174035 0.214674 0.150116 0.553674 -0.252982 0.242742 0.422893 -0.209393 -0.379513 0.157693 -0.305290 0.184639 -0.403162
