18 18
1 -0.230319 -0.421651 0.278577 -0.113439 -0.137114 0.173692 0.384249 0.115105 0.141505 -0.067655 0.225890 0.260162 -0.249174 -0.211206 0.298897 -0.416239 0.064260 -0.465129
0 -0.252476 -0.491847 0.300970 -0.154809 -0.174950 0.239195 0.395535 0.104521 0.118924 -0.083816 0.285858 0.294882 -0.288900 -0.208148 0.370614 -0.454376 0.083586 -0.474155
15 -0.158116 -0.342921 0.236158 -0.047821 -0.160395 0.207793 0.462552 0.099365 0.125504 -0.070349 0.234497 0.238783 -0.246506 -0.236659 0.333319 -0.441009 0.017134 -0.542027
8 -0.227870 -0.460802 0.296587 -0.092136 -0.175783 0.227919 0.419372 0.118540 0.114578 -0.058476 0.255962 0.281888 -0.317660 -0.218380 0.362956 -0.455423 0.089328 -0.478080
10 -0.301657 -0.524503 0.311303 -0.169464 -0.144020 0.273650 0.326409 0.080628 0.139751 -0.085264 0.288859 0.321629 -0.326867 -0.118206 0.324491 -0.341653 0.105612 -0.345512
3 -0.196760 -0.353199 0.270559 -0.055627 -0.141327 0.187768 0.483772 0.124494 0.061942 -0.106544 0.277357 0.236218 -0.304852 -0.311953 0.318920 -0.526183 0.074058 -0.575763
2 -0.162004 -0.374635 0.244263 -0.082431 -0.142934 0.191999 0.419203 0.138778 0.060650 -0.095942 0.238999 0.266087 -0.254175 -0.262986 0.319740 -0.483894 0.033453 -0.468060
4 -0.190053 -0.373111 0.259406 -0.064710 -0.141233 0.182978 0.418811 0.147416 0.116885 -0.099166 0.283295 0.274258 -0.264001 -0.257372 0.335509 -0.474743 0.056946 -0.535867
7 -0.156805 -0.415648 0.243885 -0.067131 -0.239924 0.230796 0.508003 0.139130 0.202154 -0.053944 0.241108 0.303961 -0.275547 -0.285312 0.401537 -0.455724 0.044107 -0.600771
11 -0.286030 -0.502142 0.309497 -0.133918 -0.146187 0.214790 0.340366 0.122605 0.132313 -0.096213 0.261684 0.304059 -0.313351 -0.167706 0.377313 -0.442865 0.060121 -0.435811
13 -0.251891 -0.495005 0.318888 -0.154057 -0.168174 0.233053 0.388848 0.084973 0.128504 -0.060265 0.266285 0.284406 -0.305655 -0.212197 0.366487 -0.430309 0.058583 -0.455038
12 -0.308884 -0.529298 0.326809 -0.166715 -0.177928 0.221926 0.384210 0.089137 0.097713 -0.077471 0.330078 0.342299 -0.324072 -0.197827 0.365708 -0.444789 0.050247 -0.473861
6 -0.171348 -0.431429 0.277199 -0.031716 -0.219766 0.232089 0.516046 0.153230 0.175535 -0.045927 0.268163 0.291197 -0.293384 -0.266692 0.407479 -0.459787 0.035560 -0.615698
17 -0.168300 -0.391289 0.257413 -0.037137 -0.226584 0.184089 0.483471 0.134115 0.177364 -0.022924 0.247521 0.304491 -0.256228 -0.229513 0.343334 -0.413748 0.036197 -0.584661
16 -0.137457 -0.326901 0.228472 -0.030268 -0.193609 0.173849 0.486506 0.118802 0.144332 -0.045027 0.211620 0.267953 -0.257955 -0.238608 0.355610 -0.450523 0.003519 -0.589975
5 -0.163512 -0.374907 0.208301 -0.064169 -0.117113 0.170064 0.459302 0.095365 0.119928 -0.107033 0.263955 0.274610 -0.282956 -0.251720 0.326843 -0.487305 0.026052 -0.532508
9 -0.213215 -0.393810 0.233202 -0.095516 -0.157851 0.200649 0.380125 0.112107 0.143519 -0.066414 0.252199 0.284070 -0.266600 -0.222500 0.312152 -0.401697 0.044888 -0.435229
14 -0.254013 -0.465145 0.307210 -0.147191 -0.138999 0.234320 0.344107 0.090519 0.096723 -0.060050 0.225083 0.290615 -0.298248 -0.190927 0.333174 -0.393124 0.087311 -0.417813
