18 18
3 -0.402186 -0.414540 0.532111 -0.282613 -0.009413 -0.109951 0.141519 0.106298 -0.000201 0.079727 0.095688 0.111132 -0.158799 -0.399931 0.133453 -0.376446 0.140731 -0.540986
2 -0.384390 -0.468126 0.515562 -0.317214 -0.025281 -0.117627 0.170526 0.153124 0.013716 0.077114 0.094417 0.194512 -0.138475 -0.440470 0.142392 -0.418125 0.099319 -0.538991
13 -0.373982 -0.431342 0.581464 -0.343183 -0.035355 -0.134614 0.135637 0.072317 0.026692 0.147130 0.042779 0.091348 -0.112467 -0.434973 0.164872 -0.373335 0.075109 -0.576168
17 -0.387237 -0.427363 0.521425 -0.268970 -0.062421 -0.148718 0.120024 0.116972 0.064249 0.128193 0.079219 0.151895 -0.101849 -0.324409 0.138188 -0.318594 0.091239 -0.539030
0 -0.395134 -0.438649 0.542269 -0.324660 -0.065525 -0.116603 0.100500 0.070472 0.013804 0.131514 0.090022 0.118299 -0.111859 -0.345805 0.176355 -0.347643 0.105436 -0.537187
1 -0.418910 -0.458740 0.579498 -0.324815 -0.041322 -0.172710 0.091505 0.101896 0.039574 0.141558 0.035304 0.102605 -0.094409 -0.356627 0.157537 -0.358704 0.089149 -0.550034
12 -0.435811 -0.463510 0.568065 -0.332002 -0.062846 -0.160250 0.081471 0.052920 -0.000634 0.157622 0.081695 0.142412 -0.116936 -0.330928 0.157922 -0.324044 0.058054 -0.534309
14 -0.395100 -0.425388 0.573922 -0.332836 -0.015682 -0.106731 0.085945 0.064871 -0.003572 0.140096 0.035090 0.106326 -0.121205 -0.368272 0.154100 -0.330928 0.121488 -0.534288
8 -0.405222 -0.477798 0.567620 -0.304217 -0.055040 -0.121156 0.140270 0.107261 0.033376 0.137679 0.067873 0.136743 -0.148916 -0.377607 0.187185 -0.386206 0.114663 -0.560604
11 -0.417313 -0.458590 0.540059 -0.291543 -0.029566 -0.131771 0.092919 0.114958 0.050136 0.085598 0.071392 0.133095 -0.142906 -0.336273 0.192261 -0.374008 0.083788 -0.529729
7 -0.351674 -0.424605 0.482097 -0.302606 -0.055037 -0.089284 0.135442 0.108991 0.057481 0.092910 0.069933 0.142556 -0.123470 -0.402292 0.172254 -0.349204 0.101930 -0.515940
6 -0.409010 -0.461651 0.567698 -0.294445 -0.024431 -0.121049 0.146272 0.122320 0.024564 0.114788 0.091334 0.131509 -0.145613 -0.414469 0.176353 -0.384804 0.100156 -0.591082
10 -0.418107 -0.483121 0.517140 -0.314350 -0.012849 -0.097383 0.169727 0.138768 0.080673 0.065514 0.130864 0.207460 -0.165662 -0.405867 0.142543 -0.376525 0.125688 -0.548467
4 -0.399754 -0.411154 0.553206 -0.310160 -0.009341 -0.144429 0.102083 0.122852 0.025359 0.104712 0.102545 0.140899 -0.104124 -0.405748 0.139290 -0.373090 0.112751 -0.575104
15 -0.429935 -0.448590 0.582040 -0.341283 -0.011758 -0.099229 0.129162 0.067335 0.017391 0.104330 0.086498 0.113085 -0.124228 -0.388240 0.162724 -0.379064 0.089870 -0.571817
5 -0.396615 -0.469311 0.496371 -0.309718 -0.009613 -0.146601 0.150054 0.091977 0.062952 0.089336 0.103065 0.178815 -0.141548 -0.377185 0.158606 -0.389228 0.080181 -0.562089
9 -0.398295 -0.424295 0.507535 -0.315927 -0.021731 -0.123994 0.123255 0.120838 0.052411 0.100259 0.082164 0.157768 -0.119220 -0.417402 0.135341 -0.372524 0.092157 -0.520912
16 -0.394368 -0.409795 0.549187 -0.300188 -0.048339 -0.126933 0.122504 0.070122 0.015011 0.131936 0.053409 0.123922 -0.125753 -0.327023 0.172541 -0.350146 0.068157 -0.557493
