18 18
5 -0.309696 -0.521159 0.266289 -0.334407 0.018405 0.107173 0.268720 -0.096521 0.205134 -0.052460 0.108027 0.320626 -0.184947 -0.127107 0.376621 -0.433060 -0.181075 -0.503840
12 -0.377723 -0.509086 0.373873 -0.408087 -0.020109 0.090732 0.226928 -0.077145 0.147733 0.013609 0.069526 0.417128 -0.149269 -0.098600 0.356657 -0.389962 -0.215833 -0.509666
15 -0.377826 -0.491519 0.352020 -0.380299 0.028394 0.116249 0.216169 -0.076352 0.137772 -0.043073 0.070480 0.324739 -0.139830 -0.111096 0.331834 -0.412010 -0.190612 -0.482958
3 -0.340842 -0.483042 0.325112 -0.325396 -0.005187 0.095932 0.255442 -0.061875 0.173878 -0.029702 0.097903 0.316228 -0.173885 -0.126268 0.329430 -0.396340 -0.136337 -0.500442
7 -0.272669 -0.485431 0.284692 -0.328951 -0.045256 0.115809 0.263398 -0.044731 0.227691 -0.014185 0.054238 0.345458 -0.139891 -0.126740 0.370980 -0.374968 -0.164856 -0.492425
16 -0.355083 -0.417063 0.373033 -0.387058 0.025723 0.068266 0.218890 -0.054726 0.124740 -0.016287 -0.000767 0.374652 -0.135708 -0.092425 0.339484 -0.428554 -0.219429 -0.544984
1 -0.359137 -0.475386 0.356142 -0.373475 0.034300 0.054020 0.202540 -0.034943 0.159841 -0.020102 0.031338 0.338085 -0.110163 -0.119289 0.296950 -0.405458 -0.158015 -0.494408
2 -0.352177 -0.494326 0.395350 -0.414098 0.003099 0.082822 0.243218 -0.028622 0.127461 -0.010189 0.013599 0.406245 -0.116373 -0.133906 0.349373 -0.459764 -0.214470 -0.537039
6 -0.302514 -0.519891 0.311516 -0.298841 -0.023717 0.116305 0.278423 -0.041712 0.202292 -0.014524 0.093862 0.322273 -0.172095 -0.123827 0.385391 -0.392217 -0.177471 -0.508801
0 -0.305987 -0.542896 0.293228 -0.338657 -0.057628 0.133061 0.267125 -0.062745 0.230553 -0.020836 0.118121 0.327099 -0.168729 -0.111231 0.410514 -0.409255 -0.144453 -0.495498
8 -0.314893 -0.557275 0.379713 -0.358857 -0.065909 0.104467 0.298112 -0.025255 0.231308 0.036333 0.024126 0.389266 -0.150116 -0.111753 0.410165 -0.437754 -0.169754 -0.551854
14 -0.347923 -0.490253 0.386204 -0.384020 0.014917 0.089395 0.217634 -0.048336 0.155149 0.008739 0.009920 0.380098 -0.138132 -0.109129 0.341713 -0.397334 -0.166496 -0.527514
4 -0.381967 -0.431507 0.409073 -0.411111 0.052130 0.053503 0.192082 -0.023439 0.128401 -0.026585 0.032632 0.409532 -0.103878 -0.124595 0.327676 -0.448916 -0.204718 -0.580815
11 -0.333976 -0.519800 0.306815 -0.317732 -0.005964 0.090797 0.235517 -0.032466 0.229898 -0.046055 0.084796 0.337565 -0.168990 -0.097854 0.382519 -0.416292 -0.179405 -0.493130
13 -0.288335 -0.476076 0.347132 -0.354125 -0.034300 0.083417 0.259978 -0.050613 0.205098 0.021448 0.024169 0.337177 -0.121159 -0.129184 0.363487 -0.395206 -0.198065 -0.523999
10 -0.299994 -0.534835 0.292106 -0.322438 -0.027748 0.137770 0.292186 -0.054508 0.259200 -0.031269 0.099451 0.363316 -0.175457 -0.082443 0.372899 -0.376824 -0.160090 -0.483736
9 -0.347005 -0.486015 0.292185 -0.356217 0.011304 0.106771 0.226092 -0.046628 0.193084 -0.042887 0.082467 0.351410 -0.153708 -0.148414 0.336668 -0.411797 -0.187565 -0.460792
17 -0.232719 -0.505852 0.276768 -0.249668 -0.111700 0.067143 0.311405 -0.012079 0.320222 0.052651 0.082352 0.373055 -0.108558 -0.066721 0.352493 -0.320445 -0.146356 -0.520853
