18 18
16 -0.122197 -0.394560 -0.112819 -0.292099 -0.362581 0.136539 0.146478 0.110762 0.414379 -0.056602 0.336959 0.693070 -0.020582 -0.101323 0.290016 -0.132775 -0.030227 -0.300384
5 -0.130414 -0.416114 -0.155976 -0.289458 -0.337848 0.121982 0.143002 0.087560 0.451545 -0.086731 0.406302 0.716399 -0.029249 -0.105506 0.280393 -0.119802 -0.034693 -0.310614
3 -0.151491 -0.397311 -0.093904 -0.291635 -0.348124 0.137172 0.148587 0.116408 0.393223 -0.073467 0.387712 0.683242 -0.034469 -0.147964 0.246470 -0.128338 0.023069 -0.305498
4 -0.136669 -0.383809 -0.122181 -0.287008 -0.339760 0.109145 0.090687 0.141088 0.432879 -0.084701 0.401772 0.715564 0.004307 -0.112171 0.278162 -0.116454 -0.017616 -0.312047
10 -0.107422 -0.390695 -0.140190 -0.272025 -0.342577 0.168518 0.117521 0.118915 0.440760 -0.085149 0.355153 0.682196 -0.038204 -0.080467 0.269807 -0.069496 0.001998 -0.228959
0 -0.130996 -0.394482 -0.107488 -0.307375 -0.361075 0.148485 0.121614 0.097655 0.403276 -0.054866 0.388264 0.666494 0.002351 -0.118590 0.270708 -0.118718 0.020714 -0.289239
17 -0.129258 -0.380522 -0.110130 -0.252800 -0.385691 0.108217 0.148515 0.124015 0.435074 -0.031438 0.386099 0.703585 0.007177 -0.101146 0.221863 -0.060555 -0.003378 -0.311705
2 -0.104416 -0.422358 -0.111418 -0.309312 -0.379683 0.145716 0.152500 0.149817 0.404933 -0.061547 0.361603 0.729645 0.014931 -0.141065 0.261746 -0.141612 -0.003243 -0.273502
14 -0.145469 -0.439947 -0.089812 -0.335357 -0.346010 0.155943 0.115680 0.110586 0.419257 -0.059210 0.351013 0.723904 -0.023760 -0.125589 0.287769 -0.122196 0.014620 -0.296843
7 -0.082377 -0.384209 -0.159371 -0.274030 -0.382164 0.164996 0.119303 0.112227 0.439773 -0.071767 0.321476 0.646745 -0.024777 -0.121443 0.304424 -0.081929 -0.010472 -0.245378
12 -0.149590 -0.421201 -0.129070 -0.306703 -0.366303 0.127279 0.095704 0.092381 0.408725 -0.059155 0.387126 0.711009 -0.028365 -0.094191 0.283084 -0.085614 -0.040888 -0.259185
9 -0.131890 -0.385696 -0.153733 -0.286167 -0.347770 0.135884 0.108885 0.127319 0.454756 -0.077796 0.369870 0.706111 -0.017890 -0.128030 0.267416 -0.099758 -0.031279 -0.249509
8 -0.112746 -0.434701 -0.104733 -0.288211 -0.385611 0.160669 0.148968 0.122571 0.423591 -0.039563 0.349635 0.691416 -0.030716 -0.116088 0.303900 -0.136439 0.018463 -0.278340
15 -0.161247 -0.424497 -0.112925 -0.316547 -0.365700 0.164227 0.145330 0.086212 0.440150 -0.079103 0.409982 0.714510 -0.013474 -0.103963 0.284167 -0.108377 -0.036444 -0.309113
1 -0.148224 -0.434830 -0.089740 -0.315625 -0.344464 0.116053 0.128715 0.134320 0.438182 -0.060292 0.344685 0.684651 0.005028 -0.130584 0.261077 -0.138969 0.013166 -0.292119
11 -0.143765 -0.403655 -0.115450 -0.264646 -0.326881 0.125582 0.091554 0.123327 0.429912 -0.094186 0.330363 0.648468 -0.049579 -0.077625 0.301512 -0.112547 -0.026066 -0.259980
13 0.019096 0.002747 0.009678 -0.019404 -0.008210 -0.004883 0.008138 -0.018294 0.006568 0.019257 -0.015253 -0.018294 0.012156 -0.023377 0.007956 -0.002520 -0.021393 -0.009389
6 0.007299 -0.006988 0.006429 0.025394 0.003018 0.008962 0.013628 0.017139 -0.003415 0.002961 0.009307 -0.005691 -0.008572 -0.012634 0.015137 0.000585 -0.007433 -0.019036
