18 18
8 0.024642 -0.477560 0.119117 -0.132548 -0.189660 0.113683 0.367407 0.131522 0.301115 0.060137 -0.030314 0.226089 -0.165713 -0.332185 0.456670 -0.500176 0.019606 -0.395722
13 0.031754 -0.494474 0.176534 -0.240575 -0.197433 0.137593 0.411723 0.030315 0.307551 0.108935 -0.062270 0.199537 -0.153230 -0.408010 0.495777 -0.524237 -0.077586 -0.448330
0 0.027380 -0.460436 0.092855 -0.150733 -0.198023 0.105561 0.358535 0.126795 0.297921 0.033176 0.024660 0.228424 -0.140593 -0.338630 0.449593 -0.495577 0.021148 -0.414726
16 0.020387 -0.433574 0.124311 -0.151285 -0.176920 0.104174 0.383320 0.088068 0.292007 0.056842 -0.033694 0.219572 -0.163057 -0.315530 0.454906 -0.497849 -0.045215 -0.429480
9 -0.009065 -0.465638 0.084410 -0.167581 -0.168643 0.123811 0.342101 0.112637 0.339342 0.035819 -0.001344 0.263203 -0.163614 -0.340801 0.431753 -0.477161 -0.026939 -0.358624
3 0.007689 -0.462194 0.121057 -0.124113 -0.170301 0.083021 0.400240 0.140027 0.281479 0.020242 0.016110 0.204347 -0.179974 -0.386615 0.423926 -0.534163 0.038343 -0.450871
7 0.045884 -0.447533 0.094134 -0.156508 -0.188501 0.121566 0.364409 0.108008 0.305841 0.043053 -0.037815 0.213145 -0.142556 -0.359121 0.442121 -0.472071 -0.005613 -0.394487
1 0.003967 -0.475743 0.109562 -0.140541 -0.172567 0.063329 0.374765 0.158401 0.322273 0.031959 -0.011544 0.220270 -0.131819 -0.358148 0.407984 -0.507764 0.022032 -0.420693
11 -0.016316 -0.486450 0.135239 -0.161903 -0.159051 0.119892 0.337035 0.108649 0.321379 0.031170 -0.032779 0.232817 -0.177318 -0.307573 0.480778 -0.502955 -0.034911 -0.395394
2 0.054810 -0.443638 0.067434 -0.110950 -0.179062 0.074778 0.369872 0.179126 0.266792 0.012182 0.004386 0.237728 -0.119730 -0.358578 0.393080 -0.509729 0.013946 -0.382809
12 -0.015434 -0.490567 0.128993 -0.202516 -0.189036 0.119006 0.350425 0.050008 0.286891 0.074836 -0.003720 0.250323 -0.163771 -0.322790 0.449323 -0.460774 -0.060387 -0.387150
4 0.024934 -0.435818 0.101117 -0.121959 -0.156270 0.075636 0.345784 0.158613 0.307456 0.016973 0.022889 0.230640 -0.134688 -0.352215 0.423883 -0.498746 0.013747 -0.426332
15 -0.012423 -0.486876 0.179715 -0.229368 -0.166627 0.168143 0.382455 0.014687 0.280132 0.071656 -0.040215 0.197913 -0.157918 -0.335597 0.472987 -0.490264 -0.071661 -0.419888
14 0.000085 -0.479373 0.185651 -0.219517 -0.152735 0.136502 0.353066 0.043845 0.267310 0.089529 -0.072063 0.208765 -0.164522 -0.351693 0.451559 -0.473344 -0.019216 -0.414907
5 0.033858 -0.474441 0.044849 -0.117473 -0.148466 0.072255 0.387774 0.121507 0.321235 -0.001941 0.031261 0.243315 -0.162417 -0.335231 0.418020 -0.511549 0.005356 -0.417599
17 0.028906 -0.453201 0.097318 -0.104923 -0.204556 0.069336 0.384969 0.155007 0.327315 0.055978 0.007277 0.256227 -0.130633 -0.324665 0.417350 -0.472710 0.000083 -0.435875
10 0.011122 -0.438846 0.106180 -0.160754 -0.150058 0.138577 0.355076 0.079524 0.311155 0.034557 -0.009457 0.229796 -0.166739 -0.302553 0.413302 -0.434329 -0.016512 -0.360111
6 0.036741 -0.451871 0.084950 -0.097634 -0.175935 0.097219 0.375529 0.155408 0.294231 0.027346 0.015824 0.220409 -0.151167 -0.348029 0.434857 -0.483201 0.000035 -0.416731
