18 18
9 -0.055717 -0.433294 -0.093643 0.017476 -0.096607 0.067053 0.232305 0.488497 0.406770 -0.190896 0.224769 0.652856 -0.219087 -0.230955 0.340346 -0.405113 -0.236656 -0.135039
6 -0.094637 -0.399797 0.013837 0.052286 0.023409 0.032165 0.251419 0.382875 0.337941 -0.208230 0.288010 0.470072 -0.230712 -0.283473 0.310831 -0.389419 -0.089888 -0.371208
11 -0.084360 -0.425659 -0.032949 0.040135 -0.065808 0.033050 0.188723 0.484309 0.395448 -0.197112 0.212697 0.584940 -0.208152 -0.170711 0.350513 -0.391267 -0.201387 -0.187904
12 -0.118353 -0.456608 -0.010343 0.010856 -0.030711 0.038345 0.249555 0.397330 0.350921 -0.207312 0.317620 0.581772 -0.251206 -0.257108 0.322673 -0.396092 -0.147192 -0.306057
7 -0.069819 -0.407028 -0.030344 0.034599 -0.047998 0.047130 0.275203 0.388032 0.393125 -0.219283 0.302457 0.517757 -0.226615 -0.286847 0.314090 -0.376267 -0.046685 -0.382839
0 -0.109883 -0.417714 0.004799 0.002427 -0.019099 0.033787 0.247535 0.370839 0.364927 -0.211354 0.317029 0.504316 -0.220553 -0.265947 0.320773 -0.409402 -0.052809 -0.383438
4 -0.079414 -0.391454 -0.019537 0.041540 -0.037672 0.013502 0.197719 0.477789 0.396902 -0.200836 0.276394 0.563906 -0.175620 -0.236862 0.321163 -0.388858 -0.148432 -0.283393
1 -0.130138 -0.429927 0.024860 -0.002953 0.017859 0.006825 0.242646 0.383125 0.364663 -0.214242 0.264458 0.487395 -0.212996 -0.264485 0.282663 -0.412393 -0.075662 -0.344523
8 -0.058174 -0.483568 -0.049815 0.033513 -0.114950 0.076782 0.233389 0.524873 0.391484 -0.168153 0.190203 0.666074 -0.250709 -0.178466 0.387255 -0.428969 -0.252114 -0.101161
3 -0.163812 -0.415452 0.054797 0.022048 0.084976 0.015366 0.302249 0.343177 0.316521 -0.280334 0.354584 0.455034 -0.299246 -0.337879 0.286140 -0.472802 -0.012524 -0.475188
5 -0.120160 -0.427987 -0.002754 -0.003732 0.107746 0.021489 0.327254 0.252650 0.318782 -0.275375 0.341181 0.461386 -0.302355 -0.306226 0.283360 -0.464695 -0.026352 -0.462593
15 -0.160248 -0.439194 0.049707 -0.008898 0.066884 0.051725 0.301166 0.303926 0.329832 -0.260878 0.327397 0.463834 -0.268080 -0.280916 0.302012 -0.450392 -0.057363 -0.440352
14 -0.131085 -0.408825 0.049045 -0.014465 0.058847 0.026681 0.256408 0.313417 0.310591 -0.217986 0.285004 0.467194 -0.248168 -0.297132 0.275728 -0.403158 -0.024686 -0.418025
2 -0.057225 -0.421906 -0.039072 0.011732 -0.035684 0.055263 0.258171 0.434342 0.320247 -0.215196 0.235366 0.574150 -0.223285 -0.237472 0.306118 -0.425525 -0.177999 -0.202786
10 -0.061327 -0.441446 -0.069003 0.026462 -0.055918 0.087448 0.249666 0.457665 0.392495 -0.218154 0.241614 0.627397 -0.248773 -0.180068 0.320344 -0.379357 -0.194736 -0.145503
16 -0.088023 -0.409006 -0.013906 0.012783 -0.056596 0.040450 0.242466 0.414258 0.356895 -0.179615 0.216096 0.564846 -0.223052 -0.186271 0.327708 -0.396860 -0.185225 -0.246299
17 -0.099037 -0.416761 0.000900 0.053105 -0.063864 0.009972 0.263360 0.417442 0.402706 -0.174229 0.299817 0.547998 -0.197217 -0.230118 0.280275 -0.352489 -0.082569 -0.364191
13 -0.063911 -0.417208 -0.008658 0.006848 -0.054740 0.032831 0.251443 0.416057 0.390185 -0.178364 0.260635 0.541971 -0.195701 -0.274445 0.329775 -0.393933 -0.162208 -0.301716
