18 18
8 -0.322292 -0.507541 0.235979 -0.188181 -0.025440 0.147984 0.102661 -0.077800 0.236819 0.074427 0.142445 0.396445 -0.357386 -0.073191 0.516972 -0.249757 -0.288468 -0.369537
15 -0.339676 -0.495330 0.233765 -0.214450 0.003708 0.164449 0.103988 -0.108170 0.236167 0.033747 0.157559 0.368605 -0.322155 -0.059359 0.489114 -0.241843 -0.304455 -0.366011
13 -0.317466 -0.515380 0.235960 -0.216083 -0.011438 0.144717 0.113826 -0.100494 0.272115 0.057971 0.150857 0.377730 -0.346585 -0.110852 0.531507 -0.263790 -0.335212 -0.398118
16 -0.349692 -0.501641 0.242737 -0.206085 -0.037885 0.140454 0.098165 -0.082938 0.240409 0.075697 0.145425 0.418427 -0.351803 -0.062526 0.543066 -0.254019 -0.333005 -0.410832
17 -0.339945 -0.502957 0.234619 -0.172784 -0.050161 0.110922 0.086482 -0.043852 0.272525 0.085821 0.161231 0.436089 -0.315983 -0.051323 0.490329 -0.210994 -0.299958 -0.402270
0 -0.361350 -0.557767 0.245642 -0.242219 -0.039573 0.168947 0.086594 -0.091933 0.260556 0.055219 0.192325 0.417663 -0.352341 -0.089204 0.573256 -0.273789 -0.301300 -0.413692
12 -0.351546 -0.514096 0.218975 -0.215867 -0.023874 0.126541 0.066676 -0.103923 0.229078 0.061552 0.195495 0.415145 -0.336321 -0.070819 0.499161 -0.220743 -0.325887 -0.365209
4 -0.340227 -0.491778 0.226238 -0.191419 -0.001079 0.126108 0.064223 -0.049392 0.262206 0.037544 0.189338 0.418039 -0.324648 -0.085309 0.516761 -0.250371 -0.306104 -0.406365
6 -0.327003 -0.504224 0.228907 -0.174136 -0.005069 0.148285 0.089194 -0.062038 0.226291 0.046560 0.190567 0.377059 -0.343420 -0.104014 0.523288 -0.240046 -0.312319 -0.396334
11 -0.359138 -0.534525 0.244213 -0.185322 -0.010368 0.129695 0.074992 -0.047249 0.280946 0.033858 0.160768 0.410427 -0.362146 -0.062182 0.563941 -0.278305 -0.331564 -0.406921
7 -0.306577 -0.503000 0.200809 -0.197041 -0.031715 0.159212 0.097309 -0.067179 0.273291 0.043280 0.156867 0.400754 -0.337905 -0.109892 0.533221 -0.237492 -0.295218 -0.391305
14 -0.339470 -0.506855 0.240610 -0.226907 0.001893 0.142688 0.054457 -0.090121 0.220652 0.081566 0.124692 0.417732 -0.337262 -0.083989 0.471668 -0.199094 -0.277940 -0.343714
5 -0.320732 -0.533388 0.188231 -0.198706 0.026105 0.140858 0.135507 -0.120108 0.291057 0.017698 0.186141 0.415635 -0.375055 -0.073246 0.520052 -0.274660 -0.323930 -0.399068
9 -0.358742 -0.515291 0.204830 -0.227181 -0.021483 0.140800 0.059786 -0.066287 0.273390 0.061916 0.168754 0.440912 -0.331996 -0.111874 0.500332 -0.233505 -0.322719 -0.345358
3 -0.345114 -0.488243 0.247942 -0.192050 0.012935 0.149585 0.126466 -0.096152 0.221770 0.025695 0.166199 0.351935 -0.375345 -0.107442 0.485586 -0.270379 -0.266776 -0.392914
10 -0.313794 -0.494104 0.200713 -0.188361 0.006803 0.168410 0.115198 -0.091886 0.266225 0.027678 0.176042 0.403703 -0.361115 -0.060219 0.487849 -0.219229 -0.293362 -0.352976
1 -0.027660 -0.027217 0.026180 -0.019122 0.012075 -0.026796 -0.004699 0.019366 0.022084 0.001540 -0.016522 -0.005216 0.015504 -0.011155 -0.013895 -0.016653 0.015775 -0.011908
2 0.021368 -0.003688 -0.004957 -0.007525 -0.007603 0.001755 0.011077 0.016235 -0.024745 -0.003279 -0.008624 0.014563 0.014594 -0.017313 -0.004715 -0.020484 -0.014205 0.014938
