18 18
3 -0.142272 -0.461221 0.151122 -0.168501 0.016772 0.244983 0.372263 0.096944 0.325698 -0.238102 0.263077 0.434630 -0.354190 -0.132126 0.341040 -0.309386 -0.070000 -0.393811
10 -0.093284 -0.463083 0.085728 -0.142065 0.015335 0.308517 0.421395 0.088622 0.426355 -0.268685 0.274935 0.481664 -0.361691 -0.062614 0.360015 -0.251433 -0.104884 -0.379021
1 -0.159723 -0.499832 0.163544 -0.208047 0.019109 0.214706 0.335726 0.110310 0.357215 -0.216271 0.238307 0.461174 -0.312113 -0.113294 0.339721 -0.307694 -0.082765 -0.375829
0 -0.113540 -0.457785 0.110288 -0.182087 -0.019105 0.264869 0.343979 0.082134 0.345519 -0.226056 0.264432 0.445753 -0.320202 -0.078486 0.369583 -0.278516 -0.073321 -0.361896
2 -0.112481 -0.491508 0.135998 -0.207963 -0.006104 0.254153 0.366449 0.093004 0.327028 -0.225812 0.254596 0.488163 -0.327807 -0.110896 0.365531 -0.312212 -0.120183 -0.362862
11 -0.132966 -0.454443 0.125829 -0.159135 0.019198 0.230427 0.319913 0.105630 0.359609 -0.235582 0.230369 0.439749 -0.323366 -0.071824 0.359839 -0.285504 -0.105427 -0.356643
7 -0.072773 -0.457783 0.076353 -0.158487 -0.017047 0.313413 0.422009 0.094765 0.432923 -0.258834 0.246306 0.476590 -0.346297 -0.105395 0.390637 -0.263323 -0.107500 -0.396644
12 -0.162383 -0.534704 0.160359 -0.251238 -0.026423 0.234703 0.317928 0.035015 0.313354 -0.181558 0.283142 0.514980 -0.347459 -0.072435 0.386304 -0.271374 -0.142713 -0.363605
9 -0.130734 -0.470567 0.107338 -0.185381 0.007234 0.257632 0.364024 0.103003 0.386697 -0.232678 0.263609 0.485190 -0.333098 -0.124153 0.352653 -0.293982 -0.113137 -0.360878
4 -0.132200 -0.457289 0.133044 -0.170594 0.028930 0.242472 0.349966 0.125624 0.370398 -0.252349 0.288219 0.484986 -0.325216 -0.115529 0.356135 -0.308175 -0.092506 -0.403094
15 -0.129736 -0.444576 0.125180 -0.174552 0.014263 0.281735 0.376755 0.059417 0.352629 -0.237558 0.255448 0.430833 -0.324307 -0.083576 0.348037 -0.273750 -0.109850 -0.374250
14 -0.143839 -0.521774 0.178347 -0.241388 0.007803 0.266193 0.343171 0.058830 0.323801 -0.205479 0.240190 0.495858 -0.359961 -0.098619 0.384533 -0.292982 -0.097169 -0.382549
6 -0.105826 -0.459866 0.124216 -0.143773 0.011079 0.259276 0.378284 0.106532 0.350759 -0.222888 0.255435 0.445825 -0.332113 -0.111575 0.363119 -0.280617 -0.112367 -0.387513
17 -0.100402 -0.431732 0.108903 -0.140889 -0.025176 0.235153 0.365884 0.083895 0.370509 -0.193361 0.244543 0.449251 -0.296512 -0.064362 0.323313 -0.230252 -0.101320 -0.376081
5 -0.102518 -0.442114 0.079752 -0.152096 0.031217 0.224123 0.360061 0.066640 0.361746 -0.233721 0.252050 0.438236 -0.318202 -0.085519 0.334617 -0.282442 -0.105179 -0.364140
16 -0.111476 -0.441498 0.120615 -0.171287 -0.004150 0.256481 0.383013 0.066288 0.354967 -0.218920 0.232101 0.461459 -0.340682 -0.063114 0.372823 -0.280782 -0.135497 -0.394002
8 -0.119257 -0.461152 0.146381 -0.166851 -0.009761 0.239334 0.343468 0.089333 0.317405 -0.189937 0.222009 0.425878 -0.329622 -0.097990 0.351996 -0.292715 -0.070508 -0.351187
13 -0.108453 -0.484787 0.161784 -0.234858 -0.015995 0.237674 0.338829 0.037355 0.322490 -0.182363 0.231810 0.436808 -0.320675 -0.105677 0.380291 -0.286278 -0.126400 -0.374961
