18 18
12 -0.164847 -0.390464 0.310164 -0.591501 -0.115902 0.076667 0.021422 -0.444695 0.023546 0.324714 0.193846 0.380124 -0.092143 -0.250971 0.105070 0.176602 -0.314893 -0.189781
9 -0.163227 -0.412418 0.314513 -0.628363 -0.097467 0.106469 0.056486 -0.433128 0.075941 0.308768 0.192371 0.396587 -0.106597 -0.318177 0.113857 0.148403 -0.321494 -0.205740
13 -0.103830 -0.394923 0.332525 -0.647420 -0.138216 0.105429 0.035368 -0.487030 0.032801 0.363109 0.155405 0.356532 -0.073590 -0.299814 0.142689 0.182684 -0.336128 -0.208136
6 -0.152746 -0.440219 0.366453 -0.617342 -0.085316 0.132841 0.074958 -0.443113 0.040778 0.334973 0.196899 0.386763 -0.102755 -0.322124 0.132816 0.163074 -0.316618 -0.248086
3 -0.184026 -0.398699 0.364526 -0.602978 -0.080145 0.093136 0.066386 -0.429528 0.018236 0.296717 0.179112 0.337134 -0.132714 -0.317262 0.093538 0.130822 -0.262725 -0.234786
0 -0.123882 -0.394080 0.322243 -0.632360 -0.161263 0.127220 0.001893 -0.453945 0.012222 0.341080 0.168769 0.358035 -0.073441 -0.258095 0.145691 0.179385 -0.259131 -0.176841
2 -0.140600 -0.429705 0.344219 -0.636082 -0.098850 0.113438 0.072709 -0.431452 0.024116 0.317190 0.176517 0.393126 -0.087401 -0.324159 0.118042 0.128632 -0.322836 -0.215439
15 -0.185391 -0.411323 0.350518 -0.608187 -0.070379 0.119335 0.066801 -0.438346 0.049283 0.288920 0.194559 0.354455 -0.083461 -0.271463 0.120423 0.127314 -0.315102 -0.246116
5 -0.145774 -0.421126 0.299706 -0.600724 -0.070862 0.089923 0.079236 -0.448398 0.072662 0.281352 0.197384 0.374518 -0.123400 -0.288043 0.133115 0.116360 -0.308071 -0.239965
7 -0.121400 -0.413508 0.314908 -0.638626 -0.135928 0.130560 0.047791 -0.450396 0.058575 0.321747 0.158998 0.375955 -0.099369 -0.315234 0.150173 0.166249 -0.298095 -0.206688
1 -0.193093 -0.437809 0.366649 -0.631475 -0.071754 0.080457 0.051744 -0.416477 0.074136 0.312938 0.169369 0.371778 -0.082038 -0.304171 0.094903 0.137728 -0.287438 -0.234045
4 -0.170273 -0.415857 0.367773 -0.655095 -0.086643 0.093429 0.035292 -0.450658 0.046652 0.332706 0.221161 0.416534 -0.082466 -0.331122 0.112952 0.165015 -0.329267 -0.258976
10 -0.150706 -0.433976 0.344752 -0.644513 -0.104487 0.153402 0.056653 -0.476605 0.061716 0.326470 0.185041 0.401412 -0.121375 -0.261242 0.112931 0.206455 -0.284455 -0.181936
11 -0.191186 -0.441584 0.360471 -0.617421 -0.072293 0.091964 0.035401 -0.408911 0.067235 0.287996 0.175224 0.380186 -0.122282 -0.287398 0.143792 0.120459 -0.316038 -0.232068
14 -0.161911 -0.426950 0.367672 -0.638708 -0.079609 0.123705 0.032672 -0.463128 0.014382 0.344933 0.140743 0.380023 -0.097442 -0.280859 0.110176 0.179538 -0.287248 -0.203135
17 -0.148577 -0.421979 0.342292 -0.616409 -0.142429 0.094062 0.057129 -0.447970 0.066543 0.358999 0.184545 0.411691 -0.082318 -0.270612 0.106739 0.195814 -0.303441 -0.229742
16 -0.003066 0.009981 0.006043 0.000869 -0.007381 -0.001770 0.017455 -0.006904 0.000948 0.004908 -0.016488 0.011175 -0.012361 0.022003 0.021550 -0.015661 -0.025305 -0.027720
8 0.003889 -0.024784 0.014791 0.006068 -0.018192 0.009774 0.013932 0.005426 -0.001505 0.020585 -0.012265 0.000073 -0.017512 0.000480 0.021614 -0.017675 0.015234 0.001164
