18 18
12 -0.327766 -0.610189 0.189780 -0.504022 -0.200704 0.196506 -0.025133 0.014462 0.338478 0.069265 0.178322 0.594314 -0.239213 -0.169334 0.304776 -0.111445 0.023188 -0.052370
0 -0.392092 -0.648056 0.245800 -0.577553 -0.237317 0.280410 0.011580 -0.011288 0.388620 0.080693 0.130926 0.598600 -0.214896 -0.055539 0.343202 -0.119121 -0.005204 -0.059353
2 -0.184925 -0.531960 0.124309 -0.399380 -0.137053 0.158584 -0.011178 0.163464 0.322021 -0.021782 0.165533 0.557650 -0.245640 -0.378550 0.310212 -0.237997 0.119536 -0.076136
4 -0.159033 -0.471565 0.101765 -0.322627 -0.080168 0.131402 -0.028645 0.267717 0.366654 -0.097915 0.227342 0.545189 -0.266120 -0.486275 0.318563 -0.299560 0.226480 -0.157320
11 -0.247809 -0.565578 0.142988 -0.401533 -0.121709 0.155543 -0.039748 0.144578 0.373150 -0.036872 0.171600 0.554697 -0.283181 -0.307337 0.350755 -0.230160 0.099274 -0.090468
9 -0.295109 -0.569306 0.153056 -0.475458 -0.171753 0.211842 -0.010280 0.090879 0.400654 0.022881 0.151524 0.592490 -0.231885 -0.240091 0.306562 -0.169173 0.047699 -0.044785
5 -0.153065 -0.515965 0.064037 -0.313653 -0.057909 0.108205 0.005364 0.208358 0.378073 -0.110620 0.234802 0.542184 -0.304903 -0.451562 0.345171 -0.318417 0.182296 -0.172489
14 -0.240262 -0.562407 0.178330 -0.430427 -0.126608 0.171354 -0.030315 0.115134 0.330929 0.013965 0.141207 0.562578 -0.282324 -0.325954 0.313326 -0.186717 0.140576 -0.095083
15 -0.429760 -0.597493 0.279002 -0.560288 -0.216690 0.312241 0.067125 -0.057088 0.378132 0.089045 0.076369 0.547548 -0.152802 0.064622 0.296912 -0.092097 -0.094985 -0.069017
8 -0.179733 -0.523211 0.140987 -0.354875 -0.141766 0.170978 0.012744 0.180482 0.344355 -0.011499 0.155421 0.532530 -0.285918 -0.380156 0.335437 -0.247920 0.180401 -0.115991
10 -0.273874 -0.613532 0.154145 -0.474940 -0.163988 0.236083 0.003828 0.100798 0.415408 -0.002982 0.183912 0.627973 -0.289436 -0.267601 0.330092 -0.165577 0.102368 -0.057859
1 -0.249256 -0.538080 0.176235 -0.399550 -0.113872 0.136360 -0.004396 0.166216 0.366167 -0.020056 0.153810 0.521953 -0.242247 -0.330653 0.293678 -0.234373 0.147382 -0.132444
3 -0.243479 -0.546551 0.169968 -0.404216 -0.128223 0.164590 0.001593 0.154407 0.335127 -0.033104 0.194458 0.543725 -0.307620 -0.395385 0.319545 -0.248599 0.180055 -0.135260
16 -0.353983 -0.569731 0.243671 -0.497423 -0.200805 0.253632 0.059235 0.037358 0.395514 0.062695 0.085595 0.589820 -0.238000 -0.071107 0.337639 -0.157102 -0.008145 -0.119926
13 -0.242461 -0.579681 0.172867 -0.476857 -0.172937 0.190319 -0.009374 0.078565 0.367552 0.037376 0.151685 0.562913 -0.252757 -0.318543 0.332382 -0.183830 0.075400 -0.077920
7 -0.134292 -0.482437 0.071515 -0.345773 -0.136172 0.168263 0.000696 0.215780 0.376120 -0.071611 0.193208 0.539875 -0.262941 -0.467017 0.338306 -0.257393 0.200334 -0.134917
17 -0.293663 -0.586885 0.199757 -0.445311 -0.192643 0.191801 0.030937 0.111341 0.410242 0.041722 0.156370 0.612188 -0.248656 -0.219171 0.315509 -0.170849 0.081474 -0.130736
6 -0.148369 -0.489712 0.106250 -0.293033 -0.086293 0.132756 0.002817 0.254763 0.343105 -0.083892 0.216553 0.516980 -0.287665 -0.482249 0.341558 -0.295931 0.198306 -0.176201
