18 18
1 -0.347203 -0.618985 0.370177 -0.412857 -0.048517 -0.037117 0.131809 0.182592 0.288925 0.000248 0.116387 0.320278 0.034466 -0.202093 0.260998 -0.481945 0.009425 -0.392361
3 -0.323774 -0.550372 0.362352 -0.360828 -0.081372 -0.029424 0.129648 0.245377 0.251638 -0.012158 0.129353 0.337295 0.011694 -0.263709 0.267080 -0.490036 0.034125 -0.416672
6 -0.256314 -0.513333 0.303303 -0.299819 -0.090680 -0.024680 0.112721 0.301785 0.288648 -0.015545 0.134341 0.368241 0.047317 -0.265013 0.281432 -0.451399 0.007302 -0.415694
4 -0.236400 -0.415183 0.273780 -0.274157 -0.113889 -0.072721 0.042174 0.415805 0.344323 -0.036433 0.144760 0.446743 0.119010 -0.320460 0.268620 -0.462036 0.042175 -0.464226
2 -0.239093 -0.522421 0.309508 -0.344547 -0.122934 -0.039459 0.108625 0.333454 0.261177 -0.014639 0.104633 0.401519 0.080165 -0.296764 0.273938 -0.493431 0.002785 -0.389654
9 -0.279194 -0.507476 0.282065 -0.331473 -0.109151 -0.039764 0.096003 0.323366 0.333195 -0.013649 0.135879 0.419132 0.059210 -0.302594 0.268453 -0.465256 0.013432 -0.399964
13 -0.301971 -0.594566 0.361294 -0.414119 -0.069247 -0.009896 0.147469 0.135193 0.263561 0.020934 0.116743 0.290042 0.033823 -0.207773 0.285618 -0.473090 -0.031813 -0.381599
16 -0.260984 -0.478392 0.300207 -0.312229 -0.131671 -0.046355 0.102085 0.335655 0.303990 -0.003513 0.096787 0.422437 0.052095 -0.273433 0.297974 -0.472612 0.006483 -0.444315
0 -0.333267 -0.604529 0.342157 -0.410389 -0.065376 0.010644 0.129622 0.141423 0.256563 -0.009486 0.156352 0.307275 0.011947 -0.172332 0.284714 -0.460918 0.018870 -0.370019
7 -0.202426 -0.445484 0.265246 -0.297198 -0.162667 -0.045122 0.068542 0.431906 0.350047 -0.029393 0.095453 0.448770 0.110002 -0.366399 0.300840 -0.471385 0.044214 -0.452346
11 -0.261556 -0.488955 0.306969 -0.298355 -0.114626 -0.066347 0.057763 0.391336 0.313428 -0.035366 0.096736 0.416939 0.069709 -0.291239 0.295151 -0.488145 0.021163 -0.422970
15 -0.367262 -0.648535 0.364752 -0.433213 -0.014394 0.047458 0.181081 0.028906 0.239883 -0.013789 0.153950 0.260993 -0.015495 -0.102650 0.281270 -0.459482 -0.050571 -0.351185
12 -0.324919 -0.594189 0.341805 -0.391606 -0.103481 -0.037639 0.108702 0.215203 0.263635 0.012458 0.151422 0.387888 0.027788 -0.225274 0.286079 -0.468670 -0.020550 -0.393940
10 -0.363015 -0.699902 0.367861 -0.449573 0.005556 0.055703 0.212012 0.027609 0.271030 -0.028998 0.174221 0.272436 -0.051199 -0.088494 0.267836 -0.456157 -0.028526 -0.329728
5 -0.309973 -0.618427 0.312287 -0.390150 -0.032283 -0.014078 0.163319 0.127674 0.281011 -0.027601 0.151599 0.327675 -0.007920 -0.173141 0.286560 -0.486076 -0.023706 -0.387367
8 -0.288952 -0.598426 0.348342 -0.364245 -0.108709 -0.012756 0.139200 0.258271 0.284817 0.006533 0.112794 0.367051 0.017381 -0.235895 0.307951 -0.497969 0.019631 -0.395321
17 -0.259839 -0.481910 0.303111 -0.298266 -0.150579 -0.067546 0.092529 0.376408 0.354809 0.006317 0.126287 0.455029 0.099362 -0.295092 0.269874 -0.453152 0.040338 -0.473903
14 -0.264355 -0.479812 0.316791 -0.327037 -0.129060 -0.059854 0.042593 0.423073 0.352689 -0.004104 0.099572 0.491086 0.102708 -0.356125 0.292073 -0.474288 0.065949 -0.483377
