18 18
8 -0.246478 -0.501827 0.414773 -0.135371 -0.065568 0.125183 0.263171 0.220305 0.100489 -0.013208 0.085168 0.261123 -0.180920 -0.141926 0.382991 -0.550760 -0.060992 -0.388937
0 -0.267662 -0.514514 0.407224 -0.165302 -0.050428 0.134603 0.276448 0.232607 0.139653 -0.051182 0.137694 0.289351 -0.169128 -0.161464 0.383917 -0.562500 -0.056253 -0.417308
6 -0.243063 -0.492820 0.376529 -0.102826 -0.022425 0.121356 0.293638 0.241611 0.155648 -0.047584 0.135183 0.271326 -0.179034 -0.163814 0.344548 -0.506958 -0.063193 -0.402702
2 -0.246532 -0.519573 0.408047 -0.150075 -0.034872 0.122392 0.296642 0.269100 0.123397 -0.059755 0.111439 0.307303 -0.163658 -0.185383 0.365325 -0.582896 -0.078958 -0.399792
1 -0.295041 -0.534081 0.432133 -0.151660 -0.014644 0.084013 0.273072 0.270526 0.162622 -0.058148 0.113958 0.277485 -0.162710 -0.179581 0.350639 -0.577650 -0.044901 -0.425109
15 -0.300847 -0.523709 0.449874 -0.178150 -0.035837 0.162007 0.306457 0.203341 0.132889 -0.047448 0.113823 0.280481 -0.171388 -0.140989 0.394153 -0.577215 -0.107425 -0.435680
9 -0.263116 -0.492628 0.365535 -0.140775 -0.037566 0.121102 0.273063 0.233913 0.171104 -0.040289 0.118185 0.296838 -0.166665 -0.167995 0.350378 -0.528259 -0.079803 -0.376630
3 -0.307927 -0.489848 0.441304 -0.120649 -0.010650 0.082825 0.266609 0.271810 0.105277 -0.081871 0.143087 0.260442 -0.205265 -0.203162 0.347098 -0.595777 -0.035261 -0.437068
11 -0.316149 -0.530010 0.442774 -0.132868 -0.016026 0.087398 0.240359 0.289086 0.146138 -0.082848 0.122412 0.287940 -0.187106 -0.161482 0.398192 -0.608765 -0.079430 -0.433760
7 -0.215684 -0.494315 0.360561 -0.136897 -0.052259 0.126739 0.282796 0.254111 0.184200 -0.056790 0.105483 0.292768 -0.162802 -0.188446 0.366994 -0.526847 -0.044704 -0.405169
10 -0.258701 -0.514939 0.388466 -0.130515 -0.019961 0.140501 0.301357 0.238289 0.180748 -0.068356 0.140964 0.298323 -0.189596 -0.140219 0.341163 -0.520276 -0.054642 -0.388278
5 -0.230947 -0.484124 0.329746 -0.116880 -0.003580 0.096906 0.287116 0.202926 0.174414 -0.071148 0.145125 0.293563 -0.184364 -0.141608 0.332775 -0.511910 -0.069494 -0.395060
17 -0.264692 -0.519308 0.413568 -0.129700 -0.066130 0.113459 0.307267 0.242748 0.168132 -0.017656 0.121633 0.318350 -0.164010 -0.136113 0.356544 -0.530834 -0.072923 -0.436130
14 -0.286966 -0.549514 0.451200 -0.173597 -0.023143 0.141625 0.290284 0.234313 0.141366 -0.032965 0.095197 0.319102 -0.192886 -0.160784 0.385263 -0.566963 -0.061343 -0.434410
16 -0.282317 -0.506288 0.441312 -0.152292 -0.052024 0.132315 0.308636 0.222660 0.141300 -0.032010 0.085229 0.297766 -0.194169 -0.124529 0.414622 -0.589082 -0.110422 -0.458045
4 -0.283015 -0.477417 0.419525 -0.116122 -0.002254 0.074640 0.242041 0.295180 0.137046 -0.085099 0.157437 0.289272 -0.162336 -0.184004 0.352166 -0.580317 -0.054448 -0.438266
13 -0.250814 -0.495224 0.414477 -0.156945 -0.041193 0.113566 0.284380 0.218354 0.144880 -0.028505 0.099843 0.259354 -0.160176 -0.179553 0.365037 -0.548208 -0.088485 -0.417067
12 -0.318917 -0.532640 0.438776 -0.157560 -0.036345 0.085117 0.247637 0.239804 0.111949 -0.047772 0.153928 0.310285 -0.187631 -0.162730 0.367985 -0.571234 -0.090229 -0.423460
