18 18
10 -0.452733 -0.176439 0.018688 -0.119144 0.176666 0.004087 0.164670 -0.013826 0.456392 -0.325558 0.704169 0.606891 -0.174093 0.205264 0.094625 -0.229479 -0.087847 -0.554411
3 -0.464737 -0.138120 0.083477 -0.071711 0.141576 -0.078540 0.148926 0.071966 0.402895 -0.268861 0.610218 0.510314 -0.143895 0.102980 0.059595 -0.279809 -0.060771 -0.557465
17 -0.448689 -0.179995 0.126352 -0.043560 0.056711 -0.120866 0.151825 0.136901 0.453881 -0.173682 0.565498 0.542107 -0.075963 0.145304 0.049943 -0.242190 -0.038197 -0.580220
4 -0.440635 -0.130128 0.083490 -0.056956 0.131927 -0.102838 0.110847 0.128126 0.439527 -0.252212 0.608819 0.535237 -0.086304 0.121021 0.063683 -0.273606 -0.053985 -0.560458
9 -0.426533 -0.137795 0.040512 -0.077546 0.126633 -0.076582 0.117997 0.096260 0.439947 -0.246437 0.575824 0.528412 -0.099350 0.094256 0.058983 -0.258851 -0.081568 -0.497950
5 -0.404045 -0.157070 -0.007097 -0.095816 0.168678 -0.042229 0.155528 -0.022430 0.414295 -0.294893 0.631319 0.542437 -0.156362 0.161015 0.098434 -0.247817 -0.116365 -0.533660
15 -0.468664 -0.176814 0.099641 -0.101079 0.119230 -0.050971 0.150121 0.052284 0.425472 -0.245010 0.603663 0.529467 -0.108777 0.145878 0.082069 -0.264027 -0.086002 -0.560985
1 -0.519210 -0.235923 0.189517 -0.071761 0.083079 -0.162248 0.144243 0.203016 0.516679 -0.190197 0.555700 0.552131 -0.061691 0.130527 0.060198 -0.324166 -0.010355 -0.624933
11 -0.436174 -0.164792 0.072103 -0.057381 0.137145 -0.084458 0.112260 0.103411 0.433107 -0.266268 0.549679 0.500562 -0.126379 0.140180 0.099962 -0.281135 -0.083971 -0.513907
16 -0.412474 -0.133732 0.057118 -0.077097 0.116322 -0.064490 0.146713 0.049736 0.404986 -0.241367 0.555577 0.514135 -0.124448 0.154703 0.093218 -0.255115 -0.099943 -0.535480
0 -0.460891 -0.189005 0.043564 -0.157704 0.133783 -0.004904 0.137238 -0.020860 0.421473 -0.287856 0.708848 0.596250 -0.141561 0.184467 0.116834 -0.246974 -0.062655 -0.579718
8 -0.497353 -0.237616 0.211858 -0.022217 0.025506 -0.166327 0.161921 0.247504 0.505873 -0.135562 0.531273 0.547843 -0.072400 0.116642 0.085037 -0.348556 0.009316 -0.631386
14 -0.463705 -0.187461 0.095619 -0.121058 0.144000 -0.046273 0.121536 0.033613 0.409916 -0.238508 0.599326 0.565623 -0.132233 0.152585 0.079317 -0.233693 -0.057912 -0.549616
12 -0.470034 -0.186052 0.055512 -0.119520 0.123859 -0.052068 0.123269 0.005524 0.410608 -0.252511 0.664137 0.583995 -0.139208 0.175810 0.085226 -0.221729 -0.104697 -0.540125
13 0.019096 0.002747 0.009678 -0.019404 -0.008210 -0.004883 0.008138 -0.018294 0.006568 0.019257 -0.015253 -0.018294 0.012156 -0.023377 0.007956 -0.002520 -0.021393 -0.009389
2 0.021368 -0.003688 -0.004957 -0.007525 -0.007603 0.001755 0.011077 0.016235 -0.024745 -0.003279 -0.008624 0.014563 0.014594 -0.017313 -0.004715 -0.020484 -0.014205 0.014938
7 0.025536 0.002637 -0.024458 -0.006487 -0.021911 0.018456 0.005430 0.006920 0.025711 -0.005710 -0.012468 0.004183 0.006040 -0.027377 0.019628 0.004891 0.006248 -0.002409
6 0.007299 -0.006988 0.006429 0.025394 0.003018 0.008962 0.013628 0.017139 -0.003415 0.002961 0.009307 -0.005691 -0.008572 -0.012634 0.015137 0.000585 -0.007433 -0.019036
