18 18
1 -0.247905 -0.330765 0.411291 -0.307489 0.000382 -0.121266 -0.058384 0.355879 0.340711 -0.007348 0.224321 0.232883 0.120595 -0.369869 0.414867 -0.457093 -0.220371 -0.550826
9 -0.220254 -0.277324 0.334496 -0.301262 -0.012674 -0.103420 -0.064325 0.330546 0.331361 -0.020888 0.233093 0.248468 0.113280 -0.370089 0.376637 -0.428293 -0.230114 -0.473037
0 -0.220351 -0.307969 0.398197 -0.320407 -0.029706 -0.094218 -0.068524 0.337808 0.313824 -0.003111 0.261788 0.236963 0.120974 -0.370174 0.455345 -0.464023 -0.228162 -0.563176
4 -0.203785 -0.256989 0.391803 -0.259017 0.007850 -0.128388 -0.079415 0.376720 0.320105 -0.021891 0.265510 0.240861 0.125660 -0.361459 0.437800 -0.454550 -0.252546 -0.584804
13 -0.187576 -0.271250 0.381030 -0.294085 -0.017735 -0.109358 -0.048953 0.307695 0.313383 0.011171 0.229449 0.209979 0.116081 -0.358430 0.412960 -0.420944 -0.256406 -0.530603
15 -0.224363 -0.284639 0.366258 -0.290505 -0.004800 -0.070724 -0.039006 0.288173 0.296494 -0.024514 0.229827 0.213039 0.098044 -0.319738 0.389743 -0.414807 -0.230679 -0.494642
12 -0.241283 -0.316734 0.375711 -0.309409 -0.028397 -0.104972 -0.076276 0.298185 0.290050 0.002665 0.260340 0.249740 0.095402 -0.327474 0.398884 -0.403299 -0.235161 -0.488521
8 -0.197291 -0.298796 0.379484 -0.252876 -0.022695 -0.084759 -0.037350 0.327847 0.300013 0.005219 0.213576 0.221216 0.073457 -0.320987 0.429949 -0.430335 -0.214288 -0.512125
3 -0.229495 -0.283964 0.390434 -0.283089 -0.008284 -0.096894 -0.046273 0.322086 0.278929 -0.024208 0.241158 0.210110 0.073583 -0.364266 0.393046 -0.440013 -0.188671 -0.519280
2 -0.194160 -0.299029 0.378590 -0.305769 -0.019939 -0.106291 -0.051277 0.362639 0.300920 -0.021867 0.237077 0.251328 0.129936 -0.388818 0.423825 -0.476568 -0.249753 -0.525038
10 -0.200267 -0.282277 0.356196 -0.270768 0.002713 -0.075344 -0.042329 0.339148 0.334577 -0.038680 0.257448 0.250273 0.093963 -0.333440 0.415399 -0.423849 -0.232282 -0.518643
7 -0.176195 -0.287514 0.334484 -0.277766 -0.038235 -0.066764 -0.048374 0.328321 0.332577 -0.030351 0.203629 0.235556 0.091394 -0.358746 0.448123 -0.427449 -0.208827 -0.516141
6 -0.172212 -0.258637 0.386525 -0.203475 0.008028 -0.102835 -0.030350 0.380036 0.311414 0.000434 0.247666 0.224997 0.099644 -0.357276 0.466923 -0.439570 -0.288091 -0.606569
11 -0.236481 -0.323400 0.381170 -0.269258 -0.001700 -0.100000 -0.075431 0.364651 0.341575 -0.055656 0.225741 0.242570 0.073759 -0.330297 0.466836 -0.474770 -0.225026 -0.536415
14 -0.219669 -0.303821 0.402430 -0.307902 0.002464 -0.095063 -0.075862 0.324709 0.292859 0.006725 0.196204 0.244403 0.098116 -0.356242 0.423479 -0.434375 -0.221145 -0.529251
16 -0.176386 -0.228118 0.356533 -0.219765 -0.005321 -0.106033 -0.025075 0.321314 0.295653 0.001085 0.200672 0.226735 0.084703 -0.294329 0.437755 -0.424123 -0.284734 -0.565646
17 -0.002915 -0.006397 0.005624 0.018021 -0.026928 -0.018564 0.015689 0.014203 0.025956 0.022864 0.010492 0.027524 0.013101 0.016295 -0.014503 0.021066 0.000664 -0.026546
5 0.004065 -0.024114 -0.027650 -0.000619 0.020703 -0.008521 0.024223 -0.023969 0.025914 -0.018771 0.021210 0.020548 -0.020024 0.006829 0.014933 -0.023795 -0.013973 -0.021943
