18 18
13 -0.382538 -0.590288 0.439648 -0.298394 -0.122762 -0.057480 0.229721 -0.071937 0.368646 0.121426 0.093287 0.194845 -0.168771 -0.069696 0.345039 -0.259239 -0.130679 -0.575185
16 -0.408599 -0.571876 0.441675 -0.275355 -0.141862 -0.062990 0.226521 -0.041981 0.355381 0.113426 0.098967 0.218956 -0.179701 -0.030949 0.356460 -0.273778 -0.117677 -0.594586
6 -0.418348 -0.572068 0.435801 -0.213044 -0.139390 -0.056704 0.205162 -0.013831 0.323130 0.117628 0.159786 0.236049 -0.179264 -0.018779 0.346932 -0.241773 -0.129254 -0.573886
8 -0.419154 -0.592392 0.460017 -0.236269 -0.153058 -0.067724 0.223147 -0.013298 0.335409 0.133874 0.103042 0.215349 -0.188615 -0.018500 0.343576 -0.275984 -0.084642 -0.555155
17 -0.412230 -0.558771 0.421262 -0.222544 -0.151228 -0.078443 0.197746 -0.024888 0.340277 0.130341 0.161396 0.253781 -0.140202 0.004529 0.292171 -0.198942 -0.115185 -0.560511
15 -0.408630 -0.547980 0.415038 -0.250080 -0.098086 -0.028626 0.198971 -0.067382 0.310925 0.087928 0.138466 0.213708 -0.158215 0.009517 0.305479 -0.225206 -0.129767 -0.517912
11 -0.450365 -0.587160 0.455553 -0.235421 -0.124475 -0.085339 0.174844 0.003207 0.348348 0.090840 0.132136 0.226681 -0.180506 -0.010997 0.352430 -0.273156 -0.116178 -0.568346
10 -0.394739 -0.619017 0.421825 -0.295187 -0.082834 -0.012470 0.237939 -0.073367 0.389869 0.076736 0.108635 0.234390 -0.215023 -0.017574 0.326737 -0.230983 -0.087994 -0.519260
5 -0.377352 -0.581838 0.373704 -0.255710 -0.090863 -0.051584 0.230049 -0.076438 0.360585 0.078668 0.134597 0.237794 -0.196793 -0.012889 0.336653 -0.259428 -0.123055 -0.547767
3 -0.450000 -0.595248 0.479264 -0.265484 -0.112925 -0.066749 0.225909 -0.037725 0.328280 0.100952 0.128795 0.202597 -0.206923 -0.052855 0.319300 -0.273293 -0.075265 -0.575377
0 -0.410984 -0.586788 0.433756 -0.288560 -0.146853 -0.051122 0.173864 -0.036568 0.321716 0.112512 0.151488 0.211084 -0.153413 -0.050504 0.336356 -0.249088 -0.064564 -0.544854
1 -0.446804 -0.619660 0.472240 -0.290345 -0.118085 -0.089351 0.200123 -0.013228 0.373355 0.109832 0.108515 0.210776 -0.159536 -0.057679 0.319214 -0.269518 -0.076967 -0.571221
7 -0.366251 -0.536301 0.390374 -0.254810 -0.156849 -0.045469 0.207085 -0.026125 0.358707 0.100134 0.114482 0.208996 -0.151565 -0.068739 0.343243 -0.243859 -0.102682 -0.563233
14 -0.395736 -0.627335 0.462143 -0.330889 -0.075293 -0.023670 0.216032 -0.078978 0.367199 0.107699 0.053411 0.219824 -0.205745 -0.061369 0.341275 -0.247891 -0.075755 -0.541874
4 -0.395467 -0.521286 0.416050 -0.231031 -0.099483 -0.074299 0.163435 -0.008329 0.319516 0.089186 0.145918 0.216976 -0.142782 -0.028147 0.295434 -0.231200 -0.092571 -0.527930
12 -0.405580 -0.531654 0.392212 -0.233260 -0.145149 -0.072134 0.152780 -0.054652 0.269508 0.130065 0.150394 0.238609 -0.156409 0.005728 0.297212 -0.194404 -0.136465 -0.484608
2 0.021368 -0.003688 -0.004957 -0.007525 -0.007603 0.001755 0.011077 0.016235 -0.024745 -0.003279 -0.008624 0.014563 0.014594 -0.017313 -0.004715 -0.020484 -0.014205 0.014938
9 -0.008402 0.003844 -0.023332 -0.006576 0.000593 0.000225 -0.003692 0.013429 0.026437 -0.004111 0.005667 0.021814 0.003016 -0.025362 -0.007905 -0.006482 -0.012628 0.018993
