18 18
12 -0.298344 -0.523360 0.169338 -0.170853 -0.317904 0.022419 0.181256 0.101438 0.382805 0.139537 0.151670 0.549335 -0.183093 0.094559 0.386317 -0.203788 -0.171643 -0.346436
7 -0.236169 -0.516915 0.168627 -0.163677 -0.354793 0.072490 0.228936 0.155554 0.431619 0.145130 0.065186 0.534795 -0.188505 0.024321 0.428703 -0.227585 -0.131651 -0.363080
9 -0.277459 -0.516554 0.168108 -0.152019 -0.328594 0.046894 0.219003 0.174154 0.453370 0.139375 0.081599 0.562216 -0.207699 0.041423 0.422754 -0.257163 -0.158974 -0.352938
2 -0.226569 -0.512046 0.191369 -0.157056 -0.333790 0.066281 0.252351 0.155987 0.365694 0.148755 0.067191 0.531832 -0.182516 0.030598 0.387987 -0.238087 -0.143916 -0.349170
17 -0.256350 -0.498081 0.190479 -0.133067 -0.341250 0.029512 0.230977 0.141677 0.400988 0.158482 0.105609 0.529975 -0.171789 0.078864 0.376624 -0.204588 -0.133503 -0.388212
5 -0.285031 -0.554472 0.156125 -0.173368 -0.284866 0.030912 0.223938 0.082339 0.434132 0.118133 0.130879 0.554631 -0.214159 0.105073 0.418325 -0.250797 -0.167214 -0.375966
14 -0.256969 -0.548388 0.237138 -0.182548 -0.300678 0.100351 0.221540 0.129124 0.403390 0.178851 -0.002908 0.519976 -0.223752 0.038814 0.404164 -0.199679 -0.092697 -0.337660
16 -0.272864 -0.501925 0.201809 -0.150634 -0.324775 0.043150 0.228035 0.136826 0.398804 0.147121 0.068795 0.526205 -0.205608 0.086014 0.420236 -0.243649 -0.156768 -0.386933
8 -0.288143 -0.595730 0.217225 -0.172402 -0.351819 0.071002 0.237694 0.130709 0.453114 0.177682 0.076730 0.565774 -0.229536 0.095310 0.455749 -0.248158 -0.130943 -0.369368
15 -0.276908 -0.507550 0.187444 -0.177504 -0.275930 0.081541 0.196066 0.086821 0.390808 0.117450 0.098612 0.488986 -0.168468 0.097565 0.378037 -0.202481 -0.148093 -0.322803
0 -0.296426 -0.560826 0.183068 -0.192177 -0.356293 0.058255 0.206121 0.137632 0.435929 0.135211 0.142405 0.578805 -0.198804 0.092909 0.460163 -0.264634 -0.145634 -0.383140
10 -0.256551 -0.529650 0.172993 -0.158276 -0.308003 0.093179 0.235872 0.131617 0.443393 0.127868 0.092036 0.554467 -0.217738 0.090305 0.395556 -0.198286 -0.124634 -0.328002
6 -0.258235 -0.534311 0.200309 -0.123504 -0.335556 0.058241 0.254836 0.168622 0.409890 0.151544 0.107958 0.536873 -0.208576 0.038823 0.426192 -0.236610 -0.154378 -0.401245
3 -0.272736 -0.503941 0.222315 -0.140236 -0.318364 0.051997 0.252838 0.140935 0.358666 0.142416 0.089847 0.490989 -0.223136 0.016534 0.386979 -0.248210 -0.108158 -0.392087
4 -0.311733 -0.547015 0.186359 -0.168887 -0.330496 0.022159 0.191946 0.168197 0.468629 0.126604 0.152061 0.603000 -0.183363 0.092555 0.438870 -0.257915 -0.166454 -0.405527
1 -0.295265 -0.525860 0.197615 -0.172694 -0.290822 0.016338 0.193187 0.145651 0.421649 0.130572 0.088045 0.514252 -0.169428 0.073462 0.371008 -0.232316 -0.124846 -0.351742
11 -0.298994 -0.544869 0.188803 -0.145931 -0.300860 0.032163 0.184015 0.177594 0.459543 0.111660 0.078409 0.554461 -0.216201 0.096739 0.449005 -0.267449 -0.158997 -0.358560
13 -0.249641 -0.562762 0.218848 -0.190063 -0.343372 0.077841 0.252252 0.114373 0.441775 0.184283 0.049647 0.530117 -0.205379 0.035609 0.434206 -0.226748 -0.152812 -0.372701
