18 18
3 -0.274234 -0.432971 0.349257 -0.076635 0.107560 0.264025 0.340032 0.058231 0.101954 -0.052372 0.156982 0.162573 -0.416062 -0.358695 0.282537 -0.314024 0.101720 -0.440646
13 -0.233522 -0.467444 0.353930 -0.044306 0.078078 0.216143 0.346613 0.093962 0.168230 -0.018961 0.138220 0.176790 -0.397444 -0.338125 0.333123 -0.340367 0.051183 -0.479295
6 -0.228200 -0.457871 0.340945 0.033100 0.080275 0.214036 0.355411 0.143181 0.164660 -0.033278 0.156199 0.171157 -0.407653 -0.308240 0.334293 -0.329877 0.073703 -0.491215
14 -0.313833 -0.500764 0.400410 -0.183263 0.111325 0.270266 0.297428 0.033022 0.045713 -0.001789 0.136487 0.226222 -0.380070 -0.376215 0.266865 -0.306577 0.079266 -0.417908
9 -0.328128 -0.486424 0.361640 -0.207157 0.096940 0.249463 0.295313 0.053880 0.043904 -0.012164 0.179996 0.246440 -0.336135 -0.416261 0.216899 -0.322361 0.055756 -0.374932
4 -0.303239 -0.500811 0.397422 -0.114072 0.092833 0.188976 0.310868 0.134820 0.083447 -0.012492 0.198697 0.263715 -0.365138 -0.400214 0.281504 -0.375151 0.073480 -0.504659
16 -0.270751 -0.456788 0.357610 -0.094974 0.081128 0.238087 0.344454 0.077811 0.104005 -0.020240 0.148049 0.223694 -0.392687 -0.328578 0.309884 -0.343265 0.051861 -0.469756
5 -0.256583 -0.470396 0.307328 -0.089005 0.116737 0.237646 0.342124 0.043325 0.139999 -0.055097 0.171201 0.208538 -0.402997 -0.328795 0.303911 -0.334315 0.062554 -0.445760
12 -0.388022 -0.593055 0.462218 -0.267934 0.056731 0.177158 0.273802 0.066648 -0.060468 0.060085 0.221479 0.317255 -0.338908 -0.448727 0.220693 -0.366424 0.040828 -0.445533
0 -0.271767 -0.469847 0.355717 -0.104275 0.071890 0.252200 0.307588 0.073164 0.098616 -0.026816 0.170435 0.193194 -0.374185 -0.325495 0.306066 -0.323238 0.091217 -0.432848
2 -0.407494 -0.668557 0.542024 -0.334355 0.048963 0.165453 0.309608 0.137729 -0.142195 0.083678 0.212609 0.378900 -0.318908 -0.555846 0.198002 -0.466189 0.049528 -0.476661
11 -0.278214 -0.507619 0.376303 -0.005148 0.082465 0.164623 0.317700 0.165398 0.171104 -0.037830 0.150936 0.215524 -0.416880 -0.307384 0.350540 -0.388275 0.056157 -0.508856
17 -0.224614 -0.445281 0.322918 0.025249 0.047060 0.165278 0.341003 0.137037 0.196330 -0.010668 0.151219 0.212696 -0.377313 -0.276975 0.309490 -0.310124 0.066012 -0.500724
15 -0.304724 -0.465020 0.365546 -0.152098 0.090222 0.259145 0.306319 0.031344 0.078288 -0.026076 0.165334 0.196369 -0.337002 -0.322496 0.266179 -0.309502 0.039373 -0.413438
7 -0.256098 -0.488263 0.347557 -0.106784 0.063351 0.250224 0.334062 0.098642 0.127520 -0.025749 0.147100 0.220308 -0.384761 -0.396352 0.314466 -0.335614 0.081906 -0.459455
8 -0.203467 -0.448576 0.326769 0.067220 0.043944 0.168142 0.330150 0.150971 0.202063 -0.011913 0.120476 0.165332 -0.403278 -0.234431 0.357780 -0.343896 0.073819 -0.474709
10 -0.299142 -0.506246 0.376125 -0.125642 0.102955 0.249520 0.332235 0.083269 0.090292 -0.029257 0.185257 0.241630 -0.390959 -0.357986 0.261137 -0.324411 0.079360 -0.428459
1 -0.417306 -0.632538 0.517922 -0.290008 0.082628 0.177607 0.307884 0.115002 -0.025406 0.049051 0.188911 0.308309 -0.337310 -0.497568 0.221217 -0.434446 0.083129 -0.497190
