18 18
16 -0.163557 -0.502417 0.149478 -0.202304 0.040323 0.215255 0.218706 0.017380 0.228069 -0.041446 -0.048364 0.650051 -0.329428 0.108069 0.375952 -0.233443 -0.236306 -0.254399
9 -0.180840 -0.537669 0.115458 -0.209837 0.042967 0.233280 0.205215 0.057846 0.299754 -0.057229 -0.034872 0.686708 -0.312789 0.056777 0.348832 -0.211247 -0.228038 -0.205030
12 -0.208107 -0.548103 0.173726 -0.252301 0.020887 0.186294 0.179594 -0.015389 0.196672 -0.006759 -0.000256 0.673562 -0.318398 0.103003 0.353429 -0.205640 -0.228577 -0.230764
2 -0.174723 -0.541506 0.166854 -0.233329 0.026070 0.201944 0.203745 0.037904 0.201294 -0.035077 -0.032061 0.648378 -0.293758 0.065303 0.346651 -0.242058 -0.207822 -0.230053
17 -0.180882 -0.607713 0.144899 -0.149104 -0.001140 0.237537 0.269521 0.090300 0.387649 -0.026339 -0.049576 0.778939 -0.335185 0.128686 0.398702 -0.181019 -0.262960 -0.303482
7 -0.139400 -0.532434 0.109939 -0.175368 0.018003 0.262235 0.239362 0.066217 0.342107 -0.059730 -0.065213 0.683557 -0.324739 0.072166 0.398959 -0.191677 -0.234247 -0.254358
14 -0.175803 -0.534199 0.174811 -0.224705 0.049396 0.228206 0.188026 0.017989 0.222703 -0.022760 -0.057565 0.657056 -0.320917 0.084802 0.353039 -0.198003 -0.191758 -0.227622
10 -0.191296 -0.561546 0.156784 -0.232653 0.051859 0.249142 0.223846 0.022975 0.257690 -0.066953 -0.011590 0.686221 -0.350239 0.107379 0.367392 -0.224664 -0.193527 -0.230397
11 -0.193052 -0.543068 0.145837 -0.174344 0.051515 0.212054 0.185371 0.070655 0.299478 -0.070994 -0.045449 0.663377 -0.323357 0.110828 0.379023 -0.216209 -0.235018 -0.233282
5 -0.175484 -0.570211 0.128902 -0.207351 0.055777 0.220970 0.234027 0.017050 0.291662 -0.064274 -0.018565 0.681040 -0.338821 0.095056 0.384016 -0.235822 -0.225780 -0.266210
13 -0.172680 -0.551847 0.172771 -0.241616 0.031695 0.209822 0.218897 0.009543 0.261988 -0.021230 -0.044359 0.657144 -0.313825 0.067567 0.374274 -0.225715 -0.237309 -0.260627
4 -0.201124 -0.522259 0.181302 -0.235558 0.054592 0.189817 0.174654 0.038352 0.232668 -0.048099 0.000843 0.657888 -0.301831 0.071490 0.357708 -0.237943 -0.191368 -0.274617
3 -0.257569 -0.552706 0.226424 -0.272753 0.043732 0.197129 0.196495 0.000225 0.174715 -0.045153 0.007370 0.588006 -0.346151 0.035104 0.343968 -0.267203 -0.127081 -0.271694
6 -0.178412 -0.593810 0.150462 -0.175951 0.039800 0.258799 0.252314 0.072306 0.319943 -0.053803 -0.035367 0.713354 -0.348657 0.082294 0.408564 -0.214986 -0.254204 -0.277304
1 -0.276928 -0.583878 0.250227 -0.310867 0.042288 0.150499 0.162693 0.010230 0.192760 -0.018684 -0.014121 0.576474 -0.291161 0.044353 0.324551 -0.266288 -0.112172 -0.270385
8 -0.155992 -0.544580 0.159192 -0.185426 0.011439 0.222353 0.227486 0.041563 0.232224 -0.021122 -0.044270 0.651545 -0.336006 0.098644 0.388566 -0.242570 -0.208345 -0.236857
15 -0.191617 -0.621269 0.146407 -0.179981 0.033011 0.301576 0.281681 0.061415 0.395127 -0.065029 -0.058167 0.770250 -0.350508 0.127667 0.433276 -0.201832 -0.304071 -0.292273
0 -0.259201 -0.573089 0.222486 -0.328198 0.013202 0.195978 0.146998 -0.020144 0.150223 -0.027776 0.033058 0.572553 -0.301104 0.041826 0.355309 -0.266153 -0.095621 -0.248106
