18 18
8 -0.226110 -0.523987 0.251303 -0.429985 -0.313327 0.139865 0.123154 0.152646 0.268614 0.026404 -0.018687 0.277089 -0.167616 -0.294626 0.534118 -0.489433 0.031697 -0.319917
12 -0.283976 -0.504535 0.290527 -0.565753 -0.403088 0.143475 0.057379 -0.064174 0.164901 0.141929 -0.044960 0.287345 -0.068685 -0.135573 0.507061 -0.347645 -0.068907 -0.267717
0 -0.238217 -0.471884 0.238617 -0.443689 -0.290660 0.124543 0.085890 0.093284 0.211445 0.015178 0.020047 0.245395 -0.109931 -0.232766 0.486216 -0.446532 0.029853 -0.320548
3 -0.257476 -0.478057 0.263329 -0.399023 -0.255136 0.099955 0.132546 0.154291 0.207320 -0.025911 0.030212 0.230327 -0.168422 -0.315568 0.461750 -0.492579 0.046294 -0.365200
7 -0.208230 -0.488361 0.235076 -0.487724 -0.359781 0.161048 0.103962 0.077246 0.249901 0.052471 -0.050850 0.271789 -0.106701 -0.264312 0.529919 -0.427470 0.004093 -0.307396
10 -0.235051 -0.509198 0.268513 -0.517156 -0.370872 0.183065 0.104618 0.024352 0.244288 0.092373 -0.054512 0.299332 -0.117779 -0.188721 0.512124 -0.367750 -0.012963 -0.262466
2 -0.227200 -0.486922 0.260189 -0.458481 -0.312311 0.126396 0.119704 0.093403 0.183742 0.034411 -0.021458 0.266347 -0.108483 -0.254842 0.491081 -0.467130 -0.009733 -0.317291
17 -0.233745 -0.486520 0.262793 -0.426456 -0.336790 0.107952 0.107993 0.109155 0.244934 0.067299 -0.013319 0.285172 -0.105668 -0.223844 0.463286 -0.394496 0.013443 -0.320897
9 -0.256248 -0.505399 0.227030 -0.441373 -0.283187 0.108694 0.112376 0.171329 0.296260 -0.000254 0.020948 0.309453 -0.149182 -0.336085 0.497886 -0.493819 0.001586 -0.334687
13 -0.215883 -0.466324 0.267530 -0.499571 -0.349915 0.130512 0.094998 0.011823 0.208448 0.098657 -0.059784 0.237770 -0.076604 -0.212216 0.491428 -0.387975 -0.038593 -0.294079
14 -0.238610 -0.495155 0.286576 -0.508717 -0.337888 0.157709 0.069050 0.033404 0.205771 0.106904 -0.085580 0.289422 -0.116230 -0.219757 0.504000 -0.380386 -0.001418 -0.268974
6 -0.211544 -0.477094 0.221726 -0.320121 -0.203796 0.101604 0.132011 0.227565 0.249897 -0.053878 0.058495 0.240690 -0.172176 -0.333740 0.472528 -0.490683 0.038799 -0.369081
1 -0.247843 -0.474025 0.266966 -0.445201 -0.288778 0.095450 0.093334 0.084181 0.221536 0.044943 -0.037495 0.228843 -0.082673 -0.218126 0.443519 -0.411434 0.015125 -0.310098
11 -0.242552 -0.495245 0.238745 -0.398550 -0.253478 0.108994 0.087363 0.178291 0.273909 -0.029497 -0.000640 0.265361 -0.155356 -0.267129 0.502814 -0.482727 0.023499 -0.322043
15 -0.256161 -0.480427 0.272767 -0.513979 -0.343454 0.178329 0.101080 -0.031358 0.199029 0.090069 -0.047172 0.256793 -0.086343 -0.165725 0.511728 -0.382972 -0.054389 -0.288692
16 -0.256799 -0.481929 0.283526 -0.541373 -0.395524 0.156983 0.114388 -0.033619 0.200333 0.115535 -0.080511 0.284000 -0.093910 -0.149742 0.555144 -0.413308 -0.069573 -0.329761
5 -0.225927 -0.486841 0.193698 -0.377996 -0.209443 0.090706 0.137182 0.118500 0.253773 -0.039760 0.054481 0.264852 -0.157219 -0.266850 0.475926 -0.488433 0.004032 -0.363708
4 -0.248801 -0.476018 0.248996 -0.402336 -0.238633 0.085284 0.092693 0.180687 0.250525 -0.032623 0.052344 0.267972 -0.120516 -0.290453 0.476718 -0.491303 0.031846 -0.377553
