18 18
0 -0.336500 -0.658596 0.167369 -0.246629 -0.095629 0.162521 0.171812 -0.077260 0.123545 0.021488 0.382398 0.396728 -0.376134 -0.092143 0.389257 -0.265211 -0.071455 -0.213686
11 -0.345881 -0.677551 0.166656 -0.207538 -0.063627 0.127574 0.171038 -0.042786 0.176791 0.005362 0.357273 0.423975 -0.407441 -0.073159 0.403947 -0.270499 -0.103352 -0.221773
6 -0.305032 -0.627501 0.167326 -0.178220 -0.071681 0.140499 0.188812 -0.039856 0.144507 0.035070 0.345799 0.389313 -0.372504 -0.095402 0.364961 -0.227520 -0.102213 -0.221204
1 -0.321184 -0.666667 0.160374 -0.205797 -0.057850 0.106006 0.234352 -0.026093 0.185939 0.004772 0.346346 0.414060 -0.396591 -0.119147 0.338701 -0.308871 -0.040513 -0.240519
7 -0.291575 -0.661002 0.117466 -0.203353 -0.095681 0.152136 0.228410 -0.044254 0.201017 0.008178 0.361123 0.438386 -0.405407 -0.122268 0.380135 -0.265401 -0.063691 -0.226506
4 -0.318014 -0.632549 0.165363 -0.200086 -0.056452 0.110865 0.220976 -0.028866 0.146850 -0.005733 0.411077 0.449720 -0.406087 -0.124875 0.353915 -0.324991 -0.048362 -0.277453
2 -0.270024 -0.634480 0.144082 -0.195272 -0.064146 0.134055 0.284376 -0.027107 0.124048 -0.012707 0.358406 0.450804 -0.413053 -0.138846 0.337216 -0.361248 -0.049552 -0.246882
9 -0.325784 -0.646348 0.133083 -0.209498 -0.067914 0.140941 0.199974 -0.039009 0.188370 0.011929 0.361911 0.435882 -0.385051 -0.118821 0.358305 -0.268185 -0.094535 -0.205063
14 -0.336052 -0.671676 0.192698 -0.232561 -0.056545 0.143242 0.189154 -0.067974 0.133298 0.034626 0.328500 0.420444 -0.396678 -0.096139 0.367327 -0.260882 -0.069884 -0.228300
13 -0.309985 -0.656486 0.178542 -0.235811 -0.088061 0.135528 0.202245 -0.083454 0.162058 0.050366 0.348755 0.396661 -0.382307 -0.114185 0.387463 -0.254390 -0.114523 -0.235817
12 -0.334906 -0.644839 0.157374 -0.219750 -0.096465 0.116175 0.165927 -0.095529 0.125230 0.059109 0.371556 0.422716 -0.377390 -0.064393 0.358921 -0.208313 -0.127096 -0.204198
10 -0.313347 -0.661741 0.144430 -0.191732 -0.056713 0.169711 0.246502 -0.052873 0.192601 -0.008807 0.387864 0.435186 -0.430242 -0.083209 0.355146 -0.263927 -0.055277 -0.222823
8 -0.283941 -0.636942 0.160425 -0.179512 -0.090461 0.139913 0.244208 -0.046615 0.146592 0.035426 0.336990 0.393059 -0.406273 -0.103735 0.365851 -0.301735 -0.049720 -0.230000
5 -0.267363 -0.612809 0.109075 -0.167973 -0.038338 0.119440 0.260396 -0.068779 0.168303 -0.016009 0.350182 0.401494 -0.402074 -0.087011 0.333133 -0.302643 -0.060111 -0.245360
3 -0.327142 -0.651506 0.185433 -0.187840 -0.050891 0.132075 0.299542 -0.040104 0.123580 -0.016831 0.386363 0.415800 -0.459059 -0.156654 0.334380 -0.371314 -0.011634 -0.289485
17 -0.314221 -0.631370 0.163624 -0.192757 -0.107165 0.107003 0.196886 -0.049618 0.177692 0.057808 0.357529 0.430488 -0.361396 -0.070361 0.343427 -0.219394 -0.085572 -0.241931
16 -0.335791 -0.664713 0.186076 -0.216226 -0.081803 0.137529 0.230260 -0.073688 0.156297 0.035949 0.346627 0.424575 -0.412712 -0.074920 0.404840 -0.289907 -0.114152 -0.271958
15 -0.349597 -0.670341 0.193430 -0.239005 -0.066557 0.165560 0.210576 -0.083805 0.151691 0.017691 0.358652 0.401239 -0.371920 -0.088326 0.387372 -0.276460 -0.119721 -0.244834
