18 18
0 -0.205101 -0.490419 0.262621 -0.391583 -0.260257 0.195418 0.107375 0.093444 0.102463 0.012547 0.346434 0.293479 -0.034201 -0.238108 0.499583 -0.391165 -0.021196 -0.418610
7 -0.129190 -0.473068 0.242342 -0.371787 -0.281815 0.218610 0.163788 0.123967 0.143711 0.020465 0.260742 0.265186 -0.018874 -0.342326 0.509462 -0.419085 -0.008442 -0.452252
2 -0.151799 -0.437611 0.245213 -0.365972 -0.203577 0.190127 0.166908 0.106991 0.076885 -0.031955 0.281378 0.239237 -0.002022 -0.330707 0.438969 -0.458182 -0.043808 -0.427058
3 -0.214496 -0.423825 0.282407 -0.347866 -0.193770 0.178792 0.165006 0.094498 0.068165 -0.034943 0.328060 0.225277 -0.048664 -0.313041 0.421732 -0.437636 -0.020420 -0.454322
13 -0.134622 -0.430565 0.263137 -0.352457 -0.229227 0.166067 0.157952 0.096741 0.121352 0.034090 0.238624 0.214578 -0.003721 -0.319109 0.435593 -0.403041 -0.036553 -0.428750
9 -0.194462 -0.512750 0.259450 -0.366410 -0.296566 0.193889 0.114350 0.157069 0.152433 0.057460 0.314052 0.338444 -0.041566 -0.277447 0.491749 -0.378357 -0.020280 -0.392846
15 -0.205362 -0.425258 0.248420 -0.368102 -0.153374 0.200471 0.166428 0.039106 0.086118 -0.065367 0.313284 0.218394 -0.017680 -0.273227 0.433605 -0.444091 -0.079068 -0.441234
8 -0.146374 -0.502274 0.272840 -0.331558 -0.282324 0.200160 0.165147 0.138190 0.129872 0.061667 0.263596 0.284523 -0.048629 -0.283169 0.498883 -0.414587 0.003841 -0.434441
10 -0.210700 -0.543331 0.283006 -0.385198 -0.279856 0.227340 0.142238 0.128786 0.152390 0.026875 0.359409 0.352865 -0.064400 -0.226900 0.509862 -0.376593 -0.026832 -0.417362
1 -0.214482 -0.523704 0.294913 -0.388838 -0.244787 0.168447 0.138824 0.128857 0.142343 0.023412 0.288471 0.288496 -0.025215 -0.276330 0.472198 -0.422938 -0.014228 -0.441780
12 -0.218169 -0.500969 0.255729 -0.369058 -0.268520 0.172219 0.081439 0.085024 0.080808 0.047609 0.342405 0.324944 -0.046234 -0.211943 0.465844 -0.330831 -0.048094 -0.365866
4 -0.180346 -0.381024 0.254223 -0.337627 -0.163702 0.159322 0.133203 0.115168 0.091175 -0.052327 0.338286 0.227210 0.009757 -0.320333 0.410205 -0.438022 -0.039209 -0.465283
6 -0.153582 -0.467624 0.272538 -0.328741 -0.256240 0.199378 0.158861 0.147287 0.113762 0.033285 0.306386 0.260291 -0.023117 -0.318065 0.478981 -0.401887 -0.019935 -0.452677
16 -0.181557 -0.473984 0.274166 -0.334784 -0.291117 0.174918 0.141643 0.132290 0.120777 0.066192 0.285003 0.322234 -0.053487 -0.211601 0.480033 -0.362457 -0.041173 -0.425436
17 -0.161227 -0.497404 0.266534 -0.324518 -0.315154 0.173199 0.147848 0.152764 0.155275 0.087011 0.284164 0.330738 -0.024759 -0.240441 0.464104 -0.343436 -0.006267 -0.431112
14 -0.180504 -0.499194 0.282014 -0.367641 -0.251125 0.192968 0.119095 0.109924 0.114490 0.057511 0.256285 0.303766 -0.045503 -0.252368 0.471963 -0.363595 -0.004197 -0.412736
5 -0.170160 -0.422393 0.209988 -0.340728 -0.148972 0.168503 0.182761 0.059687 0.110868 -0.070955 0.321010 0.233153 -0.033482 -0.294731 0.424524 -0.454582 -0.066211 -0.447372
11 -0.235770 -0.526555 0.294146 -0.347794 -0.251179 0.166350 0.090917 0.157853 0.142123 0.015953 0.320571 0.330034 -0.072081 -0.204409 0.503778 -0.391338 -0.038537 -0.411741
