18 18
4 -0.333525 -0.221231 0.319658 -0.037621 0.093464 0.065842 0.277865 0.180922 0.145823 -0.207313 0.200374 0.135680 -0.364194 -0.289437 0.241578 -0.513778 0.098507 -0.499011
1 -0.383800 -0.286040 0.361839 -0.079945 0.084771 0.077389 0.297749 0.130113 0.176934 -0.149972 0.167926 0.116778 -0.385592 -0.285770 0.207515 -0.475054 0.176617 -0.505474
10 -0.356489 -0.308172 0.370658 -0.097821 0.082078 0.153270 0.275656 0.111947 0.102302 -0.161623 0.158524 0.112249 -0.422455 -0.248048 0.238713 -0.465883 0.167327 -0.410149
3 -0.410340 -0.279891 0.397104 -0.054843 0.105317 0.092947 0.339733 0.162223 0.108701 -0.219403 0.205274 0.111093 -0.469272 -0.345908 0.258003 -0.588954 0.147663 -0.549970
13 -0.332954 -0.286818 0.381940 -0.104822 0.081360 0.086247 0.276148 0.129434 0.079527 -0.168602 0.131340 0.077855 -0.388643 -0.314528 0.273148 -0.548343 0.090590 -0.454664
14 -0.373006 -0.317650 0.404919 -0.104829 0.091062 0.129192 0.269819 0.133039 0.075470 -0.157427 0.132928 0.126807 -0.434413 -0.290911 0.267408 -0.520073 0.154047 -0.460661
9 -0.371187 -0.261245 0.325550 -0.058654 0.079228 0.100520 0.318891 0.159236 0.186591 -0.184417 0.199258 0.157531 -0.406542 -0.316538 0.234465 -0.508830 0.119681 -0.501319
8 -0.354357 -0.318386 0.387145 -0.080798 0.065806 0.110789 0.282048 0.148092 0.081892 -0.157030 0.138211 0.105654 -0.421907 -0.284961 0.281113 -0.546882 0.140737 -0.444491
0 -0.351569 -0.316207 0.378825 -0.130029 0.039121 0.147046 0.240540 0.119052 0.057461 -0.143470 0.157401 0.099756 -0.379895 -0.264535 0.273437 -0.491920 0.150929 -0.397320
6 -0.364274 -0.268295 0.349300 -0.010070 0.085896 0.115623 0.351688 0.177420 0.164853 -0.198964 0.221398 0.145959 -0.449041 -0.319300 0.276385 -0.532523 0.125405 -0.568171
17 -0.333258 -0.234533 0.302942 -0.016433 0.053697 0.067774 0.323256 0.153324 0.195825 -0.159051 0.199767 0.162169 -0.365288 -0.256866 0.204667 -0.441891 0.110156 -0.513832
7 -0.317679 -0.234654 0.280411 -0.028877 0.058739 0.101727 0.333379 0.160891 0.200370 -0.202832 0.192270 0.148184 -0.397751 -0.322815 0.255134 -0.497978 0.119690 -0.530376
15 -0.405782 -0.328215 0.410296 -0.103921 0.093455 0.130295 0.324923 0.154872 0.111691 -0.223382 0.187879 0.124490 -0.430500 -0.318989 0.302697 -0.600903 0.093479 -0.517958
16 -0.357441 -0.239872 0.330568 -0.034146 0.071121 0.096188 0.343891 0.145452 0.174612 -0.184238 0.187472 0.156659 -0.424624 -0.275788 0.265766 -0.517954 0.101378 -0.555600
11 -0.432183 -0.438287 0.510432 -0.149830 0.131556 0.102799 0.263128 0.256345 0.006344 -0.302124 0.120611 0.109906 -0.495024 -0.368137 0.428922 -0.811831 0.043352 -0.467839
2 -0.436895 -0.462492 0.549537 -0.181503 0.124398 0.108720 0.333011 0.288221 -0.025048 -0.322030 0.131731 0.135415 -0.512032 -0.463188 0.447898 -0.925633 0.031766 -0.529636
5 -0.333034 -0.262831 0.282138 -0.029642 0.109055 0.068383 0.347298 0.134489 0.189809 -0.226021 0.216452 0.156320 -0.417932 -0.287014 0.260205 -0.537721 0.082793 -0.534902
12 -0.026600 -0.022358 0.002765 -0.019307 -0.014582 -0.010130 -0.018079 -0.025837 -0.017080 0.018496 0.026502 0.027636 -0.006702 0.013838 0.001462 0.019107 -0.024921 0.008452
