18 18
4 -0.273024 -0.610301 0.180454 -0.147247 0.046859 0.160914 0.430237 -0.015525 0.297366 -0.039089 0.234256 0.512701 -0.226325 -0.004756 0.262904 -0.384707 -0.203058 -0.382595
9 -0.264479 -0.610576 0.136649 -0.154012 0.042074 0.173716 0.449791 -0.028131 0.321403 -0.036512 0.200157 0.513179 -0.241508 -0.031320 0.249622 -0.389886 -0.230593 -0.326496
17 -0.259078 -0.621135 0.189596 -0.126982 0.001614 0.147641 0.452266 -0.020102 0.293138 0.006033 0.202506 0.512222 -0.227013 0.013142 0.232498 -0.337608 -0.189158 -0.378543
15 -0.276671 -0.628233 0.194460 -0.180400 0.040346 0.191771 0.448005 -0.057777 0.282294 -0.032064 0.180715 0.471162 -0.228859 0.000315 0.274922 -0.395099 -0.225070 -0.357564
14 -0.297857 -0.670052 0.218594 -0.186780 0.056368 0.182136 0.439678 -0.044029 0.283783 -0.017420 0.184309 0.537286 -0.258490 0.000814 0.275654 -0.387545 -0.208385 -0.379484
12 -0.288772 -0.630275 0.183497 -0.170214 0.020428 0.150286 0.415301 -0.053952 0.269389 -0.005617 0.215544 0.516025 -0.236892 0.012923 0.251268 -0.348790 -0.223562 -0.344696
5 -0.235746 -0.616788 0.127741 -0.137779 0.048692 0.178208 0.465290 -0.074656 0.304758 -0.047766 0.220231 0.487330 -0.257690 0.023148 0.273624 -0.378999 -0.214957 -0.362030
6 -0.254428 -0.616601 0.182666 -0.128823 0.041422 0.183109 0.451014 -0.026347 0.275858 -0.023032 0.200792 0.476613 -0.248116 -0.003494 0.277729 -0.373134 -0.213488 -0.366248
10 -0.243865 -0.575485 0.159898 -0.135539 0.042639 0.177255 0.421282 -0.030609 0.285931 -0.037446 0.197950 0.474835 -0.234049 0.027188 0.226740 -0.322654 -0.179910 -0.312918
13 -0.237251 -0.620908 0.182893 -0.183258 0.024504 0.155947 0.441530 -0.051507 0.293380 -0.000399 0.162067 0.473070 -0.221553 -0.034995 0.269714 -0.386679 -0.226841 -0.352364
3 -0.285714 -0.634036 0.202455 -0.151990 0.037746 0.171172 0.466806 -0.033525 0.266110 -0.037342 0.213920 0.478808 -0.267969 -0.032392 0.257933 -0.407303 -0.174532 -0.388382
7 -0.231116 -0.614010 0.158995 -0.155384 0.011352 0.181360 0.426968 -0.017298 0.298337 -0.027943 0.175671 0.481092 -0.227298 -0.030272 0.277329 -0.360954 -0.178901 -0.351560
1 -0.294835 -0.663515 0.201585 -0.190572 0.055123 0.133652 0.439517 -0.016648 0.318977 -0.024567 0.164186 0.498165 -0.222094 -0.016786 0.251960 -0.418770 -0.202741 -0.359577
2 -0.222826 -0.591520 0.153573 -0.160681 0.030890 0.154924 0.435575 -0.021385 0.258371 -0.033493 0.174029 0.482047 -0.209640 -0.020305 0.246891 -0.397313 -0.215278 -0.320406
0 -0.264764 -0.632553 0.165328 -0.179835 0.014222 0.191108 0.441773 -0.047793 0.291688 -0.034394 0.232487 0.496721 -0.233368 0.007585 0.291367 -0.397111 -0.192188 -0.361786
8 -0.230458 -0.618659 0.180680 -0.140584 0.008368 0.178450 0.432899 -0.026510 0.262413 0.005552 0.154983 0.458353 -0.247812 -0.009823 0.274989 -0.375765 -0.171160 -0.323480
16 -0.257039 -0.594310 0.172895 -0.153466 0.027430 0.163795 0.448101 -0.045243 0.286880 -0.023194 0.175165 0.490785 -0.239750 0.024922 0.276995 -0.385377 -0.231155 -0.371273
11 -0.306131 -0.660908 0.202135 -0.157750 0.055368 0.152443 0.419204 -0.010992 0.319931 -0.048447 0.192521 0.517739 -0.253373 0.022274 0.293189 -0.409350 -0.226956 -0.372672
