18 18
7 -0.277372 -0.609219 0.422038 -0.519004 -0.064211 0.133633 -0.025793 0.162854 0.293152 0.174938 -0.195164 0.297278 0.043222 -0.325520 0.284680 -0.262801 0.148722 -0.241286
0 -0.350693 -0.553630 0.463724 -0.543910 -0.014420 0.065277 -0.064030 0.096101 0.165303 0.152495 -0.103830 0.256139 0.065302 -0.261992 0.218201 -0.316041 0.185116 -0.297583
1 -0.383836 -0.611377 0.499414 -0.561094 0.010902 0.036698 -0.048245 0.139153 0.218173 0.161086 -0.159174 0.272111 0.070339 -0.301011 0.199720 -0.332735 0.182792 -0.301500
10 -0.352651 -0.627488 0.473799 -0.541818 -0.011515 0.109619 -0.021063 0.155111 0.274883 0.158811 -0.154534 0.311961 0.032720 -0.296123 0.221932 -0.276808 0.164205 -0.245196
6 -0.321045 -0.619823 0.471908 -0.488475 -0.030274 0.105767 -0.014962 0.157522 0.252507 0.187378 -0.163342 0.270221 0.032927 -0.306745 0.254760 -0.257823 0.134645 -0.261096
14 -0.362154 -0.582660 0.500939 -0.564621 0.012789 0.073323 -0.069624 0.092496 0.162124 0.172438 -0.162654 0.267980 0.059790 -0.254315 0.197928 -0.288582 0.186517 -0.279601
3 -0.422332 -0.515720 0.517856 -0.544861 0.072072 -0.036920 -0.021841 0.081214 0.124301 0.119532 -0.080118 0.244901 0.016787 -0.341310 0.160187 -0.428916 0.203323 -0.415701
13 -0.298884 -0.588279 0.455137 -0.522319 -0.034518 0.080861 -0.022554 0.131259 0.256480 0.194151 -0.188599 0.256398 0.052767 -0.335303 0.237467 -0.280024 0.129574 -0.246674
9 -0.331798 -0.555658 0.421473 -0.498132 -0.015129 0.060742 -0.039906 0.155690 0.247546 0.157265 -0.145346 0.285572 0.048709 -0.316679 0.202930 -0.286585 0.130863 -0.236118
2 -0.337502 -0.561472 0.464367 -0.536980 0.010492 0.042712 -0.021017 0.122929 0.164171 0.140084 -0.126964 0.282209 0.062482 -0.308515 0.200856 -0.361797 0.150213 -0.307267
16 -0.372893 -0.538842 0.489328 -0.536092 0.015328 0.015132 -0.015575 0.089303 0.180715 0.155786 -0.128706 0.278267 0.040651 -0.267181 0.212929 -0.359305 0.134201 -0.364939
4 -0.401540 -0.523723 0.510189 -0.560020 0.063349 -0.031293 -0.062716 0.121515 0.166642 0.126301 -0.071465 0.284171 0.078037 -0.321734 0.181975 -0.407180 0.181742 -0.415387
11 -0.335579 -0.592637 0.446530 -0.484123 -0.007926 0.070010 -0.046641 0.164309 0.258742 0.143144 -0.163373 0.279546 0.018603 -0.280861 0.254366 -0.300967 0.131603 -0.251740
15 -0.389042 -0.619274 0.516631 -0.584174 -0.001849 0.102334 -0.035452 0.087866 0.203703 0.164106 -0.143860 0.273128 0.065415 -0.265794 0.225992 -0.316296 0.153944 -0.296896
17 -0.365450 -0.579012 0.492887 -0.529424 -0.020129 0.025214 -0.023264 0.119761 0.221802 0.184977 -0.121703 0.292994 0.071098 -0.272818 0.190939 -0.303060 0.164239 -0.338465
5 -0.382115 -0.534304 0.453400 -0.539406 0.087840 -0.033204 -0.000852 0.050419 0.173381 0.101376 -0.064516 0.267784 0.026460 -0.299809 0.180615 -0.420828 0.154204 -0.411587
12 -0.351507 -0.617809 0.452598 -0.531037 -0.039477 0.064849 -0.047248 0.134769 0.239662 0.188288 -0.135597 0.323890 0.030787 -0.317197 0.243999 -0.286831 0.123810 -0.254643
8 -0.309320 -0.607575 0.456156 -0.490415 -0.043939 0.096678 -0.007489 0.147623 0.253848 0.192277 -0.173608 0.275917 0.024938 -0.294327 0.252763 -0.286349 0.151650 -0.250252
