18 18
11 -0.198701 -0.511444 0.231538 -0.163024 -0.101157 0.049600 0.106465 0.216828 0.549833 -0.089205 0.217221 0.348363 -0.101011 -0.090833 0.499333 -0.347376 -0.162088 -0.433449
0 -0.175273 -0.491515 0.207499 -0.207555 -0.141330 0.076487 0.103707 0.179376 0.491188 -0.071590 0.247557 0.312222 -0.063010 -0.119998 0.454068 -0.303847 -0.107418 -0.387759
1 -0.232118 -0.542666 0.250738 -0.210318 -0.110627 0.017593 0.103940 0.234393 0.536859 -0.081183 0.227810 0.334763 -0.061741 -0.154499 0.446210 -0.355157 -0.119424 -0.429936
6 -0.172106 -0.496442 0.210628 -0.132625 -0.105472 0.034231 0.148987 0.255685 0.532581 -0.078940 0.257472 0.330385 -0.088608 -0.186952 0.462292 -0.371744 -0.133407 -0.457345
12 -0.213358 -0.517051 0.223006 -0.202130 -0.132005 0.044152 0.093010 0.181911 0.518171 -0.056622 0.263156 0.372989 -0.082105 -0.110926 0.462545 -0.308076 -0.163351 -0.408389
4 -0.180280 -0.421439 0.178115 -0.113281 -0.056739 -0.026806 0.099663 0.289004 0.537702 -0.116054 0.274102 0.339233 -0.058741 -0.206057 0.396675 -0.391094 -0.116791 -0.442026
2 -0.143949 -0.456674 0.178801 -0.155934 -0.105096 0.030205 0.124592 0.244135 0.493140 -0.089809 0.222286 0.349597 -0.050306 -0.168205 0.421029 -0.359839 -0.147577 -0.396635
7 -0.137876 -0.440850 0.155829 -0.138829 -0.115438 0.050353 0.136360 0.233188 0.546914 -0.096926 0.228035 0.327856 -0.070283 -0.181592 0.437923 -0.336887 -0.124670 -0.420799
13 -0.182023 -0.537685 0.247342 -0.210910 -0.136303 0.051824 0.143492 0.195366 0.578240 -0.054387 0.246192 0.348680 -0.076537 -0.153495 0.493653 -0.346911 -0.167282 -0.459115
9 -0.187312 -0.468306 0.136796 -0.101899 -0.061288 -0.045076 0.149135 0.336935 0.633150 -0.119566 0.277168 0.407444 -0.085267 -0.281596 0.423165 -0.476914 -0.154252 -0.468001
5 -0.179994 -0.492236 0.154057 -0.126976 -0.059100 -0.014304 0.161245 0.242696 0.582425 -0.118165 0.280014 0.371401 -0.104457 -0.198470 0.439936 -0.428245 -0.143503 -0.472514
8 -0.182677 -0.513190 0.216006 -0.138116 -0.108610 0.016770 0.143632 0.270548 0.550619 -0.070429 0.232435 0.353162 -0.101498 -0.192796 0.472530 -0.418968 -0.118142 -0.451896
15 -0.222608 -0.540828 0.259713 -0.219505 -0.111730 0.102476 0.134345 0.173231 0.564510 -0.093413 0.253930 0.356848 -0.088653 -0.092466 0.513213 -0.343362 -0.177056 -0.455523
10 -0.171098 -0.482674 0.196811 -0.166261 -0.104344 0.081937 0.130222 0.199617 0.546267 -0.091048 0.250400 0.355055 -0.093555 -0.100844 0.436631 -0.288527 -0.127036 -0.389126
3 -0.212889 -0.464506 0.228575 -0.161873 -0.099347 0.031939 0.135669 0.212148 0.478231 -0.091024 0.255768 0.304448 -0.102483 -0.180161 0.408023 -0.355117 -0.096527 -0.431727
16 -0.187739 -0.489042 0.210966 -0.162149 -0.104554 0.031600 0.146753 0.218026 0.555998 -0.081581 0.231933 0.360231 -0.097668 -0.125448 0.483247 -0.379825 -0.171233 -0.461294
17 -0.165304 -0.458974 0.194626 -0.130681 -0.132392 0.026987 0.132579 0.217087 0.532505 -0.046454 0.236109 0.348948 -0.059168 -0.109861 0.402141 -0.284281 -0.125410 -0.414302
14 -0.199910 -0.477787 0.238006 -0.179081 -0.082912 0.032187 0.085674 0.205273 0.489523 -0.052297 0.200532 0.344831 -0.086031 -0.138320 0.420744 -0.315335 -0.110779 -0.404043
