18 18
0 -0.270050 -0.494718 0.262959 -0.397220 -0.178961 0.072317 -0.070397 0.104117 0.243484 0.007045 0.367278 0.382899 0.062368 -0.006021 0.476433 -0.323298 0.013001 -0.453621
6 -0.187201 -0.542607 0.259790 -0.391303 -0.357241 0.076349 0.071348 0.109792 0.265019 0.180012 0.312712 0.462630 -0.017399 -0.126104 0.453808 -0.257348 0.004707 -0.441200
2 -0.075018 -0.496125 0.217661 -0.434167 -0.525674 0.069171 0.197607 0.117388 0.269832 0.321863 0.220248 0.546878 -0.033518 -0.271116 0.347063 -0.207561 0.030658 -0.370160
4 -0.364626 -0.370439 0.321745 -0.365990 0.066584 0.031637 -0.182807 0.198887 0.274393 -0.187800 0.392731 0.324080 0.179572 0.015060 0.422690 -0.407796 -0.003042 -0.537373
17 -0.146433 -0.435990 0.233293 -0.392947 -0.403032 0.048742 0.119420 0.134863 0.316740 0.223628 0.254668 0.513841 0.019411 -0.173941 0.333016 -0.205231 0.035869 -0.430721
10 -0.114924 -0.469145 0.216690 -0.413120 -0.433010 0.088340 0.167518 0.102924 0.301112 0.250998 0.248899 0.529251 -0.041684 -0.204613 0.333436 -0.188687 0.050672 -0.373804
3 -0.125831 -0.488161 0.263264 -0.487190 -0.556360 0.073078 0.243359 0.124344 0.322350 0.340478 0.247211 0.582949 -0.058354 -0.359805 0.322145 -0.228415 0.076421 -0.439985
14 -0.189372 -0.480129 0.274382 -0.420270 -0.314162 0.075936 0.044794 0.104709 0.252698 0.175662 0.244717 0.469913 0.009456 -0.124682 0.387295 -0.233629 0.034826 -0.414478
15 -0.398245 -0.446802 0.347611 -0.419975 0.017897 0.075671 -0.131135 0.147018 0.287829 -0.164258 0.394249 0.337207 0.162112 0.024453 0.454140 -0.413561 -0.039325 -0.544502
11 -0.188160 -0.451899 0.231438 -0.375622 -0.282377 0.054859 0.032933 0.135810 0.293443 0.099044 0.269514 0.438091 0.006213 -0.102904 0.403195 -0.270574 0.012800 -0.406677
1 -0.451829 -0.439180 0.376278 -0.404314 0.130284 0.015385 -0.219302 0.203068 0.304232 -0.238706 0.394717 0.287241 0.212745 0.047981 0.442261 -0.456658 -0.006255 -0.568056
5 -0.183599 -0.493030 0.208539 -0.396414 -0.278808 0.050575 0.060269 0.078756 0.285864 0.115295 0.307386 0.457315 -0.003637 -0.106743 0.409928 -0.274697 0.000478 -0.426433
16 -0.164537 -0.477730 0.244121 -0.428933 -0.393585 0.069951 0.112977 0.104553 0.296004 0.203250 0.253975 0.511643 -0.012503 -0.137227 0.405978 -0.249482 0.001943 -0.438965
13 -0.096693 -0.522904 0.259285 -0.501939 -0.560853 0.076415 0.208194 0.092908 0.330944 0.361117 0.233371 0.571205 -0.028151 -0.299209 0.380754 -0.210626 0.029046 -0.430383
12 -0.244579 -0.543561 0.265425 -0.416040 -0.314391 0.057021 0.011733 0.064050 0.230609 0.158975 0.340946 0.467493 0.000880 -0.071564 0.439513 -0.246563 -0.022564 -0.420628
8 -0.150219 -0.516117 0.233968 -0.361943 -0.379555 0.075246 0.094521 0.078529 0.236431 0.225358 0.258291 0.449702 -0.048926 -0.111819 0.418475 -0.228512 0.025789 -0.372051
7 -0.222814 -0.455893 0.240960 -0.405862 -0.221641 0.079039 -0.017454 0.143137 0.307857 0.026402 0.316963 0.425769 0.069643 -0.090352 0.441480 -0.303928 0.016904 -0.462546
9 -0.152005 -0.498661 0.212755 -0.466189 -0.453053 0.070261 0.141393 0.125331 0.349753 0.253531 0.272732 0.561587 -0.016875 -0.265665 0.368036 -0.238598 0.021125 -0.398764
