18 18
15 -0.344468 -0.539210 0.340044 -0.361912 -0.279347 0.288533 0.250678 0.004015 0.362864 0.069145 0.016728 0.320325 -0.145239 -0.019628 0.508563 -0.324971 -0.066079 -0.447717
14 -0.419692 -0.589952 0.417536 -0.279710 -0.313665 0.497325 0.281876 0.052483 0.349304 0.126589 0.059975 0.413551 -0.271823 0.055666 0.430077 -0.080780 0.191959 -0.388718
17 -0.332513 -0.542156 0.353400 -0.250766 -0.314278 0.335389 0.283134 0.064247 0.372366 0.122956 0.052332 0.369237 -0.188966 0.011004 0.416882 -0.164596 0.071250 -0.416445
16 -0.285829 -0.496244 0.307433 -0.316554 -0.261310 0.223606 0.253686 0.021327 0.344684 0.076532 -0.015902 0.315665 -0.149716 -0.020182 0.491239 -0.333962 -0.091718 -0.453013
13 -0.054001 -0.544588 0.252104 -0.510646 -0.086877 -0.320837 0.238547 -0.037383 0.442398 0.023412 -0.213877 0.154129 0.059944 -0.306550 0.663395 -0.946785 -0.618426 -0.643471
7 -0.343493 -0.546295 0.327480 -0.284298 -0.358652 0.418047 0.267460 0.070394 0.400597 0.101576 0.041507 0.369985 -0.204332 -0.012986 0.455891 -0.140210 0.128287 -0.389194
8 -0.355008 -0.577096 0.372282 -0.246857 -0.315606 0.435454 0.298492 0.055811 0.345905 0.117508 0.065343 0.361559 -0.249013 0.037066 0.442542 -0.145379 0.136981 -0.371993
10 -0.441320 -0.584530 0.398063 -0.186675 -0.356436 0.657933 0.340664 0.082607 0.379268 0.112552 0.161671 0.449720 -0.340316 0.124617 0.368260 0.094379 0.336853 -0.317487
0 -0.260337 -0.525621 0.292075 -0.353721 -0.252233 0.171622 0.223224 0.023702 0.361510 0.060889 0.003514 0.286594 -0.114860 -0.067186 0.511729 -0.402084 -0.100314 -0.445959
12 -0.383042 -0.570035 0.345047 -0.347707 -0.330367 0.320543 0.224890 0.016387 0.353569 0.113259 0.046923 0.378270 -0.183535 0.004498 0.473671 -0.219918 0.007535 -0.404561
11 -0.165137 -0.505484 0.258332 -0.379440 -0.115491 -0.117011 0.193611 0.028671 0.390982 0.007553 -0.122512 0.212307 -0.039594 -0.160657 0.553267 -0.673229 -0.362783 -0.515067
9 -0.318680 -0.537529 0.311587 -0.322359 -0.261216 0.254839 0.241048 0.059862 0.395911 0.081005 -0.002864 0.348205 -0.160709 -0.061358 0.452316 -0.301377 -0.028796 -0.403114
2 -0.060876 -0.546201 0.241449 -0.495548 -0.096562 -0.293972 0.234293 -0.000283 0.404433 0.009307 -0.200175 0.195942 0.059597 -0.288399 0.634561 -0.928739 -0.591104 -0.601820
5 -0.119939 -0.505883 0.214136 -0.391139 -0.093122 -0.142325 0.239185 -0.026426 0.397541 0.006645 -0.105912 0.215105 -0.032469 -0.180013 0.548894 -0.697337 -0.403587 -0.537634
1 -0.225165 -0.506050 0.292650 -0.348191 -0.169328 0.018204 0.215265 0.040973 0.372586 0.052755 -0.076733 0.237469 -0.066170 -0.121901 0.462786 -0.485625 -0.184608 -0.461047
6 -0.387247 -0.554730 0.376856 -0.184623 -0.314864 0.544919 0.316005 0.075251 0.334747 0.109649 0.130394 0.387522 -0.289536 0.069159 0.401938 -0.009051 0.218581 -0.355465
3 -0.389617 -0.531683 0.389951 -0.216385 -0.308706 0.456865 0.301874 0.066114 0.314654 0.105644 0.097983 0.350094 -0.274602 0.014862 0.376051 -0.082401 0.211869 -0.375917
4 -0.000863 0.026536 0.000487 0.011658 0.016931 -0.018308 -0.024615 0.027506 0.003913 -0.015616 0.024595 0.006644 0.019102 -0.007194 -0.007301 -0.006238 0.005807 -0.017039
