18 18
3 -0.536326 -0.325401 0.570594 -0.021098 -0.072067 0.254397 0.038066 0.115667 -0.148157 0.073664 0.226511 0.056203 -0.400052 -0.158692 0.456811 -0.481618 0.181614 -0.435423
15 -0.583218 -0.356465 0.620589 -0.035821 -0.115232 0.317509 0.026824 0.093136 -0.153652 0.108719 0.239960 0.060558 -0.406499 -0.118454 0.534532 -0.493274 0.167806 -0.474668
8 -0.459490 -0.435339 0.485737 -0.075116 -0.012695 0.185496 0.113778 0.115076 -0.050679 0.051104 0.190808 0.149226 -0.354424 -0.192552 0.403974 -0.525670 0.087821 -0.365228
4 -0.431228 -0.457607 0.418326 -0.113681 0.119700 0.093035 0.146059 0.150991 0.028133 -0.052610 0.217228 0.225322 -0.299759 -0.259212 0.301952 -0.573032 0.017747 -0.348696
11 -0.534258 -0.385078 0.548417 -0.033156 -0.043457 0.226342 0.034023 0.139119 -0.078206 0.051418 0.207834 0.110003 -0.387979 -0.136474 0.481458 -0.514311 0.126678 -0.423020
12 -0.454062 -0.470766 0.419490 -0.136408 0.071132 0.097186 0.111937 0.095943 -0.014546 -0.000366 0.220655 0.221190 -0.306294 -0.222189 0.299328 -0.502684 0.005741 -0.306781
5 -0.234782 -0.862897 0.128374 -0.354526 0.484845 -0.170517 0.496569 0.134766 0.336671 -0.307796 0.150570 0.545865 -0.187137 -0.463062 -0.019739 -0.769155 -0.307696 -0.121523
17 -0.537362 -0.324735 0.588723 0.007161 -0.159170 0.265557 0.020655 0.120825 -0.122093 0.145930 0.223655 0.081845 -0.383237 -0.094085 0.515037 -0.448664 0.183132 -0.489182
14 -0.617115 -0.399029 0.687371 -0.045085 -0.108609 0.322455 0.007207 0.120151 -0.176154 0.136110 0.223428 0.091721 -0.458753 -0.148117 0.579083 -0.534935 0.213148 -0.512502
9 -0.391974 -0.521467 0.334889 -0.159513 0.143841 0.075834 0.210076 0.132431 0.088095 -0.072156 0.185356 0.282488 -0.281856 -0.285437 0.236323 -0.566198 -0.044905 -0.257153
6 -0.551610 -0.328721 0.604195 0.012051 -0.107618 0.296927 0.017164 0.134548 -0.158505 0.114775 0.239999 0.052768 -0.416901 -0.151340 0.536100 -0.487056 0.178608 -0.481477
0 -0.536981 -0.321311 0.581821 -0.027095 -0.153232 0.303332 -0.015718 0.102500 -0.158565 0.123157 0.230830 0.046579 -0.385714 -0.101209 0.541299 -0.455759 0.206434 -0.452171
2 -0.258668 -0.815677 0.197441 -0.337017 0.414682 -0.117968 0.456451 0.180105 0.247755 -0.262394 0.141313 0.517198 -0.186675 -0.473435 0.014920 -0.773942 -0.272426 -0.122371
1 -0.364112 -0.656865 0.310212 -0.244914 0.281582 -0.048005 0.295718 0.162885 0.170311 -0.152986 0.150457 0.346792 -0.215007 -0.360326 0.107295 -0.635757 -0.110193 -0.212428
13 -0.296347 -0.815484 0.240866 -0.345343 0.402119 -0.103331 0.442255 0.144050 0.266370 -0.232205 0.155641 0.480117 -0.218549 -0.484489 0.064838 -0.781294 -0.264143 -0.177376
10 -0.265829 -0.784681 0.184313 -0.307964 0.414663 -0.082212 0.451513 0.158331 0.286025 -0.269386 0.159506 0.497657 -0.206467 -0.417167 0.002878 -0.697932 -0.234515 -0.119857
16 -0.492397 -0.377864 0.516977 -0.060030 -0.046524 0.214366 0.080796 0.100841 -0.078083 0.064823 0.187820 0.131897 -0.372550 -0.140066 0.457288 -0.507786 0.087646 -0.423530
7 0.025536 0.002637 -0.024458 -0.006487 -0.021911 0.018456 0.005430 0.006920 0.025711 -0.005710 -0.012468 0.004183 0.006040 -0.027377 0.019628 0.004891 0.006248 -0.002409
