18 18
2 0.125540 -0.429580 0.123671 -0.091879 -0.283157 0.064026 0.345179 0.433311 0.235250 0.079125 0.035098 0.252551 0.070122 -0.590178 0.322963 -0.452980 -0.125165 -0.300023
1 0.067686 -0.395659 0.110616 -0.066469 -0.231690 -0.019759 0.309449 0.455018 0.277988 0.066997 0.037484 0.216859 0.066211 -0.574155 0.254199 -0.458437 -0.032781 -0.278787
0 -0.005141 -0.514837 0.213128 -0.179950 -0.339407 0.154576 0.341682 0.298117 0.340223 0.142707 0.071802 0.354219 0.073701 -0.394685 0.391791 -0.323124 -0.204766 -0.403787
12 0.009875 -0.507745 0.200064 -0.173987 -0.329410 0.130639 0.320295 0.290241 0.289139 0.147046 0.067677 0.342823 0.061854 -0.425345 0.371998 -0.312891 -0.239986 -0.366921
3 0.067488 -0.418881 0.140266 -0.071993 -0.259585 0.028258 0.355553 0.447398 0.253407 0.061144 0.067695 0.224949 0.029474 -0.623622 0.306570 -0.496128 -0.061735 -0.328861
10 0.026968 -0.484044 0.185976 -0.139649 -0.278613 0.163334 0.347715 0.306433 0.328316 0.095971 0.059911 0.329023 0.041204 -0.392437 0.339153 -0.294210 -0.177248 -0.340294
14 -0.010332 -0.492633 0.244272 -0.187373 -0.286489 0.162498 0.302113 0.258228 0.292117 0.147006 0.018005 0.334104 0.055084 -0.369768 0.356314 -0.267753 -0.202485 -0.385104
15 -0.029375 -0.519206 0.246520 -0.199016 -0.307358 0.195687 0.360532 0.249849 0.331917 0.133563 0.052323 0.346939 0.069468 -0.374213 0.383748 -0.293428 -0.248307 -0.404242
8 0.116156 -0.431603 0.117289 -0.063682 -0.279247 0.044347 0.338497 0.444673 0.260450 0.095663 0.032329 0.230978 0.043235 -0.599550 0.332779 -0.468221 -0.073935 -0.289870
11 -0.006023 -0.508533 0.225851 -0.161130 -0.297577 0.137331 0.317750 0.308864 0.336280 0.116216 0.038432 0.333873 0.060260 -0.389968 0.388311 -0.323956 -0.246905 -0.387447
6 0.100429 -0.426370 0.147568 -0.069141 -0.275765 0.092565 0.343569 0.392698 0.249883 0.096541 0.043487 0.239077 0.047716 -0.539663 0.343985 -0.389111 -0.147699 -0.336525
17 -0.026500 -0.515963 0.246904 -0.170824 -0.338996 0.163182 0.362427 0.259282 0.368080 0.169541 0.054621 0.390685 0.083272 -0.322741 0.355789 -0.236688 -0.250379 -0.430238
16 -0.020622 -0.491961 0.239335 -0.186808 -0.317883 0.162098 0.356288 0.228864 0.328393 0.149672 0.022942 0.362835 0.057485 -0.303099 0.382546 -0.280342 -0.282835 -0.424488
5 0.088678 -0.415012 0.071570 -0.061745 -0.221951 -0.000093 0.339469 0.406373 0.286942 0.045758 0.072872 0.246798 0.029447 -0.553603 0.294639 -0.474867 -0.070160 -0.302288
7 0.158792 -0.377192 0.081140 -0.068800 -0.283581 0.073393 0.329949 0.432403 0.249005 0.066150 0.017094 0.209787 0.059638 -0.629239 0.340145 -0.437705 -0.097962 -0.299195
4 0.083064 -0.410039 0.136952 -0.076143 -0.259215 0.042341 0.312880 0.437919 0.290802 0.069151 0.079467 0.268904 0.080057 -0.546113 0.308570 -0.422234 -0.105334 -0.336828
13 0.046801 -0.469049 0.209269 -0.177697 -0.306244 0.138322 0.339204 0.277365 0.306143 0.141276 0.026810 0.292984 0.079239 -0.449476 0.360653 -0.314834 -0.238035 -0.372276
9 0.050689 -0.437562 0.125841 -0.108780 -0.275695 0.075015 0.332456 0.394570 0.313771 0.092496 0.056593 0.298552 0.060410 -0.530382 0.313502 -0.397990 -0.142012 -0.303831
