18 18
8 -0.241205 -0.677207 0.401985 -0.246269 -0.196730 0.056013 0.203428 -0.113878 -0.073061 0.266057 -0.267812 0.110157 -0.371143 -0.100408 0.543468 -0.497188 -0.029453 -0.294602
13 -0.221017 -0.650334 0.381448 -0.274083 -0.177310 0.048870 0.222225 -0.151753 -0.054002 0.250662 -0.269382 0.093366 -0.341234 -0.123835 0.519198 -0.485093 -0.074248 -0.313346
3 -0.306940 -0.779469 0.482830 -0.315687 -0.212203 0.069905 0.254665 -0.172679 -0.147570 0.284607 -0.303824 0.096109 -0.444036 -0.153922 0.593749 -0.587960 -0.040540 -0.341391
14 -0.317071 -0.813106 0.501511 -0.332164 -0.206969 0.072413 0.209604 -0.170628 -0.152960 0.316741 -0.332815 0.116634 -0.427243 -0.124574 0.602177 -0.557117 -0.035176 -0.313232
5 -0.196352 -0.670475 0.303367 -0.249161 -0.207649 0.005541 0.285193 -0.202081 -0.044048 0.269802 -0.337475 0.085365 -0.378398 -0.094789 0.537991 -0.519749 -0.092637 -0.330027
11 -0.283906 -0.666518 0.411041 -0.248465 -0.140041 0.048075 0.147947 -0.069335 -0.032595 0.192794 -0.202845 0.154561 -0.370621 -0.084514 0.543270 -0.498147 -0.045529 -0.303874
9 -0.274249 -0.730859 0.395799 -0.297110 -0.222095 0.049020 0.220979 -0.149429 -0.087044 0.284828 -0.301418 0.124449 -0.383292 -0.135602 0.559972 -0.532365 -0.079120 -0.288020
1 -0.243821 -0.646466 0.366415 -0.253570 -0.172443 0.005521 0.215931 -0.113606 -0.026113 0.239751 -0.290475 0.090158 -0.326973 -0.106545 0.480425 -0.482664 -0.040466 -0.313790
10 -0.693514 -0.673106 0.774027 -0.365625 0.672594 0.674386 -0.136828 0.770377 0.947057 -0.862233 1.414347 1.514094 -0.622255 -0.091340 0.882331 -0.652927 0.299954 -1.137114
4 -0.707943 -0.613119 0.793389 -0.353079 0.716269 0.644573 -0.198586 0.841264 0.957633 -0.904885 1.488616 1.543839 -0.578275 -0.127320 0.879954 -0.678903 0.308011 -1.199445
2 -0.289400 -0.791459 0.475585 -0.323175 -0.203811 0.080033 0.220516 -0.130237 -0.154156 0.275852 -0.278148 0.145902 -0.397621 -0.141750 0.586112 -0.576673 -0.056960 -0.301968
17 -0.248474 -0.653072 0.376150 -0.228655 -0.195047 0.027028 0.213274 -0.094448 -0.016306 0.243215 -0.215454 0.157149 -0.337007 -0.080442 0.500503 -0.457104 -0.051063 -0.341512
15 -0.316004 -0.798143 0.490142 -0.341088 -0.205741 0.102457 0.250743 -0.209137 -0.173830 0.289421 -0.323746 0.066872 -0.406444 -0.125701 0.599624 -0.582102 -0.075216 -0.319245
0 -0.311959 -0.844534 0.490427 -0.362632 -0.262010 0.094853 0.230378 -0.186466 -0.166706 0.317582 -0.298805 0.113782 -0.425582 -0.140447 0.661861 -0.609852 -0.049265 -0.334512
7 -0.170485 -0.703369 0.314759 -0.280401 -0.282171 0.033557 0.327938 -0.197971 -0.023480 0.303825 -0.423617 0.084250 -0.397571 -0.142119 0.624053 -0.571830 -0.100664 -0.381067
16 -0.198320 -0.672402 0.341200 -0.260054 -0.256338 0.016083 0.308750 -0.191751 -0.052872 0.306045 -0.402721 0.093752 -0.399207 -0.088324 0.598041 -0.557422 -0.115033 -0.380840
6 -0.289276 -0.788509 0.464045 -0.289381 -0.205112 0.086603 0.253431 -0.136087 -0.104452 0.275062 -0.276376 0.130778 -0.429564 -0.139101 0.634539 -0.581752 -0.065801 -0.372986
12 -0.290876 -0.686816 0.404189 -0.280837 -0.169367 0.053020 0.159751 -0.114953 -0.055417 0.228482 -0.171463 0.184748 -0.361709 -0.089643 0.524150 -0.462214 -0.062789 -0.306555
