18 18
4 -0.323949 -0.287732 0.153729 -0.246115 -0.199486 0.272250 0.067950 0.114209 0.301557 -0.084045 0.415734 0.379627 -0.126358 -0.161732 0.495749 -0.281762 -0.066201 -0.465436
0 -0.329709 -0.324291 0.164513 -0.293646 -0.247285 0.291349 0.075929 0.081175 0.276506 -0.059227 0.424496 0.375071 -0.122784 -0.154954 0.507390 -0.291733 -0.034369 -0.456519
9 -0.367841 -0.317157 0.130818 -0.326339 -0.220019 0.290446 0.068347 0.074943 0.347093 -0.062532 0.402641 0.412274 -0.136532 -0.230683 0.490774 -0.275882 -0.143587 -0.420703
14 -0.388465 -0.362650 0.232269 -0.325532 -0.199399 0.292541 0.104613 0.106587 0.274839 -0.082003 0.378788 0.415346 -0.160642 -0.222080 0.502021 -0.348176 -0.061923 -0.520705
10 -0.307208 -0.292083 0.137413 -0.252158 -0.173686 0.273675 0.098242 0.075606 0.287809 -0.086188 0.363940 0.353742 -0.146313 -0.154157 0.428221 -0.243719 -0.075859 -0.397973
11 -0.383136 -0.337484 0.209002 -0.274265 -0.171246 0.251138 0.087799 0.127032 0.278235 -0.115591 0.358349 0.348393 -0.154427 -0.201770 0.467593 -0.343782 -0.072576 -0.470034
17 -0.350377 -0.324766 0.191782 -0.252604 -0.236520 0.257622 0.121004 0.129404 0.300326 -0.062035 0.397761 0.399965 -0.131368 -0.175660 0.457610 -0.298433 -0.045785 -0.488859
3 -0.437124 -0.345384 0.286877 -0.329196 -0.173360 0.251002 0.140378 0.149799 0.197835 -0.138334 0.384621 0.343804 -0.156754 -0.312973 0.417668 -0.433409 -0.012413 -0.538200
2 -0.361667 -0.334760 0.227500 -0.310991 -0.178201 0.253039 0.124157 0.153091 0.211844 -0.127477 0.353431 0.365913 -0.114136 -0.262013 0.426820 -0.395774 -0.063316 -0.477610
1 -0.397986 -0.356054 0.236447 -0.319932 -0.180326 0.240128 0.100478 0.141287 0.278833 -0.103887 0.367027 0.365786 -0.113005 -0.231914 0.441076 -0.366475 -0.037295 -0.500260
15 -0.408775 -0.354829 0.242406 -0.328824 -0.163996 0.289169 0.137552 0.099333 0.256603 -0.129024 0.374569 0.365827 -0.140811 -0.234833 0.453342 -0.379613 -0.088659 -0.509126
5 -0.359828 -0.369037 0.164577 -0.277853 -0.191862 0.285656 0.138689 0.100408 0.338155 -0.113141 0.439801 0.424013 -0.180308 -0.195179 0.533004 -0.361371 -0.077200 -0.532958
12 -0.361838 -0.323233 0.175516 -0.292606 -0.205527 0.242601 0.076740 0.068635 0.246185 -0.057740 0.380932 0.380159 -0.139301 -0.191371 0.450837 -0.283070 -0.110565 -0.438419
6 -0.336451 -0.338574 0.179383 -0.246204 -0.206151 0.299890 0.124995 0.119150 0.302093 -0.083077 0.403903 0.371554 -0.166796 -0.208255 0.520618 -0.314655 -0.081692 -0.498737
16 -0.333945 -0.303618 0.162679 -0.262813 -0.223217 0.268992 0.112900 0.091752 0.295206 -0.066939 0.368193 0.392407 -0.156480 -0.155356 0.505180 -0.308247 -0.094652 -0.486148
7 -0.322455 -0.325284 0.147039 -0.277227 -0.234791 0.298784 0.102110 0.111412 0.325500 -0.084959 0.386649 0.390512 -0.141182 -0.204739 0.515418 -0.300660 -0.059314 -0.475755
13 -0.347254 -0.325663 0.176587 -0.336059 -0.226642 0.282806 0.088354 0.059206 0.316526 -0.052193 0.391116 0.374332 -0.124712 -0.231729 0.511065 -0.297457 -0.141839 -0.477588
8 -0.339932 -0.355451 0.189244 -0.262173 -0.235928 0.299632 0.128672 0.118139 0.298184 -0.066306 0.403496 0.398263 -0.175495 -0.188239 0.530948 -0.341070 -0.040131 -0.480073
