18 18
12 -0.262889 -0.384237 0.220540 -0.204083 0.082541 -0.179044 0.092431 0.081691 0.284900 0.010906 0.288343 0.321251 -0.053495 -0.345979 0.256242 -0.388637 -0.356684 -0.478012
3 -0.288269 -0.385135 0.243446 -0.180530 0.133863 -0.165740 0.123522 0.130430 0.303511 -0.056448 0.275612 0.277890 -0.092899 -0.391199 0.259678 -0.459756 -0.300719 -0.496563
13 -0.236970 -0.390632 0.242300 -0.214181 0.109790 -0.187093 0.115893 0.109994 0.346091 -0.003631 0.250380 0.286118 -0.040906 -0.402744 0.290383 -0.446708 -0.364103 -0.514148
11 -0.279065 -0.409532 0.234126 -0.192221 0.135825 -0.165490 0.073939 0.143264 0.333518 -0.057635 0.243638 0.294638 -0.080176 -0.355476 0.304085 -0.462846 -0.331959 -0.462975
2 -0.230000 -0.379550 0.180250 -0.194288 0.121575 -0.128745 0.123352 0.161618 0.308332 -0.079613 0.247821 0.301088 -0.046608 -0.402332 0.237097 -0.454347 -0.297917 -0.402896
7 -0.216179 -0.372527 0.185191 -0.199222 0.082913 -0.139784 0.108988 0.133794 0.348701 -0.036023 0.224218 0.293971 -0.042837 -0.383791 0.271638 -0.410194 -0.302648 -0.447242
5 -0.257281 -0.433821 0.171093 -0.192419 0.151657 -0.193643 0.144268 0.116270 0.390412 -0.071845 0.324956 0.358987 -0.075926 -0.383707 0.297368 -0.484995 -0.363440 -0.523322
0 -0.288288 -0.428756 0.219059 -0.218987 0.121305 -0.137954 0.117874 0.155511 0.338248 -0.081140 0.332243 0.329113 -0.069002 -0.415751 0.293170 -0.495376 -0.298541 -0.490381
4 -0.243308 -0.352562 0.212384 -0.165452 0.143678 -0.195887 0.082035 0.158884 0.338569 -0.051774 0.293659 0.306617 -0.032282 -0.371000 0.266515 -0.434990 -0.327532 -0.502963
1 -0.276224 -0.412250 0.216674 -0.200627 0.140994 -0.181124 0.116026 0.167063 0.366016 -0.067201 0.270550 0.305013 -0.042964 -0.400921 0.249645 -0.464043 -0.295782 -0.479209
9 -0.259076 -0.384739 0.184458 -0.204965 0.115316 -0.149624 0.104211 0.148559 0.357235 -0.048773 0.260550 0.321710 -0.052254 -0.405941 0.252263 -0.442926 -0.324811 -0.430564
8 -0.244197 -0.408231 0.238397 -0.189059 0.091336 -0.166819 0.117714 0.124553 0.329105 0.000865 0.247897 0.302611 -0.064407 -0.364256 0.291335 -0.440930 -0.323169 -0.486412
15 -0.279409 -0.404585 0.231671 -0.213660 0.109449 -0.137193 0.124263 0.098148 0.331279 -0.039127 0.259486 0.290136 -0.050751 -0.345618 0.269573 -0.422461 -0.333288 -0.481651
10 -0.284839 -0.433234 0.210242 -0.196625 0.146900 -0.146880 0.142265 0.151365 0.393071 -0.081073 0.329051 0.365618 -0.088788 -0.384840 0.278397 -0.462040 -0.337805 -0.500230
6 -0.249919 -0.400055 0.201067 -0.152359 0.140122 -0.161161 0.131255 0.161313 0.341573 -0.059017 0.311409 0.323463 -0.073486 -0.388480 0.282410 -0.448982 -0.336419 -0.497271
16 -0.258283 -0.382359 0.218569 -0.186041 0.116713 -0.178860 0.128828 0.120435 0.343942 -0.033011 0.264686 0.326597 -0.071966 -0.353464 0.303098 -0.464775 -0.369984 -0.526637
17 -0.240811 -0.376575 0.201625 -0.157166 0.079084 -0.188003 0.124736 0.139492 0.347750 -0.009800 0.273224 0.331182 -0.038922 -0.332787 0.238043 -0.388162 -0.313621 -0.486811
14 -0.264202 -0.402998 0.255509 -0.215031 0.120497 -0.156651 0.091395 0.111523 0.304219 -0.006857 0.230830 0.308643 -0.067612 -0.368808 0.272345 -0.418608 -0.310062 -0.478667
