18 18
0 -0.259781 -0.606270 0.277728 -0.372942 -0.200265 0.295176 0.277646 0.107307 0.342685 0.041913 0.103901 0.329183 -0.076997 -0.222676 0.375298 -0.374346 0.091828 -0.333922
7 -0.190327 -0.605852 0.193818 -0.383538 -0.223074 0.314827 0.254639 0.088651 0.466950 0.037364 0.076823 0.344900 -0.074975 -0.253945 0.408115 -0.297994 0.076535 -0.292367
1 -0.262724 -0.581383 0.290511 -0.329801 -0.151539 0.226199 0.257548 0.133446 0.339245 0.046876 0.051464 0.297390 -0.060536 -0.211909 0.313465 -0.347471 0.086554 -0.320000
8 -0.238019 -0.606912 0.285298 -0.338795 -0.189316 0.284946 0.294194 0.116436 0.340359 0.061463 0.057121 0.314359 -0.094741 -0.230171 0.363869 -0.376114 0.091858 -0.310848
2 -0.245005 -0.625090 0.285311 -0.368871 -0.189491 0.304262 0.313913 0.133857 0.325232 0.033727 0.073678 0.351113 -0.075688 -0.258113 0.351694 -0.402435 0.072493 -0.305851
4 -0.247877 -0.553822 0.269053 -0.328546 -0.167692 0.246993 0.249182 0.141222 0.361259 0.037787 0.102869 0.332268 -0.059648 -0.231500 0.344455 -0.349850 0.070861 -0.342946
5 -0.213560 -0.591914 0.200310 -0.345104 -0.160951 0.260203 0.278740 0.074105 0.401548 0.020264 0.096912 0.339082 -0.097135 -0.218744 0.366085 -0.347041 0.055754 -0.311406
3 -0.271185 -0.580598 0.287366 -0.347553 -0.175775 0.283508 0.290656 0.100209 0.322436 0.033337 0.092498 0.305184 -0.108435 -0.248316 0.336875 -0.365499 0.095230 -0.322053
15 -0.279164 -0.584847 0.299248 -0.346108 -0.153755 0.295269 0.297460 0.085317 0.302779 0.027229 0.084523 0.305711 -0.083729 -0.198963 0.330596 -0.369964 0.059154 -0.319580
14 -0.243241 -0.566969 0.284359 -0.329655 -0.146573 0.271802 0.261885 0.093734 0.292276 0.049254 0.046319 0.311154 -0.094000 -0.200168 0.319147 -0.330594 0.091999 -0.298015
10 -0.236529 -0.640961 0.230573 -0.385911 -0.200607 0.345427 0.289862 0.088254 0.453287 0.022579 0.117325 0.375054 -0.107348 -0.219108 0.386225 -0.312013 0.087957 -0.287203
9 -0.277586 -0.592649 0.263865 -0.354338 -0.178577 0.279673 0.281001 0.136678 0.361350 0.040404 0.082485 0.349921 -0.080743 -0.254794 0.333689 -0.372081 0.069730 -0.302312
6 -0.264183 -0.610860 0.306179 -0.314006 -0.172807 0.268920 0.317158 0.150893 0.329918 0.056025 0.078399 0.325341 -0.095260 -0.244137 0.366931 -0.392524 0.068339 -0.378013
16 -0.262344 -0.587681 0.288841 -0.347407 -0.190888 0.263857 0.298199 0.112741 0.343093 0.060187 0.060352 0.341408 -0.093322 -0.207670 0.369777 -0.374901 0.044733 -0.358172
12 -0.257149 -0.605116 0.233198 -0.376392 -0.210421 0.274409 0.230330 0.078667 0.380090 0.058228 0.117540 0.363114 -0.082800 -0.214304 0.363553 -0.294594 0.047561 -0.281024
13 -0.192578 -0.583412 0.217461 -0.396297 -0.214139 0.275145 0.237869 0.057847 0.439662 0.072126 0.071098 0.319616 -0.063261 -0.250056 0.389775 -0.291942 0.040298 -0.289720
17 -0.256454 -0.615923 0.280742 -0.337452 -0.213425 0.266930 0.300730 0.120207 0.388145 0.070301 0.089710 0.359572 -0.076225 -0.210571 0.347335 -0.335418 0.077779 -0.347453
11 -0.268112 -0.623327 0.270941 -0.348661 -0.178213 0.276039 0.257830 0.129913 0.397171 0.025091 0.079317 0.346173 -0.102230 -0.211863 0.394520 -0.366926 0.065580 -0.324501
