18 18
7 -0.163010 -0.408769 -0.116083 -0.378034 -0.160093 0.110879 0.054505 -0.067706 0.432906 -0.106889 0.237277 0.476042 -0.131818 -0.128047 0.523227 -0.296880 -0.250613 -0.304885
11 -0.196772 -0.430664 -0.095966 -0.379979 -0.120704 0.082929 0.005096 -0.047786 0.446792 -0.127994 0.239420 0.496054 -0.129917 -0.080598 0.528689 -0.306654 -0.279774 -0.288790
0 -0.197791 -0.456739 -0.106998 -0.411106 -0.163693 0.100477 0.041935 -0.085819 0.427932 -0.101918 0.291348 0.502176 -0.133041 -0.106872 0.552510 -0.332530 -0.267175 -0.320941
9 -0.191026 -0.394474 -0.114986 -0.351535 -0.129983 0.091383 0.054392 -0.058249 0.415945 -0.103358 0.249059 0.473058 -0.141270 -0.129441 0.481575 -0.303280 -0.260005 -0.281859
1 -0.204758 -0.435912 -0.073108 -0.389889 -0.129026 0.063741 0.052284 -0.055276 0.437991 -0.100768 0.244042 0.473268 -0.124201 -0.117916 0.503167 -0.328924 -0.247545 -0.330550
4 -0.176088 -0.413067 -0.125271 -0.408323 -0.115132 0.052850 -0.009784 -0.045398 0.465500 -0.130434 0.292840 0.551994 -0.093123 -0.118935 0.539728 -0.324101 -0.313247 -0.338613
16 -0.188064 -0.384549 -0.077537 -0.351089 -0.150483 0.090386 0.079488 -0.080106 0.387244 -0.089308 0.229760 0.457309 -0.155154 -0.083928 0.517050 -0.321822 -0.263200 -0.332163
5 -0.181747 -0.432024 -0.126073 -0.349857 -0.116246 0.075819 0.102867 -0.101404 0.432108 -0.120231 0.292676 0.490498 -0.176686 -0.101922 0.521714 -0.340737 -0.267527 -0.349244
3 -0.212469 -0.376979 -0.036462 -0.325228 -0.136460 0.106187 0.109485 -0.067342 0.346539 -0.102398 0.252068 0.400033 -0.197511 -0.138497 0.482595 -0.338332 -0.185873 -0.339630
12 -0.209291 -0.436609 -0.103963 -0.383356 -0.153257 0.079026 0.040862 -0.102612 0.403229 -0.085845 0.291940 0.500373 -0.145096 -0.093447 0.508305 -0.287812 -0.287484 -0.298853
6 -0.166842 -0.408297 -0.095078 -0.320081 -0.129646 0.094481 0.080683 -0.053162 0.396116 -0.100041 0.269283 0.463438 -0.155192 -0.117616 0.519877 -0.313592 -0.268524 -0.332401
10 -0.170607 -0.383997 -0.098042 -0.339776 -0.129370 0.124105 0.078282 -0.068453 0.416925 -0.117788 0.259321 0.457358 -0.160167 -0.083155 0.479449 -0.274816 -0.223998 -0.283206
8 -0.199504 -0.431347 -0.033916 -0.317481 -0.183687 0.133093 0.143252 -0.063890 0.371904 -0.064380 0.228961 0.399108 -0.215590 -0.132628 0.539503 -0.364943 -0.167902 -0.343074
14 -0.172536 -0.411121 -0.077335 -0.398723 -0.108621 0.087509 -0.007166 -0.070002 0.393848 -0.087591 0.201681 0.497879 -0.112245 -0.093258 0.491061 -0.264243 -0.266811 -0.273300
13 -0.148586 -0.412940 -0.108591 -0.409233 -0.130219 0.060062 0.014549 -0.080747 0.441103 -0.090250 0.240192 0.492245 -0.091292 -0.123948 0.520274 -0.300482 -0.316634 -0.304686
15 -0.188498 -0.397607 -0.075793 -0.369840 -0.115399 0.109272 0.042894 -0.086791 0.394173 -0.107374 0.239106 0.441224 -0.110883 -0.084065 0.478517 -0.279777 -0.265366 -0.285840
2 -0.153929 -0.420458 -0.103740 -0.395197 -0.141006 0.085882 0.028074 -0.049592 0.387097 -0.105116 0.235751 0.507284 -0.093236 -0.107777 0.500632 -0.311152 -0.297276 -0.269315
17 -0.002915 -0.006397 0.005624 0.018021 -0.026928 -0.018564 0.015689 0.014203 0.025956 0.022864 0.010492 0.027524 0.013101 0.016295 -0.014503 0.021066 0.000664 -0.026546
