18 18
9 -0.393029 -0.443238 0.058384 -0.258859 0.214796 -0.076017 0.010656 0.008079 0.500933 -0.131802 0.199393 0.401345 -0.144986 -0.148525 0.264902 -0.365747 -0.311524 -0.254718
8 -0.396124 -0.489394 0.099249 -0.270638 0.198538 -0.058698 0.026246 -0.000884 0.491097 -0.117193 0.197488 0.401866 -0.175003 -0.125715 0.312453 -0.386413 -0.288853 -0.284468
7 -0.370729 -0.456141 0.055304 -0.279407 0.191572 -0.055858 0.022237 -0.000106 0.514160 -0.138218 0.193238 0.403777 -0.148314 -0.155693 0.307683 -0.365497 -0.304552 -0.290931
5 -0.366546 -0.446987 0.050335 -0.250624 0.237903 -0.086957 0.033180 -0.020312 0.488259 -0.155964 0.202060 0.383928 -0.166545 -0.116930 0.287494 -0.383780 -0.304318 -0.293763
4 -0.401446 -0.432460 0.091863 -0.256119 0.245239 -0.090028 -0.010285 0.034154 0.501945 -0.170510 0.238735 0.405379 -0.143352 -0.139928 0.311331 -0.417413 -0.312098 -0.335949
6 -0.391739 -0.444697 0.108077 -0.230648 0.237735 -0.069719 0.017870 0.027760 0.463455 -0.148875 0.202524 0.370509 -0.170797 -0.137146 0.315638 -0.398991 -0.310378 -0.322660
1 -0.411328 -0.457535 0.114230 -0.284632 0.208873 -0.091578 0.001955 0.022954 0.495058 -0.132408 0.182293 0.378766 -0.127031 -0.139674 0.278105 -0.387649 -0.279216 -0.302466
11 -0.439083 -0.476490 0.115833 -0.268828 0.244175 -0.084486 -0.019643 0.032875 0.515133 -0.176484 0.208228 0.412696 -0.178650 -0.121805 0.343931 -0.439649 -0.323552 -0.324161
3 -0.434000 -0.454153 0.126725 -0.274322 0.231579 -0.073927 0.023389 0.003728 0.460731 -0.155155 0.209453 0.371976 -0.187363 -0.161524 0.292882 -0.417498 -0.281681 -0.325011
13 -0.387494 -0.458421 0.098005 -0.299597 0.210554 -0.080715 0.018549 -0.019142 0.503027 -0.120460 0.182427 0.381115 -0.144103 -0.161422 0.307857 -0.391855 -0.335702 -0.305041
12 -0.427617 -0.494690 0.082833 -0.300843 0.199060 -0.076970 0.000530 -0.035890 0.479478 -0.112205 0.231899 0.432020 -0.166714 -0.120066 0.294421 -0.352665 -0.341070 -0.274181
14 -0.430629 -0.475825 0.135763 -0.299842 0.247237 -0.062734 -0.013745 -0.001555 0.478897 -0.140051 0.176944 0.415102 -0.178856 -0.138995 0.316349 -0.406024 -0.299427 -0.314032
10 -0.369563 -0.445475 0.057681 -0.255587 0.222633 -0.037974 0.036190 -0.015159 0.493780 -0.152019 0.208677 0.402205 -0.176778 -0.097724 0.273926 -0.337907 -0.294408 -0.258819
17 -0.386192 -0.450305 0.090113 -0.250077 0.177895 -0.086217 0.024401 0.009020 0.498971 -0.107064 0.206857 0.414609 -0.138630 -0.112751 0.277292 -0.348484 -0.295994 -0.310180
15 -0.408535 -0.441802 0.114029 -0.275519 0.214379 -0.040179 0.022392 -0.019161 0.445751 -0.144745 0.198983 0.357409 -0.148763 -0.113848 0.294068 -0.381517 -0.303778 -0.296001
16 -0.404559 -0.425366 0.114077 -0.260991 0.225553 -0.071028 0.022643 0.005358 0.472032 -0.152722 0.177876 0.387702 -0.176937 -0.109893 0.333675 -0.428216 -0.329773 -0.341492
0 -0.408235 -0.472382 0.097813 -0.304891 0.190192 -0.052624 -0.004512 -0.002170 0.495323 -0.139459 0.231680 0.409691 -0.149327 -0.135790 0.336834 -0.407172 -0.294603 -0.314496
2 0.021368 -0.003688 -0.004957 -0.007525 -0.007603 0.001755 0.011077 0.016235 -0.024745 -0.003279 -0.008624 0.014563 0.014594 -0.017313 -0.004715 -0.020484 -0.014205 0.014938
