18 18
7 -0.249081 -0.248352 0.342458 -0.362257 -0.410474 0.247580 0.371600 -0.049184 -0.011622 0.041260 0.133861 0.338291 -0.262556 -0.170665 0.442005 -0.362239 0.002564 -0.650984
16 -0.206143 -0.219945 0.320617 -0.298089 -0.313670 0.227783 0.385036 0.000092 -0.021278 -0.015480 0.113122 0.350970 -0.253608 -0.107041 0.420582 -0.390459 -0.110693 -0.583467
4 -0.203764 -0.230995 0.345522 -0.298069 -0.287646 0.237332 0.398210 0.089887 -0.006911 -0.077648 0.165589 0.425709 -0.249614 -0.142766 0.447937 -0.446343 -0.147705 -0.623906
0 -0.290068 -0.272797 0.376000 -0.378168 -0.369277 0.253880 0.348540 -0.055823 -0.064623 0.022175 0.161261 0.319661 -0.271459 -0.137935 0.443992 -0.391883 0.010193 -0.628407
6 -0.190545 -0.268519 0.340416 -0.279260 -0.268784 0.264952 0.423227 0.092574 -0.011990 -0.086019 0.143273 0.410016 -0.274864 -0.138299 0.468785 -0.447777 -0.180145 -0.592353
10 -0.144375 -0.250360 0.289252 -0.253616 -0.209561 0.276220 0.433267 0.128471 0.030381 -0.154512 0.134381 0.440589 -0.271849 -0.099776 0.437860 -0.444038 -0.221018 -0.507361
8 -0.184994 -0.265703 0.331558 -0.290818 -0.325182 0.240297 0.404238 0.047668 0.000270 -0.020036 0.116687 0.374663 -0.264251 -0.133027 0.449482 -0.424254 -0.116057 -0.575184
15 -0.204492 -0.257895 0.337618 -0.323835 -0.296421 0.274955 0.416395 0.025916 -0.001639 -0.065679 0.149890 0.395103 -0.232984 -0.125678 0.448779 -0.425887 -0.180263 -0.587989
2 -0.115487 -0.254428 0.289268 -0.266400 -0.221642 0.270639 0.436258 0.156958 -0.018430 -0.157660 0.122607 0.460540 -0.237211 -0.132313 0.456373 -0.493811 -0.269569 -0.497804
3 -0.269889 -0.243994 0.376379 -0.316742 -0.295330 0.226288 0.377271 -0.008782 -0.064355 -0.023046 0.131167 0.301162 -0.285374 -0.160691 0.395324 -0.406314 -0.033220 -0.600249
13 -0.145882 -0.250304 0.326121 -0.309846 -0.269599 0.259497 0.429495 0.073317 0.001035 -0.085441 0.109923 0.399925 -0.243150 -0.151815 0.468341 -0.462295 -0.223056 -0.561379
14 -0.245495 -0.264774 0.364904 -0.335487 -0.289160 0.246955 0.349893 -0.004801 -0.053329 -0.009844 0.109355 0.361755 -0.269522 -0.124000 0.417658 -0.378346 -0.062882 -0.572276
1 -0.227797 -0.270570 0.349520 -0.303005 -0.245231 0.209643 0.368513 0.076816 0.004363 -0.068660 0.103547 0.364557 -0.243264 -0.130640 0.409446 -0.427728 -0.118141 -0.556616
17 -0.227162 -0.246397 0.350073 -0.301571 -0.369275 0.210298 0.398525 0.022704 0.016968 0.021142 0.146137 0.388948 -0.240425 -0.130391 0.412013 -0.367005 -0.072663 -0.647524
12 -0.234331 -0.255698 0.327083 -0.321037 -0.309351 0.222520 0.353090 -0.003959 -0.036048 -0.016559 0.157207 0.388774 -0.249794 -0.109779 0.411499 -0.367871 -0.130607 -0.557925
11 -0.183707 -0.251977 0.309376 -0.258158 -0.218081 0.234985 0.368658 0.114584 0.011586 -0.128808 0.116025 0.396246 -0.259290 -0.100620 0.455831 -0.454724 -0.195593 -0.521070
5 0.004065 -0.024114 -0.027650 -0.000619 0.020703 -0.008521 0.024223 -0.023969 0.025914 -0.018771 0.021210 0.020548 -0.020024 0.006829 0.014933 -0.023795 -0.013973 -0.021943
9 -0.008402 0.003844 -0.023332 -0.006576 0.000593 0.000225 -0.003692 0.013429 0.026437 -0.004111 0.005667 0.021814 0.003016 -0.025362 -0.007905 -0.006482 -0.012628 0.018993
