18 18
3 -0.364691 -0.452689 0.396094 -0.259234 -0.142164 0.199312 0.341666 0.144219 0.152942 -0.058430 0.064709 0.435930 -0.147437 -0.038479 0.222510 -0.373185 -0.023355 -0.420890
0 -0.385910 -0.526577 0.406625 -0.317109 -0.184903 0.242465 0.326986 0.156949 0.186367 -0.052712 0.086886 0.485451 -0.132756 -0.035249 0.279160 -0.391779 -0.014359 -0.422260
10 -0.359393 -0.498871 0.372134 -0.275060 -0.148432 0.236666 0.333541 0.151337 0.204631 -0.065987 0.076918 0.469678 -0.142931 -0.010421 0.231897 -0.339351 -0.027948 -0.375893
17 -0.348774 -0.487167 0.355307 -0.233073 -0.179559 0.176646 0.339097 0.204505 0.249941 -0.040733 0.088095 0.515299 -0.110235 -0.020609 0.200544 -0.331151 -0.009750 -0.418390
1 -0.398332 -0.532990 0.422862 -0.315830 -0.151756 0.200157 0.321083 0.173126 0.212527 -0.050489 0.046108 0.469866 -0.116734 -0.044067 0.246925 -0.389011 -0.029289 -0.424060
11 -0.376472 -0.508525 0.394153 -0.278914 -0.148178 0.188947 0.276962 0.156266 0.190651 -0.055861 0.050715 0.455389 -0.135946 0.010362 0.273874 -0.361406 -0.074937 -0.386117
15 -0.377026 -0.455281 0.418206 -0.310412 -0.127880 0.236247 0.336595 0.044748 0.130662 -0.048906 0.030828 0.401869 -0.126742 0.038217 0.271989 -0.369142 -0.120694 -0.438352
4 -0.368298 -0.484681 0.398824 -0.272131 -0.155119 0.202062 0.319774 0.202264 0.200073 -0.066011 0.095568 0.504488 -0.118431 -0.039613 0.246942 -0.393353 -0.020867 -0.436479
8 -0.346713 -0.509235 0.391329 -0.261411 -0.180794 0.215450 0.342642 0.175257 0.190832 -0.030499 0.059347 0.472504 -0.144579 -0.036172 0.255790 -0.383130 -0.006475 -0.403055
2 -0.355069 -0.489365 0.407102 -0.307275 -0.157730 0.229270 0.357513 0.137205 0.144683 -0.056677 0.034270 0.475926 -0.120132 -0.024684 0.260055 -0.406617 -0.082433 -0.428685
12 -0.398071 -0.552017 0.403173 -0.338201 -0.199890 0.195346 0.277688 0.102606 0.178877 -0.007681 0.090041 0.506900 -0.121148 0.009347 0.270160 -0.315071 -0.127050 -0.383043
14 -0.361586 -0.487171 0.402358 -0.291744 -0.137411 0.213628 0.295978 0.131701 0.164383 -0.032117 0.029983 0.457710 -0.134357 -0.018123 0.241606 -0.339723 -0.029951 -0.398283
9 -0.356108 -0.478713 0.344631 -0.287705 -0.159996 0.202678 0.298272 0.151775 0.211922 -0.047095 0.069023 0.477764 -0.117670 -0.045662 0.235291 -0.348539 -0.063673 -0.368498
7 -0.333450 -0.494224 0.366772 -0.305051 -0.185519 0.225802 0.313611 0.147248 0.214481 -0.048389 0.045992 0.466919 -0.117773 -0.054029 0.279049 -0.355545 -0.057579 -0.405153
13 -0.349127 -0.516216 0.407435 -0.345413 -0.182594 0.200720 0.284773 0.086930 0.182817 -0.005371 0.040877 0.436201 -0.104155 -0.023827 0.281813 -0.331686 -0.130773 -0.388347
16 -0.370780 -0.459612 0.429765 -0.295356 -0.153274 0.220330 0.367914 0.096414 0.140499 -0.042365 0.015337 0.452976 -0.148093 0.034998 0.292315 -0.405919 -0.114440 -0.469224
6 -0.351521 -0.491261 0.390342 -0.251188 -0.152774 0.220934 0.340297 0.176792 0.185350 -0.049614 0.075308 0.466979 -0.136571 -0.037947 0.260257 -0.363196 -0.046183 -0.423263
5 -0.355675 -0.498150 0.366721 -0.288841 -0.127359 0.205524 0.346653 0.104786 0.193759 -0.067929 0.070505 0.459209 -0.146890 -0.005649 0.265600 -0.391129 -0.068433 -0.428293
