18 18
3 -0.302081 -0.498138 0.271563 -0.255002 0.005752 0.168520 0.251098 0.097800 0.180515 -0.203694 0.278613 0.288511 -0.300489 -0.282183 0.360160 -0.490307 0.030050 -0.411051
5 -0.231077 -0.484917 0.189547 -0.224725 0.013832 0.141527 0.238419 0.104093 0.207710 -0.206632 0.267956 0.300922 -0.270654 -0.255487 0.379107 -0.488368 0.017191 -0.397335
12 -0.373213 -0.513188 0.301880 -0.299940 -0.002938 0.173914 0.250399 -0.036710 0.192000 -0.145279 0.319764 0.368647 -0.306314 -0.142175 0.336968 -0.365482 -0.151680 -0.386095
14 -0.320366 -0.491364 0.288102 -0.290276 0.020434 0.181570 0.215809 0.022455 0.178787 -0.160797 0.249152 0.315899 -0.282692 -0.205190 0.345033 -0.404857 -0.046464 -0.369513
13 -0.289040 -0.480633 0.278510 -0.281455 0.004410 0.171892 0.256746 0.021030 0.208427 -0.163660 0.258876 0.299779 -0.278108 -0.226692 0.365159 -0.428800 -0.093352 -0.396234
10 -0.286672 -0.510343 0.248403 -0.274033 0.012400 0.198869 0.253403 0.091921 0.231237 -0.219111 0.284191 0.342018 -0.289489 -0.228440 0.361423 -0.446669 -0.000667 -0.379833
4 -0.271118 -0.465432 0.245495 -0.244265 0.020861 0.150762 0.204176 0.120206 0.200516 -0.207025 0.293519 0.312307 -0.249135 -0.257496 0.363353 -0.463028 0.004108 -0.402077
11 -0.295466 -0.495104 0.251129 -0.238772 0.007111 0.156960 0.215912 0.104849 0.215291 -0.208022 0.254629 0.303653 -0.281883 -0.211033 0.386869 -0.467470 -0.025880 -0.384330
15 -0.346860 -0.496915 0.299294 -0.286300 0.010014 0.201550 0.273818 -0.014975 0.199573 -0.176966 0.289161 0.311398 -0.290372 -0.165461 0.354923 -0.411059 -0.112595 -0.402093
8 -0.254231 -0.496193 0.248735 -0.244089 -0.016887 0.168315 0.228691 0.093807 0.181785 -0.165079 0.245624 0.286824 -0.272653 -0.239486 0.372867 -0.453941 0.011278 -0.360982
6 -0.241956 -0.462508 0.231177 -0.208171 -0.001651 0.165325 0.234996 0.099853 0.180687 -0.171213 0.258898 0.279522 -0.265990 -0.239155 0.362419 -0.425530 -0.009825 -0.384725
1 -0.290740 -0.524927 0.263564 -0.281725 0.005753 0.139089 0.223291 0.129321 0.222181 -0.194396 0.239780 0.301371 -0.246715 -0.269078 0.350060 -0.482150 0.024805 -0.384167
2 -0.226257 -0.494981 0.225629 -0.267504 -0.011432 0.160494 0.226141 0.158592 0.175761 -0.209543 0.237626 0.308040 -0.233375 -0.305356 0.362776 -0.506055 0.028297 -0.359549
0 -0.244340 -0.514122 0.231616 -0.293722 -0.028601 0.180494 0.202356 0.136394 0.179252 -0.204983 0.276657 0.286769 -0.244633 -0.310442 0.391706 -0.500888 0.086016 -0.374047
17 -0.341600 -0.511119 0.294004 -0.254375 -0.025454 0.160028 0.277560 0.035806 0.243245 -0.145661 0.293406 0.368794 -0.281735 -0.154849 0.336324 -0.390382 -0.085356 -0.429636
16 -0.328784 -0.487413 0.282300 -0.252084 -0.010083 0.164862 0.274025 0.034679 0.217017 -0.164469 0.262506 0.349057 -0.301311 -0.149577 0.374519 -0.433612 -0.101899 -0.433688
7 -0.255926 -0.501290 0.227448 -0.263475 -0.024905 0.191188 0.247479 0.095872 0.220490 -0.198807 0.268473 0.310892 -0.277887 -0.283968 0.399033 -0.467058 0.010292 -0.405000
9 -0.303384 -0.487682 0.232587 -0.275527 0.005755 0.179031 0.237932 0.076089 0.230184 -0.197164 0.284316 0.337397 -0.275418 -0.251203 0.356679 -0.450990 -0.045312 -0.371171
