18 18
14 -0.252947 -0.630140 0.100849 -0.462586 -0.014112 0.195359 0.067896 -0.080293 0.426943 -0.041948 -0.001533 0.533245 -0.233668 -0.099595 0.405382 -0.226549 -0.126254 -0.164600
1 -0.223281 -0.567772 0.067808 -0.401134 0.009015 0.127121 0.096584 0.049677 0.413084 -0.097466 0.060558 0.490851 -0.201803 -0.278348 0.353695 -0.358266 -0.064933 -0.202412
2 -0.159781 -0.561003 0.008845 -0.380680 0.002120 0.145491 0.157911 0.129555 0.372713 -0.132133 0.129984 0.549370 -0.235859 -0.485335 0.364703 -0.493057 -0.047337 -0.207064
3 -0.155237 -0.453599 0.006530 -0.291016 0.032222 0.098315 0.158027 0.185299 0.312635 -0.162266 0.172664 0.446160 -0.242407 -0.567308 0.298719 -0.518955 0.039894 -0.246137
0 -0.217243 -0.583246 0.057433 -0.426200 -0.056539 0.201045 0.085344 -0.048838 0.401800 -0.058150 0.067325 0.498072 -0.210985 -0.142504 0.394047 -0.254698 -0.095769 -0.161693
12 -0.265402 -0.614248 0.059341 -0.445403 -0.057093 0.161770 0.054454 -0.126563 0.429219 -0.026959 0.046918 0.524216 -0.224771 -0.049138 0.403098 -0.193338 -0.184633 -0.129277
9 -0.152978 -0.488620 -0.046311 -0.319163 0.011112 0.113987 0.148371 0.184830 0.385862 -0.145496 0.165305 0.510605 -0.228861 -0.567602 0.316225 -0.503807 -0.008879 -0.192926
10 -0.232306 -0.624016 0.050276 -0.442616 -0.014991 0.219716 0.101954 -0.075325 0.487233 -0.090387 0.049597 0.557083 -0.252957 -0.096482 0.413952 -0.236031 -0.140687 -0.145693
11 -0.291907 -0.650234 0.100960 -0.458591 -0.037788 0.188965 0.035417 -0.134843 0.489949 -0.054758 -0.025318 0.513708 -0.228395 0.080607 0.457265 -0.171464 -0.205663 -0.139300
8 -0.175109 -0.564404 0.013943 -0.359370 -0.020590 0.153000 0.147349 0.094914 0.399321 -0.096200 0.103589 0.518865 -0.255910 -0.410802 0.372598 -0.437986 -0.031481 -0.182199
7 -0.178091 -0.559948 0.008850 -0.405014 -0.048231 0.193803 0.101372 -0.011802 0.446925 -0.088869 0.050483 0.511319 -0.219538 -0.228654 0.405335 -0.287261 -0.097338 -0.167630
5 -0.167793 -0.555321 -0.028089 -0.356948 0.018144 0.127849 0.161241 0.071739 0.416739 -0.137068 0.142057 0.526217 -0.254617 -0.410983 0.363158 -0.451935 -0.053942 -0.211943
15 -0.245352 -0.596828 0.094487 -0.437727 -0.016487 0.210403 0.104658 -0.066376 0.417755 -0.077502 0.057828 0.503392 -0.215088 -0.130810 0.401274 -0.268094 -0.135788 -0.198233
6 -0.109173 -0.447456 -0.011505 -0.241592 0.042435 0.105810 0.185357 0.294771 0.306660 -0.185691 0.244023 0.465558 -0.229705 -0.709386 0.317600 -0.596610 0.060804 -0.303166
4 -0.150153 -0.462505 0.024965 -0.303944 0.057788 0.090602 0.133063 0.274205 0.341008 -0.185756 0.226170 0.510409 -0.204560 -0.645209 0.322120 -0.579707 0.046951 -0.316513
13 -0.204682 -0.592829 0.062520 -0.432894 -0.032855 0.164201 0.117943 -0.030876 0.436343 -0.059041 0.062435 0.502688 -0.219505 -0.254806 0.408066 -0.325687 -0.127928 -0.200442
17 -0.219651 -0.568820 0.078467 -0.384930 -0.054671 0.154254 0.106516 -0.013882 0.423673 -0.034574 0.049839 0.518456 -0.192352 -0.134451 0.351422 -0.237868 -0.107265 -0.200311
16 -0.257521 -0.615824 0.097902 -0.458002 -0.052075 0.196762 0.084899 -0.118572 0.457204 -0.032600 -0.025009 0.526262 -0.227164 0.013586 0.433206 -0.197736 -0.187450 -0.176466
