18 18
1 -0.328332 -0.435015 0.387450 -0.154444 0.017456 -0.110847 0.240708 0.339688 0.165528 -0.061177 -0.041922 0.184740 -0.121034 -0.298306 0.136017 -0.603877 0.098969 -0.340054
15 -0.339669 -0.445218 0.380945 -0.161730 0.029796 -0.069869 0.261991 0.303979 0.155928 -0.084870 0.004854 0.209631 -0.151582 -0.295251 0.174766 -0.635789 0.046518 -0.357586
3 -0.325688 -0.404589 0.372897 -0.125339 0.028101 -0.102247 0.258132 0.312645 0.124885 -0.080418 0.017913 0.186235 -0.181015 -0.320705 0.149709 -0.630132 0.082821 -0.364554
9 -0.383918 -0.522427 0.380949 -0.165019 0.032231 -0.121919 0.250111 0.407687 0.226801 -0.097188 0.004971 0.288099 -0.197450 -0.349041 0.207117 -0.720900 0.035198 -0.322249
8 -0.303486 -0.464729 0.364553 -0.124722 0.003856 -0.089749 0.256114 0.338385 0.161953 -0.051333 -0.023092 0.211111 -0.167897 -0.283727 0.184456 -0.623112 0.074420 -0.303582
5 -0.348300 -0.506618 0.364657 -0.140021 0.058035 -0.123454 0.306237 0.334313 0.199546 -0.110711 0.048855 0.260564 -0.212745 -0.324383 0.204708 -0.724356 0.048270 -0.410037
17 -0.310391 -0.427625 0.361043 -0.121832 -0.010891 -0.113000 0.267572 0.336775 0.182136 -0.045602 0.003118 0.239142 -0.138522 -0.288370 0.144802 -0.598023 0.062842 -0.366366
10 -0.325326 -0.454480 0.348934 -0.136591 0.027674 -0.078363 0.230361 0.338676 0.197453 -0.089881 0.015477 0.262792 -0.188326 -0.251029 0.173537 -0.602526 0.041314 -0.279433
13 -0.369329 -0.513204 0.409572 -0.175319 0.034948 -0.132053 0.237175 0.371358 0.218969 -0.083146 0.005611 0.275732 -0.204575 -0.326716 0.231366 -0.719917 -0.004888 -0.352199
14 -0.337501 -0.482129 0.395643 -0.164200 0.035403 -0.088188 0.242215 0.343538 0.159513 -0.066120 -0.029528 0.251622 -0.187625 -0.309482 0.188964 -0.645015 0.070061 -0.328608
0 -0.319186 -0.468164 0.342292 -0.168789 -0.006075 -0.085348 0.195988 0.331784 0.170894 -0.066605 0.012101 0.250848 -0.161513 -0.266554 0.207352 -0.610436 0.049678 -0.265847
2 -0.297721 -0.451738 0.359009 -0.149389 0.009441 -0.099121 0.262294 0.364687 0.146022 -0.076657 -0.022049 0.239690 -0.141852 -0.329297 0.164189 -0.668837 0.053965 -0.316166
12 -0.398938 -0.526982 0.386719 -0.178578 0.018769 -0.130069 0.194666 0.336989 0.177516 -0.069329 0.050300 0.308128 -0.204732 -0.270985 0.212766 -0.655238 -0.012382 -0.306488
11 -0.349119 -0.454931 0.329556 -0.130914 0.047139 -0.119686 0.123471 0.344992 0.202591 -0.100310 0.007906 0.266114 -0.193963 -0.205925 0.222552 -0.593527 -0.026308 -0.224103
7 -0.309616 -0.448226 0.357672 -0.147398 0.006621 -0.081707 0.260606 0.344170 0.191925 -0.085703 -0.018392 0.226799 -0.168515 -0.322646 0.198527 -0.641778 0.068088 -0.355044
6 -0.344333 -0.486854 0.386179 -0.117260 0.046529 -0.099445 0.265310 0.363510 0.174301 -0.099293 0.040933 0.240370 -0.205180 -0.316903 0.221368 -0.684499 0.034608 -0.386600
4 -0.313817 -0.415072 0.343644 -0.119062 0.047137 -0.118004 0.202986 0.351460 0.170599 -0.098067 0.043494 0.237793 -0.154792 -0.283339 0.178829 -0.626284 0.041957 -0.332019
16 -0.299592 -0.395572 0.346618 -0.127013 0.016872 -0.091979 0.240430 0.303542 0.154028 -0.066186 -0.026636 0.222065 -0.165181 -0.239685 0.180711 -0.591327 0.028653 -0.332577
