18 18
9 -0.075014 -0.276917 -0.133682 -0.007729 -0.038508 0.276479 0.329320 0.269710 0.616093 -0.219849 0.299357 0.449038 -0.169884 -0.280656 0.268716 -0.135278 -0.016384 -0.353171
12 -0.107597 -0.351135 -0.141892 -0.055804 -0.054393 0.290744 0.338935 0.235500 0.636182 -0.230681 0.372613 0.546064 -0.192173 -0.257480 0.336928 -0.145231 -0.081679 -0.409223
10 -0.030807 -0.298498 -0.126029 0.044918 -0.039456 0.347682 0.408390 0.299514 0.661057 -0.247882 0.296773 0.417872 -0.205248 -0.264235 0.257703 -0.091050 0.057586 -0.346714
6 -0.044181 -0.264503 -0.097657 0.044199 -0.038548 0.278392 0.347118 0.281097 0.578189 -0.206725 0.285342 0.390681 -0.169911 -0.263722 0.272241 -0.112855 0.002966 -0.379484
8 -0.052933 -0.322612 -0.089351 0.023559 -0.066164 0.315583 0.390281 0.288711 0.625130 -0.203998 0.279890 0.416854 -0.202029 -0.280875 0.299234 -0.142947 0.047194 -0.384100
1 -0.089732 -0.325943 -0.080806 -0.008574 -0.034357 0.271055 0.359778 0.302597 0.644900 -0.223084 0.282549 0.425689 -0.165634 -0.291699 0.269571 -0.148897 0.033058 -0.400556
4 -0.071932 -0.267901 -0.114797 0.006349 -0.020390 0.267293 0.322926 0.294869 0.626483 -0.244421 0.331196 0.458036 -0.162774 -0.274106 0.279904 -0.143513 -0.001930 -0.404130
5 -0.084162 -0.340930 -0.153704 -0.032266 -0.012720 0.266049 0.360296 0.240243 0.651447 -0.254641 0.345786 0.511523 -0.197450 -0.269889 0.329601 -0.192333 -0.056035 -0.432665
7 -0.011986 -0.287401 -0.150015 0.032763 -0.072541 0.345156 0.404993 0.309132 0.680959 -0.248904 0.290548 0.425062 -0.187640 -0.325190 0.286111 -0.100191 0.049489 -0.385745
17 -0.057212 -0.284377 -0.087193 0.045697 -0.073499 0.274034 0.384068 0.294164 0.629870 -0.193764 0.292557 0.420019 -0.166256 -0.257960 0.244697 -0.092230 0.037898 -0.406874
16 -0.077178 -0.287760 -0.112727 -0.016522 -0.043482 0.279372 0.357266 0.250369 0.612878 -0.223884 0.298499 0.472795 -0.184292 -0.242474 0.326065 -0.166304 -0.056697 -0.425120
15 -0.083330 -0.293343 -0.069055 -0.000323 -0.037878 0.302938 0.364577 0.247480 0.588446 -0.218318 0.287563 0.388435 -0.171439 -0.256438 0.274322 -0.133270 0.010025 -0.387944
2 -0.064178 -0.328436 -0.146337 -0.059090 -0.041248 0.269687 0.330783 0.251524 0.583147 -0.232813 0.321719 0.523319 -0.158117 -0.275333 0.324067 -0.194479 -0.086940 -0.387107
0 -0.088734 -0.328946 -0.125013 -0.073989 -0.057653 0.286474 0.313951 0.229814 0.594098 -0.224115 0.345313 0.491070 -0.161732 -0.256944 0.345788 -0.182616 -0.039314 -0.407531
3 -0.059253 -0.272930 -0.080817 0.053674 -0.046067 0.319358 0.409408 0.309634 0.615586 -0.240401 0.291852 0.374810 -0.216389 -0.320645 0.246681 -0.121014 0.088311 -0.394759
11 -0.086417 -0.309281 -0.098262 0.014189 -0.026804 0.272173 0.331706 0.295888 0.629791 -0.243005 0.288282 0.435524 -0.190987 -0.253107 0.305960 -0.160000 -0.005812 -0.384637
14 -0.081079 -0.322461 -0.102633 -0.027790 -0.023915 0.301356 0.338331 0.261342 0.615642 -0.220060 0.286480 0.477498 -0.196074 -0.274425 0.297680 -0.132117 -0.000844 -0.387468
13 0.019096 0.002747 0.009678 -0.019404 -0.008210 -0.004883 0.008138 -0.018294 0.006568 0.019257 -0.015253 -0.018294 0.012156 -0.023377 0.007956 -0.002520 -0.021393 -0.009389
