18 18
8 -0.164656 -0.514156 0.241155 -0.369107 -0.104471 0.126840 0.225125 0.199571 0.308872 -0.060097 -0.091074 0.286300 0.016577 -0.345586 0.335639 -0.466392 -0.260533 -0.218010
2 -0.178729 -0.523149 0.256489 -0.381935 -0.067274 0.109433 0.242756 0.248464 0.291012 -0.110035 -0.066513 0.317190 0.040147 -0.400881 0.325492 -0.527818 -0.311103 -0.246183
1 -0.212070 -0.508206 0.260869 -0.367463 -0.056634 0.079178 0.200133 0.202877 0.312274 -0.080821 -0.081674 0.269072 0.036453 -0.325864 0.290721 -0.460461 -0.246259 -0.238258
5 -0.184114 -0.516051 0.217333 -0.370187 -0.032541 0.105116 0.230819 0.148824 0.303324 -0.113289 -0.044654 0.293536 -0.001240 -0.318536 0.337174 -0.503705 -0.299250 -0.259810
7 -0.143946 -0.506416 0.211787 -0.405405 -0.122037 0.142000 0.226158 0.193752 0.345776 -0.080584 -0.108073 0.294069 0.045289 -0.364918 0.332922 -0.442202 -0.271365 -0.218776
6 -0.201800 -0.513167 0.259530 -0.339659 -0.041934 0.119337 0.240139 0.244732 0.310026 -0.122482 -0.038356 0.300328 0.007544 -0.376854 0.344721 -0.507048 -0.303567 -0.283219
9 -0.195538 -0.495594 0.195032 -0.356568 -0.079076 0.103448 0.200579 0.204486 0.324155 -0.079627 -0.058146 0.324118 0.015781 -0.351581 0.288917 -0.439731 -0.280983 -0.182607
4 -0.202892 -0.475760 0.264400 -0.355663 -0.020484 0.086993 0.199377 0.253369 0.309868 -0.139660 -0.028717 0.299401 0.046300 -0.380624 0.323306 -0.520494 -0.288020 -0.287150
13 -0.157068 -0.485639 0.251769 -0.390455 -0.079945 0.096825 0.224236 0.176068 0.320147 -0.065784 -0.101418 0.260591 0.047848 -0.357423 0.321750 -0.464312 -0.298231 -0.246734
11 -0.221004 -0.518355 0.241784 -0.339750 -0.048708 0.093885 0.193283 0.221905 0.321839 -0.115271 -0.064520 0.306389 -0.005491 -0.314909 0.335841 -0.484830 -0.289277 -0.232220
10 -0.190249 -0.497012 0.218112 -0.346341 -0.052069 0.129257 0.218567 0.189863 0.317651 -0.107467 -0.054257 0.309478 -0.003789 -0.297197 0.296533 -0.425941 -0.258596 -0.197889
3 -0.240132 -0.511939 0.290707 -0.365669 -0.032974 0.102704 0.237493 0.213862 0.280407 -0.125974 -0.034110 0.274166 -0.011218 -0.383901 0.318094 -0.531089 -0.269130 -0.285270
15 -0.214835 -0.517593 0.262399 -0.393931 -0.061591 0.134198 0.222395 0.164757 0.301581 -0.096540 -0.064641 0.277414 0.026779 -0.321499 0.324553 -0.482856 -0.300437 -0.243236
16 -0.186157 -0.499527 0.258093 -0.391646 -0.087854 0.110349 0.237675 0.192197 0.318552 -0.079855 -0.102390 0.298108 0.026656 -0.330439 0.346527 -0.491777 -0.306777 -0.267278
0 -0.192007 -0.518893 0.256754 -0.416339 -0.098298 0.129280 0.210330 0.182047 0.303935 -0.086091 -0.056296 0.279777 0.040661 -0.343267 0.344808 -0.488879 -0.265884 -0.254206
14 -0.219208 -0.560111 0.292450 -0.422466 -0.064072 0.126181 0.213373 0.200225 0.310232 -0.077848 -0.103254 0.327329 0.013736 -0.362493 0.349695 -0.500247 -0.288929 -0.256867
12 -0.227341 -0.564270 0.252393 -0.413389 -0.093567 0.113404 0.207463 0.165817 0.294752 -0.068560 -0.047582 0.337847 0.008164 -0.333358 0.339792 -0.471009 -0.316265 -0.226177
17 -0.174005 -0.499142 0.230869 -0.351190 -0.124323 0.091565 0.228944 0.199958 0.337967 -0.042395 -0.075191 0.314635 0.044361 -0.311309 0.294618 -0.417314 -0.271459 -0.245274
