18 18
0 -0.332380 -0.346750 0.252170 -0.247093 -0.134753 0.052599 0.182980 0.097867 0.099730 -0.098837 0.416381 0.282556 -0.217868 -0.384284 0.251626 -0.378783 0.180788 -0.553125
6 -0.311304 -0.350783 0.251312 -0.182073 -0.108847 0.046490 0.226484 0.154892 0.131130 -0.115002 0.402007 0.272554 -0.236812 -0.429348 0.265975 -0.399071 0.155012 -0.599006
3 -0.382362 -0.314238 0.324150 -0.225902 -0.120085 0.017015 0.194309 0.103732 0.043631 -0.080905 0.398003 0.253099 -0.223807 -0.394403 0.188823 -0.374807 0.196017 -0.581854
13 -0.324780 -0.329502 0.302986 -0.252000 -0.128272 0.031540 0.199878 0.098526 0.089487 -0.068288 0.358727 0.245587 -0.198566 -0.425372 0.236623 -0.379867 0.141624 -0.569709
4 -0.329954 -0.280620 0.274156 -0.205223 -0.098507 0.002430 0.168738 0.130920 0.092821 -0.096965 0.390282 0.265446 -0.170692 -0.383564 0.188349 -0.355217 0.158496 -0.559122
7 -0.293903 -0.357160 0.227511 -0.221215 -0.144478 0.060611 0.223696 0.139044 0.158513 -0.109031 0.366020 0.283244 -0.218302 -0.432675 0.262664 -0.379069 0.168335 -0.559061
17 -0.334058 -0.341338 0.272354 -0.196937 -0.148141 0.009011 0.207849 0.126618 0.129693 -0.057809 0.374828 0.303015 -0.195184 -0.350651 0.206963 -0.335590 0.154987 -0.564439
2 -0.343512 -0.364505 0.296511 -0.236126 -0.132114 0.025143 0.223829 0.168467 0.088554 -0.104540 0.384644 0.296040 -0.193614 -0.441281 0.229497 -0.420917 0.152436 -0.576437
15 -0.367926 -0.341383 0.299293 -0.252597 -0.111430 0.052223 0.202243 0.081557 0.087187 -0.092827 0.387392 0.265549 -0.194473 -0.358518 0.211347 -0.365546 0.138610 -0.546402
14 -0.341220 -0.343836 0.300997 -0.243562 -0.104980 0.041176 0.169942 0.097558 0.076009 -0.064558 0.336632 0.282634 -0.209794 -0.366098 0.218838 -0.342532 0.163822 -0.537173
8 -0.308610 -0.385403 0.260759 -0.214657 -0.154552 0.055696 0.220158 0.119643 0.129670 -0.066011 0.367969 0.291784 -0.245886 -0.385421 0.270502 -0.381707 0.174957 -0.543546
10 -0.311333 -0.364143 0.230912 -0.220000 -0.108992 0.078072 0.236248 0.120102 0.167777 -0.129902 0.409632 0.313328 -0.254501 -0.392140 0.243843 -0.364870 0.162945 -0.541667
5 -0.300201 -0.360726 0.210762 -0.201486 -0.087534 0.028393 0.249036 0.095487 0.166382 -0.126237 0.391104 0.292154 -0.245798 -0.388149 0.247523 -0.399294 0.144724 -0.578975
9 -0.321881 -0.340124 0.219946 -0.223449 -0.125099 0.047823 0.203467 0.131113 0.154516 -0.100607 0.382955 0.295998 -0.217365 -0.416393 0.229390 -0.369344 0.144660 -0.512326
12 -0.369375 -0.385963 0.269291 -0.259525 -0.142499 0.035027 0.195344 0.081872 0.108956 -0.080306 0.436762 0.335414 -0.244494 -0.388307 0.254263 -0.374768 0.144591 -0.577446
1 -0.348936 -0.361250 0.280305 -0.227804 -0.107357 0.006773 0.197269 0.142659 0.129707 -0.089481 0.349208 0.254505 -0.189334 -0.394035 0.205053 -0.380978 0.168921 -0.538656
11 -0.331431 -0.340349 0.262336 -0.203121 -0.101484 0.027898 0.165843 0.146107 0.118775 -0.113568 0.348392 0.265046 -0.214480 -0.361838 0.249583 -0.378916 0.135023 -0.518162
16 -0.350844 -0.321962 0.298987 -0.236225 -0.115636 0.031953 0.216600 0.081042 0.090446 -0.076271 0.361441 0.288200 -0.231315 -0.355190 0.239285 -0.383419 0.135650 -0.597290
