18 18
9 -0.195745 -0.468228 0.043171 -0.234067 -0.149128 0.222529 0.260948 0.169174 0.520365 -0.041699 0.267731 0.440187 -0.148227 -0.383278 0.391387 -0.273670 -0.092208 -0.376099
0 -0.274827 -0.535588 0.097559 -0.354292 -0.227825 0.202030 0.243521 0.093718 0.557349 0.040674 0.255220 0.478782 -0.108016 -0.297278 0.428527 -0.302348 -0.137050 -0.377901
10 -0.156950 -0.455222 0.040451 -0.189393 -0.121358 0.248864 0.279108 0.158288 0.504856 -0.074686 0.270703 0.410258 -0.174880 -0.312505 0.370660 -0.217131 -0.047624 -0.386470
3 -0.025827 -0.388912 0.049017 -0.008142 -0.008289 0.279191 0.321809 0.284984 0.315551 -0.221027 0.364146 0.290025 -0.242323 -0.547734 0.347006 -0.226384 0.147431 -0.544054
13 -0.195564 -0.503040 0.098148 -0.282598 -0.173950 0.203312 0.289067 0.134254 0.535597 -0.000038 0.260140 0.438882 -0.126383 -0.386558 0.403703 -0.283507 -0.111933 -0.435076
11 -0.201463 -0.490690 0.084578 -0.212925 -0.128511 0.205207 0.247108 0.195793 0.515258 -0.070204 0.265042 0.424215 -0.165085 -0.353285 0.416067 -0.286299 -0.063894 -0.424072
16 -0.236788 -0.467918 0.091188 -0.287459 -0.191478 0.184306 0.263616 0.109477 0.515508 0.023406 0.205553 0.450627 -0.127337 -0.274979 0.401568 -0.292469 -0.154411 -0.392478
6 -0.016074 -0.393025 0.025868 -0.012937 -0.047144 0.273607 0.289776 0.271904 0.355329 -0.163994 0.314669 0.296541 -0.202311 -0.462021 0.356808 -0.179603 0.081686 -0.469123
8 -0.247419 -0.545186 0.105377 -0.294187 -0.205961 0.202722 0.271847 0.128217 0.564621 0.038269 0.229013 0.463150 -0.151022 -0.309765 0.445562 -0.323467 -0.121120 -0.387773
1 -0.138067 -0.452600 0.068494 -0.161791 -0.085470 0.201393 0.261533 0.219002 0.450516 -0.097873 0.258449 0.360054 -0.148084 -0.396634 0.348372 -0.248663 0.012626 -0.433725
2 -0.020939 -0.415999 0.033948 -0.061765 -0.042610 0.267790 0.311810 0.290102 0.345638 -0.190347 0.332518 0.353679 -0.194095 -0.527151 0.361207 -0.250003 0.079594 -0.495663
4 0.003985 -0.340194 0.023042 0.025791 0.023941 0.239001 0.268564 0.310255 0.295641 -0.238821 0.370473 0.292765 -0.195627 -0.506548 0.325347 -0.219184 0.141219 -0.537117
15 -0.192454 -0.453716 0.078202 -0.220192 -0.126629 0.237378 0.270397 0.131087 0.466973 -0.057161 0.263533 0.388658 -0.147954 -0.324239 0.383649 -0.258888 -0.085755 -0.402131
17 -0.200249 -0.496381 0.080026 -0.232756 -0.192555 0.194273 0.282001 0.171786 0.542907 -0.000782 0.271385 0.467050 -0.127027 -0.344017 0.387021 -0.251894 -0.084131 -0.433271
12 -0.159578 -0.441932 0.053588 -0.176857 -0.108557 0.205079 0.230805 0.153473 0.411156 -0.068863 0.300054 0.397086 -0.167244 -0.354871 0.359474 -0.213953 -0.047824 -0.387652
7 0.009339 -0.431932 -0.003740 -0.039629 -0.081183 0.329054 0.318899 0.303878 0.426935 -0.194736 0.322580 0.340061 -0.222331 -0.540441 0.417555 -0.203455 0.106585 -0.507121
5 -0.028772 -0.390773 0.001099 -0.034448 -0.002317 0.227737 0.294119 0.212918 0.345740 -0.190312 0.329703 0.313048 -0.210831 -0.431408 0.343441 -0.231515 0.071346 -0.486808
14 -0.205792 -0.515075 0.105203 -0.264027 -0.139565 0.228874 0.266331 0.150298 0.501403 -0.021784 0.254049 0.458467 -0.161666 -0.375781 0.409270 -0.269702 -0.060308 -0.441329
