18 18
15 -0.255377 -0.509596 0.398533 -0.464321 -0.120486 0.123317 0.118427 0.059388 -0.234343 0.063148 0.152539 0.359619 0.001390 -0.311037 0.306581 -0.468680 -0.134808 -0.337214
6 -0.210141 -0.557270 0.356744 -0.376857 -0.138120 0.134942 0.159490 0.162360 -0.165638 0.066681 0.146362 0.393062 -0.051730 -0.382522 0.369373 -0.508202 -0.114264 -0.364444
2 -0.201459 -0.471919 0.366387 -0.476196 -0.107344 0.091562 0.116810 0.067709 -0.313240 0.039062 0.172687 0.366092 0.027378 -0.348807 0.269100 -0.501764 -0.129975 -0.320491
1 -0.243519 -0.474737 0.382938 -0.448287 -0.096098 0.036500 0.074600 0.080109 -0.196716 0.080341 0.099437 0.324359 0.028516 -0.305630 0.237863 -0.432424 -0.086810 -0.313431
0 -0.217780 -0.507117 0.365361 -0.484590 -0.151822 0.117016 0.087760 0.079191 -0.248799 0.061651 0.169568 0.362225 0.012392 -0.334580 0.318905 -0.473869 -0.088920 -0.319442
13 -0.229437 -0.495340 0.418062 -0.519114 -0.125370 0.075282 0.096462 0.034959 -0.266273 0.095715 0.132813 0.336984 0.033343 -0.356170 0.285907 -0.475797 -0.134109 -0.350686
12 -0.256274 -0.480697 0.383168 -0.480876 -0.110481 0.053498 0.062836 0.034456 -0.280238 0.081607 0.170039 0.362572 0.012619 -0.301479 0.249348 -0.426221 -0.127958 -0.311491
9 -0.227683 -0.585995 0.348870 -0.435214 -0.157274 0.138753 0.158737 0.156767 -0.138603 0.074215 0.138662 0.431964 -0.046266 -0.413190 0.370083 -0.526595 -0.123639 -0.337868
14 -0.237760 -0.501322 0.405711 -0.490621 -0.111242 0.091801 0.076334 0.063448 -0.261267 0.087924 0.112363 0.363571 0.006385 -0.335234 0.280606 -0.451562 -0.089763 -0.327139
8 -0.204063 -0.603957 0.364095 -0.382925 -0.172994 0.149798 0.181611 0.160895 -0.125401 0.097491 0.103715 0.403764 -0.077611 -0.368555 0.398740 -0.514215 -0.092762 -0.344787
7 -0.188676 -0.554401 0.337334 -0.415759 -0.167195 0.142908 0.150548 0.144906 -0.133825 0.065786 0.116849 0.390529 -0.034312 -0.387914 0.369197 -0.479604 -0.100474 -0.338133
16 -0.223890 -0.492276 0.377322 -0.441382 -0.137739 0.100924 0.126292 0.082647 -0.212965 0.076762 0.119034 0.366408 -0.014966 -0.313302 0.327474 -0.478440 -0.132879 -0.356015
10 -0.222104 -0.567229 0.365497 -0.417783 -0.132524 0.151135 0.165724 0.130126 -0.148017 0.052635 0.142752 0.408847 -0.053516 -0.339253 0.347280 -0.481770 -0.108044 -0.338376
11 -0.241310 -0.548152 0.378369 -0.419063 -0.124119 0.094710 0.106504 0.138135 -0.179218 0.051367 0.132899 0.385944 -0.034574 -0.332831 0.347644 -0.496882 -0.120818 -0.336802
17 -0.215451 -0.483580 0.360190 -0.408880 -0.145303 0.066961 0.117575 0.094066 -0.190105 0.089383 0.144858 0.372682 0.009014 -0.302228 0.268626 -0.422731 -0.108658 -0.335686
5 -0.211832 -0.482626 0.320148 -0.420504 -0.075217 0.074375 0.125106 0.051764 -0.208846 0.024814 0.173957 0.355904 -0.017901 -0.306759 0.281323 -0.472659 -0.117355 -0.334828
4 -0.247199 -0.501668 0.403068 -0.479386 -0.095277 0.064754 0.086707 0.115514 -0.271239 0.039339 0.201529 0.395048 0.024243 -0.376621 0.292760 -0.526077 -0.106348 -0.379809
3 -0.251046 -0.459557 0.396817 -0.457105 -0.090896 0.063627 0.098255 0.060481 -0.292420 0.050604 0.166373 0.323915 -0.006539 -0.351034 0.246047 -0.478895 -0.077917 -0.341940
