18 18
9 -0.241740 -0.602922 0.136473 -0.392710 -0.162616 0.144951 0.146665 0.158724 0.469043 0.071325 0.007435 0.504125 -0.076083 -0.283070 0.323793 -0.300996 -0.079153 -0.186077
0 -0.262777 -0.601989 0.167182 -0.409880 -0.150145 0.130437 0.122391 0.158898 0.425864 0.036720 0.056204 0.481532 -0.077757 -0.267250 0.326792 -0.335401 -0.028257 -0.213208
10 -0.260401 -0.587959 0.130555 -0.386622 -0.092762 0.156842 0.150923 0.142990 0.455619 -0.018710 0.071933 0.507004 -0.108323 -0.211674 0.284550 -0.299534 -0.051064 -0.168737
2 -0.295823 -0.624592 0.163666 -0.413709 -0.079307 0.094259 0.128937 0.207860 0.425105 -0.036363 0.079902 0.534354 -0.085936 -0.285292 0.286191 -0.395796 -0.052866 -0.201786
1 -0.297199 -0.611907 0.193405 -0.386166 -0.089615 0.071012 0.112342 0.196291 0.429965 0.013428 0.029672 0.465106 -0.075813 -0.269267 0.278403 -0.351835 -0.018978 -0.216434
12 -0.261938 -0.593158 0.163498 -0.386864 -0.154327 0.109884 0.114904 0.124682 0.397835 0.077794 0.040262 0.485978 -0.082653 -0.235733 0.308249 -0.277686 -0.082927 -0.192855
5 -0.288466 -0.643203 0.131368 -0.395309 -0.064674 0.102890 0.153222 0.147670 0.468305 -0.026942 0.081660 0.538044 -0.121347 -0.236261 0.314639 -0.368865 -0.077762 -0.221504
6 -0.223172 -0.623140 0.175765 -0.365468 -0.167357 0.156152 0.158608 0.180541 0.439145 0.083762 0.009329 0.471880 -0.082000 -0.301973 0.348822 -0.301560 -0.052578 -0.226357
14 -0.262088 -0.617355 0.194751 -0.414139 -0.133063 0.139874 0.122168 0.140012 0.417681 0.076353 -0.010514 0.491755 -0.088792 -0.266227 0.320290 -0.299130 -0.047731 -0.206072
16 -0.253145 -0.562421 0.175179 -0.383751 -0.159948 0.123445 0.161705 0.132566 0.434340 0.071057 0.007677 0.510646 -0.089145 -0.197352 0.332335 -0.306300 -0.102070 -0.246528
3 -0.322241 -0.581756 0.191886 -0.382374 -0.061782 0.080916 0.131787 0.189328 0.393197 -0.040887 0.096094 0.462522 -0.121889 -0.305814 0.264709 -0.395099 -0.003830 -0.231644
8 -0.214923 -0.607671 0.172095 -0.358906 -0.171806 0.146372 0.155442 0.157462 0.417599 0.094704 -0.012182 0.458383 -0.089811 -0.265352 0.336652 -0.303059 -0.042576 -0.196366
7 -0.220319 -0.614658 0.145935 -0.394579 -0.175756 0.152712 0.148433 0.176925 0.473255 0.058150 0.000966 0.494205 -0.077231 -0.312648 0.351813 -0.314811 -0.045876 -0.216836
11 -0.287725 -0.579892 0.156185 -0.355216 -0.069101 0.092624 0.094331 0.177071 0.426503 -0.026528 0.048237 0.480419 -0.106835 -0.206990 0.301150 -0.335613 -0.062532 -0.189535
15 -0.298697 -0.613741 0.175465 -0.410384 -0.103803 0.134437 0.144040 0.134153 0.434878 0.008787 0.059803 0.496774 -0.082793 -0.232595 0.308858 -0.338971 -0.084439 -0.217737
17 -0.270761 -0.599264 0.181010 -0.366687 -0.165557 0.088929 0.148728 0.173268 0.458028 0.075007 0.045520 0.536739 -0.063018 -0.211140 0.292597 -0.289406 -0.068260 -0.252970
4 -0.292446 -0.578904 0.169527 -0.381262 -0.076993 0.068303 0.090682 0.227680 0.443365 -0.024138 0.094859 0.512341 -0.067099 -0.288710 0.289678 -0.376005 -0.034095 -0.236526
13 -0.241923 -0.582344 0.171849 -0.407543 -0.131725 0.113369 0.142866 0.141171 0.436254 0.051168 0.022259 0.462405 -0.070535 -0.284846 0.311726 -0.328548 -0.078293 -0.214452
