18 18
15 -0.424503 -0.383622 0.569729 -0.233971 0.060317 0.154599 0.312232 0.069322 -0.026875 -0.101795 0.020892 0.019378 -0.169402 -0.237446 0.192307 -0.446380 0.019441 -0.508783
12 -0.460727 -0.430249 0.597383 -0.260595 0.054127 0.133259 0.295594 0.061484 -0.049839 -0.088549 0.054981 0.063253 -0.203258 -0.260082 0.218941 -0.463990 0.006133 -0.540679
3 -0.373462 -0.311441 0.515507 -0.197857 0.067361 0.109141 0.279683 0.067246 -0.070668 -0.095914 -0.009017 -0.025744 -0.180994 -0.273407 0.142584 -0.422632 0.048711 -0.445331
14 -0.411619 -0.392738 0.606932 -0.257448 0.086017 0.131733 0.299484 0.063467 -0.078784 -0.076907 -0.059229 0.014841 -0.199510 -0.282594 0.202394 -0.480206 0.018852 -0.511244
16 -0.384221 -0.357151 0.547219 -0.213921 0.047000 0.122157 0.304472 0.074089 -0.036115 -0.080536 -0.009316 0.034741 -0.187255 -0.225947 0.217570 -0.457409 -0.002068 -0.514511
7 -0.383110 -0.394548 0.546963 -0.234630 0.034885 0.150702 0.316952 0.097925 0.007587 -0.096584 -0.002239 0.039612 -0.180060 -0.285028 0.226830 -0.461134 0.041541 -0.526552
17 -0.426273 -0.401731 0.557838 -0.200649 0.016889 0.107644 0.295548 0.096306 0.015800 -0.064220 0.080133 0.084436 -0.165573 -0.210916 0.191759 -0.407432 0.036595 -0.554253
10 -0.427880 -0.404242 0.582838 -0.236199 0.082514 0.168622 0.336632 0.087890 -0.024738 -0.123864 0.027613 0.039092 -0.207398 -0.261159 0.183186 -0.452522 0.045984 -0.510506
5 -0.435324 -0.443093 0.590046 -0.248042 0.082460 0.125782 0.350898 0.063925 -0.024863 -0.112959 0.028740 0.049730 -0.222164 -0.276875 0.238357 -0.532017 0.007836 -0.581718
13 -0.437462 -0.432316 0.641435 -0.277251 0.056159 0.138706 0.344830 0.063399 -0.032473 -0.083766 -0.002156 0.017602 -0.200771 -0.307932 0.251544 -0.529917 -0.006278 -0.596450
8 -0.395108 -0.412382 0.585109 -0.224202 0.045223 0.135793 0.324507 0.091825 -0.039546 -0.069835 -0.027405 0.016861 -0.207780 -0.274586 0.223060 -0.491790 0.047505 -0.508368
2 -0.399363 -0.384558 0.592992 -0.247999 0.063327 0.128164 0.320398 0.098524 -0.085110 -0.100155 -0.011181 0.028950 -0.168219 -0.296639 0.194666 -0.503906 -0.003057 -0.517099
4 -0.363198 -0.319888 0.503192 -0.187732 0.058404 0.103029 0.236129 0.109905 -0.003764 -0.094230 0.049766 0.045622 -0.139612 -0.223047 0.187779 -0.406619 0.036657 -0.488937
6 -0.408807 -0.405564 0.580798 -0.210074 0.056897 0.138976 0.312247 0.102980 -0.029703 -0.085271 0.032180 0.027415 -0.188641 -0.275269 0.223498 -0.460838 0.027106 -0.547078
11 -0.408140 -0.387553 0.562778 -0.218310 0.075659 0.111159 0.273756 0.099107 -0.020177 -0.111461 -0.013647 0.033227 -0.197929 -0.239613 0.230397 -0.483162 0.005381 -0.506710
1 -0.411720 -0.392129 0.567307 -0.236242 0.069493 0.101569 0.294062 0.105887 -0.004531 -0.091511 -0.017761 0.013700 -0.160758 -0.263497 0.171328 -0.457411 0.051238 -0.494952
0 -0.412870 -0.413174 0.529515 -0.240428 0.009751 0.149744 0.266931 0.075792 0.005306 -0.084217 0.105602 0.071527 -0.169438 -0.216821 0.240487 -0.422980 0.057274 -0.524421
9 -0.008402 0.003844 -0.023332 -0.006576 0.000593 0.000225 -0.003692 0.013429 0.026437 -0.004111 0.005667 0.021814 0.003016 -0.025362 -0.007905 -0.006482 -0.012628 0.018993
