18 18
16 -0.406432 -0.458241 0.430267 -0.179588 0.072597 -0.001302 0.329461 0.071974 0.124149 -0.027691 0.155682 0.308678 -0.218630 -0.071382 0.230137 -0.471126 -0.090020 -0.576880
15 -0.413560 -0.469092 0.425147 -0.180805 0.091173 0.030390 0.320294 0.062683 0.140864 -0.046888 0.156087 0.284231 -0.183153 -0.055351 0.212092 -0.440868 -0.088046 -0.533747
5 -0.362462 -0.453118 0.356105 -0.151908 0.106612 -0.024234 0.327024 0.058112 0.148056 -0.050955 0.179864 0.309820 -0.212758 -0.077700 0.206703 -0.452657 -0.078970 -0.552888
14 -0.416948 -0.480621 0.448617 -0.191701 0.105855 0.010607 0.306832 0.085065 0.126950 -0.027056 0.134946 0.307728 -0.203498 -0.095917 0.197127 -0.448903 -0.042614 -0.555991
10 -0.381533 -0.457170 0.385601 -0.147749 0.116212 0.018550 0.319820 0.092525 0.171996 -0.067827 0.158520 0.289139 -0.204665 -0.053756 0.182902 -0.413634 -0.046811 -0.506534
12 -0.414248 -0.475605 0.410292 -0.179230 0.073347 -0.019208 0.295570 0.060921 0.107542 -0.014384 0.183502 0.310156 -0.199448 -0.078061 0.195495 -0.421113 -0.087991 -0.526743
2 -0.365785 -0.449928 0.400152 -0.179480 0.076778 -0.005617 0.319254 0.095738 0.096297 -0.038170 0.154134 0.304351 -0.174424 -0.110673 0.188494 -0.464345 -0.079291 -0.528901
11 -0.416415 -0.466222 0.416788 -0.159740 0.097637 -0.005117 0.273935 0.112708 0.148110 -0.060748 0.137632 0.285401 -0.197963 -0.067093 0.225221 -0.468941 -0.074496 -0.525982
3 -0.428074 -0.463380 0.448802 -0.161831 0.095448 -0.002797 0.337665 0.085202 0.117957 -0.046426 0.168117 0.269854 -0.225618 -0.103912 0.190948 -0.464763 -0.037523 -0.573281
1 -0.401196 -0.471712 0.423030 -0.176492 0.106795 -0.040787 0.297232 0.109461 0.149947 -0.035751 0.126036 0.261075 -0.162411 -0.101127 0.173713 -0.450937 -0.038382 -0.536129
9 -0.393547 -0.441910 0.379609 -0.178347 0.080915 -0.002933 0.305149 0.091008 0.145770 -0.037477 0.168263 0.309530 -0.187319 -0.114276 0.185987 -0.446664 -0.073737 -0.514153
6 -0.367809 -0.462312 0.404026 -0.124338 0.110922 -0.007230 0.330011 0.118973 0.134289 -0.038025 0.152496 0.272394 -0.179121 -0.101923 0.199246 -0.435551 -0.066404 -0.550081
0 -0.419090 -0.481905 0.431550 -0.215950 0.053618 0.019526 0.308672 0.069066 0.121324 -0.035105 0.206385 0.320866 -0.214138 -0.091086 0.239804 -0.482723 -0.041851 -0.579521
4 -0.396065 -0.435250 0.416662 -0.158736 0.101487 -0.026784 0.295324 0.110455 0.130652 -0.046166 0.190860 0.307218 -0.185461 -0.104006 0.199495 -0.463675 -0.058913 -0.578515
17 -0.417852 -0.480385 0.434371 -0.168958 0.042550 -0.017508 0.344838 0.087024 0.164144 -0.003132 0.192570 0.352915 -0.194654 -0.067011 0.196080 -0.432169 -0.068400 -0.602522
8 -0.412475 -0.507486 0.451162 -0.172306 0.074266 0.009866 0.339090 0.100544 0.137388 -0.018857 0.148388 0.302000 -0.210977 -0.090487 0.229472 -0.487581 -0.050155 -0.563076
13 -0.379819 -0.459869 0.426411 -0.198406 0.076610 -0.004798 0.325503 0.059047 0.135456 -0.017264 0.156025 0.285257 -0.195914 -0.114579 0.211437 -0.457797 -0.081359 -0.564982
7 0.025536 0.002637 -0.024458 -0.006487 -0.021911 0.018456 0.005430 0.006920 0.025711 -0.005710 -0.012468 0.004183 0.006040 -0.027377 0.019628 0.004891 0.006248 -0.002409
