18 18
6 -0.072186 -0.331363 0.216757 -0.260559 0.083238 -0.055629 0.135259 0.109274 0.268177 -0.055650 0.148954 0.409207 0.039649 -0.330394 0.418758 -0.461751 -0.280958 -0.719388
7 -0.045077 -0.314214 0.180213 -0.298696 0.054169 -0.036004 0.120574 0.094265 0.263752 -0.070502 0.128626 0.403848 0.041460 -0.352673 0.420209 -0.457924 -0.238890 -0.672206
14 -0.047496 -0.325054 0.234680 -0.339900 0.101289 -0.024750 0.068243 0.083324 0.203663 -0.062341 0.118860 0.403306 0.032851 -0.391341 0.430024 -0.472597 -0.207327 -0.682847
16 -0.154189 -0.316169 0.203255 -0.196192 0.044152 -0.106578 0.216227 0.065691 0.322016 -0.021512 0.117624 0.420777 0.026172 -0.110098 0.346065 -0.399635 -0.347191 -0.691049
15 -0.165583 -0.336357 0.225066 -0.241333 0.070594 -0.074237 0.183448 0.050959 0.307636 -0.043583 0.141722 0.403139 0.046913 -0.155478 0.348056 -0.410878 -0.328243 -0.683315
5 -0.153156 -0.357033 0.177821 -0.220758 0.080955 -0.111637 0.214993 0.054125 0.353575 -0.057874 0.163688 0.449339 0.017646 -0.152919 0.362293 -0.440722 -0.334833 -0.712682
1 -0.128353 -0.332165 0.223515 -0.270893 0.084521 -0.101081 0.120782 0.108772 0.285191 -0.055548 0.123017 0.396308 0.053795 -0.271128 0.358399 -0.452278 -0.252826 -0.674299
2 -0.000881 -0.308844 0.192699 -0.298984 0.062971 -0.045357 0.117622 0.112881 0.205985 -0.061875 0.121686 0.413634 0.061282 -0.377163 0.415472 -0.481933 -0.259444 -0.667735
13 -0.010867 -0.315386 0.218680 -0.345743 0.077684 -0.041799 0.085348 0.071168 0.223029 -0.050748 0.130486 0.382943 0.053942 -0.412108 0.440659 -0.474393 -0.241642 -0.685844
4 -0.013071 -0.290100 0.209135 -0.318565 0.098914 -0.046887 0.059308 0.121685 0.213413 -0.091105 0.172861 0.407580 0.057501 -0.426330 0.444818 -0.501158 -0.214517 -0.715100
11 -0.054986 -0.308102 0.216792 -0.316135 0.104515 -0.030085 0.030297 0.114908 0.202792 -0.105977 0.144629 0.371822 0.019404 -0.394133 0.452798 -0.495697 -0.200280 -0.655911
17 -0.156502 -0.338928 0.196479 -0.176708 0.029718 -0.135798 0.220650 0.091326 0.366067 -0.010606 0.148687 0.451385 0.052135 -0.104257 0.313578 -0.369698 -0.332884 -0.698306
9 -0.152080 -0.317721 0.172225 -0.221579 0.065113 -0.103519 0.170016 0.099193 0.343893 -0.047905 0.144974 0.435897 0.047146 -0.195960 0.327281 -0.415614 -0.320089 -0.650353
0 -0.105337 -0.339040 0.217824 -0.333282 0.058555 -0.034917 0.091162 0.075840 0.227551 -0.079178 0.196969 0.398577 0.025937 -0.333526 0.440254 -0.487758 -0.211963 -0.688740
12 -0.097012 -0.326520 0.203351 -0.309160 0.070647 -0.058924 0.068863 0.063913 0.211167 -0.054927 0.174341 0.408302 0.024539 -0.318194 0.394916 -0.428512 -0.242622 -0.635850
3 -0.109143 -0.332378 0.253798 -0.334956 0.096002 -0.043934 0.105158 0.088091 0.203382 -0.095351 0.180796 0.391161 -0.004246 -0.414890 0.441777 -0.535556 -0.208547 -0.736769
10 0.005737 -0.002757 -0.014246 0.006132 0.011972 0.026533 0.015869 -0.001352 0.023172 -0.019827 0.015226 0.016952 -0.017475 0.021206 -0.010712 0.022008 0.009309 0.018390
8 0.003889 -0.024784 0.014791 0.006068 -0.018192 0.009774 0.013932 0.005426 -0.001505 0.020585 -0.012265 0.000073 -0.017512 0.000480 0.021614 -0.017675 0.015234 0.001164
