18 18
10 -0.372401 -0.573315 0.278539 -0.209839 0.345756 0.351218 0.212361 -0.011535 0.353028 -0.286954 0.140240 0.387134 -0.474578 0.008252 0.174096 -0.091795 0.061133 -0.183740
3 -0.387096 -0.554326 0.314817 -0.203919 0.323998 0.286272 0.205302 0.007453 0.272137 -0.255190 0.138112 0.331358 -0.466788 -0.085141 0.181739 -0.176856 0.082951 -0.233538
6 -0.362581 -0.560520 0.288674 -0.193382 0.318979 0.294522 0.198030 0.007626 0.295040 -0.241274 0.118140 0.332759 -0.441229 -0.060337 0.212416 -0.155682 0.028975 -0.223099
15 -0.421677 -0.586331 0.327627 -0.283522 0.294304 0.316432 0.193235 -0.099097 0.286653 -0.223528 0.115221 0.343975 -0.431363 0.014088 0.228881 -0.147994 -0.014985 -0.238154
1 -0.403239 -0.605757 0.324229 -0.255181 0.329996 0.264356 0.195665 -0.003312 0.308260 -0.236099 0.081569 0.329196 -0.424596 -0.068810 0.193437 -0.194657 0.050545 -0.224123
2 -0.368107 -0.596461 0.305451 -0.235478 0.340312 0.299852 0.210646 0.018893 0.283097 -0.264409 0.115768 0.370071 -0.447405 -0.090095 0.197594 -0.199491 0.041349 -0.209022
0 -0.372987 -0.571230 0.295543 -0.237726 0.283798 0.304786 0.180049 0.017092 0.297592 -0.245499 0.139835 0.350675 -0.419551 -0.060861 0.212975 -0.175085 0.096896 -0.223342
14 -0.370247 -0.554421 0.306976 -0.234789 0.315562 0.290504 0.163878 -0.026449 0.277832 -0.218284 0.093030 0.348740 -0.431013 -0.032582 0.183881 -0.123466 0.061454 -0.204100
12 -0.408770 -0.590306 0.298695 -0.254146 0.298134 0.273803 0.165316 -0.067189 0.267361 -0.207964 0.138465 0.368083 -0.443776 -0.017660 0.200540 -0.126621 -0.012616 -0.193975
11 -0.373005 -0.540811 0.297220 -0.209722 0.311465 0.260998 0.141390 -0.014792 0.294795 -0.239419 0.097530 0.328435 -0.421429 0.002804 0.219699 -0.143899 -0.002597 -0.206178
4 -0.377069 -0.547343 0.298485 -0.206403 0.361866 0.272594 0.165636 0.038655 0.305456 -0.273280 0.152680 0.362225 -0.432401 -0.078871 0.185686 -0.181406 0.069174 -0.230734
7 -0.360977 -0.581690 0.284735 -0.234286 0.298466 0.320478 0.201293 0.007769 0.329486 -0.255107 0.104717 0.362898 -0.444120 -0.079071 0.221586 -0.156033 0.059412 -0.221568
8 -0.371752 -0.611707 0.315826 -0.215380 0.320290 0.302601 0.213454 0.031423 0.304010 -0.239218 0.104148 0.353759 -0.466376 -0.089734 0.220997 -0.209666 0.081603 -0.215661
9 -0.395321 -0.586628 0.275008 -0.235904 0.335008 0.292996 0.200824 0.022616 0.328726 -0.259554 0.128966 0.378402 -0.448023 -0.108059 0.187450 -0.193015 0.048058 -0.196656
17 -0.371793 -0.567080 0.301679 -0.199285 0.274264 0.285056 0.204393 0.009438 0.337379 -0.219588 0.135604 0.388797 -0.425676 -0.014454 0.183334 -0.109091 0.050083 -0.242080
16 -0.393536 -0.547947 0.314044 -0.257806 0.275735 0.279636 0.187030 -0.076689 0.278220 -0.200640 0.082219 0.346250 -0.428735 0.025398 0.239387 -0.158008 -0.020298 -0.250727
5 -0.368490 -0.572026 0.267110 -0.233427 0.324922 0.267144 0.197930 -0.059541 0.299748 -0.242799 0.134618 0.353844 -0.447440 -0.032050 0.217337 -0.178628 0.012675 -0.236484
13 -0.387399 -0.582145 0.331514 -0.284769 0.300722 0.289419 0.187223 -0.110326 0.294736 -0.197876 0.089022 0.331140 -0.440994 -0.012164 0.240977 -0.137726 -0.050845 -0.239517
