18 18
1 -0.074090 -0.418615 -0.071621 -0.295088 -0.063993 -0.054757 0.181877 0.275771 0.509253 -0.140854 0.070034 0.298712 -0.002251 -0.591548 0.182850 -0.453133 0.048577 -0.206956
14 -0.040867 -0.568338 0.300345 -0.549151 -0.219750 0.009296 0.152057 0.021298 0.337014 0.226182 -0.163473 0.371502 0.126705 -0.504098 0.439666 -0.373213 -0.157952 -0.552201
7 -0.022544 -0.363652 -0.196801 -0.226947 -0.053874 -0.012246 0.198943 0.319514 0.544450 -0.234884 0.129832 0.305815 -0.052675 -0.628602 0.174107 -0.451393 0.091004 -0.136200
13 -0.015049 -0.523127 0.200379 -0.494297 -0.196177 -0.025410 0.193699 0.069185 0.406618 0.140235 -0.097737 0.334687 0.114321 -0.563014 0.404013 -0.429364 -0.169725 -0.505554
5 -0.040935 -0.420902 -0.123147 -0.266515 -0.014721 -0.046166 0.246119 0.230930 0.490981 -0.209228 0.145631 0.312010 -0.055337 -0.609302 0.230600 -0.519726 0.003858 -0.280437
0 -0.040356 -0.488173 0.040163 -0.410541 -0.164423 -0.015538 0.173097 0.182014 0.465386 -0.008393 0.024973 0.341633 0.053291 -0.583125 0.322121 -0.450537 -0.022211 -0.347803
2 -0.033852 -0.375460 -0.160643 -0.231870 -0.035155 -0.031369 0.204305 0.309496 0.470433 -0.224558 0.142214 0.324318 -0.046357 -0.602719 0.161984 -0.480811 0.043290 -0.138267
10 -0.069305 -0.394034 -0.194235 -0.225982 -0.038677 0.010704 0.197036 0.340834 0.588963 -0.238576 0.164576 0.368767 -0.085487 -0.578824 0.131050 -0.420638 0.094706 -0.056771
9 -0.066111 -0.390404 -0.168219 -0.263354 -0.077240 -0.020865 0.179637 0.326644 0.568533 -0.179161 0.123348 0.366719 -0.038317 -0.626388 0.160624 -0.442175 0.058560 -0.113305
15 -0.075483 -0.505172 0.065717 -0.393083 -0.082619 0.000715 0.247172 0.143437 0.427776 -0.068881 0.055428 0.327160 0.019323 -0.586897 0.326006 -0.510246 -0.100853 -0.410698
17 -0.029719 -0.550865 0.202650 -0.483180 -0.235157 -0.045729 0.211511 0.102509 0.440477 0.156784 -0.067474 0.403037 0.125986 -0.555223 0.394247 -0.420891 -0.145617 -0.553506
6 -0.049702 -0.484072 0.037371 -0.342858 -0.083156 -0.016969 0.240019 0.205353 0.433140 -0.072441 0.068944 0.343403 -0.001720 -0.626244 0.317885 -0.496068 -0.076653 -0.403511
11 -0.085735 -0.414595 -0.119256 -0.253428 -0.045819 -0.035222 0.167067 0.316949 0.543585 -0.199151 0.113284 0.341672 -0.050868 -0.574081 0.205974 -0.468656 0.028116 -0.162046
8 -0.052905 -0.442826 -0.140264 -0.261553 -0.093414 -0.007433 0.199383 0.330423 0.565858 -0.165649 0.106593 0.356121 -0.057876 -0.616445 0.201816 -0.470364 0.082992 -0.124401
3 -0.084793 -0.418506 -0.094721 -0.277125 -0.030725 -0.034161 0.232519 0.284480 0.488208 -0.220406 0.149903 0.301967 -0.074150 -0.670691 0.201409 -0.532757 0.072636 -0.248126
4 -0.068669 -0.402387 -0.099812 -0.275598 -0.017116 -0.051780 0.198108 0.305230 0.513941 -0.215232 0.153869 0.334698 -0.026260 -0.644713 0.210391 -0.516520 0.024270 -0.259817
12 -0.072479 -0.445403 -0.026262 -0.340258 -0.114078 -0.032921 0.160767 0.198408 0.455487 -0.061685 0.075080 0.352821 0.002336 -0.547839 0.241642 -0.407956 -0.032844 -0.245541
16 -0.047893 -0.520999 0.205275 -0.474702 -0.193205 -0.016530 0.205576 0.075542 0.380072 0.126614 -0.087719 0.368943 0.084396 -0.510058 0.410840 -0.438395 -0.174291 -0.521387
