18 18
2 -0.232468 -0.447868 0.049112 -0.138480 -0.054671 -0.063663 0.343995 0.104762 0.338642 -0.011500 0.319705 0.461617 -0.170295 -0.302044 0.143195 -0.330239 -0.200806 -0.372485
1 -0.294688 -0.484569 0.079299 -0.155585 -0.029571 -0.114199 0.342762 0.102849 0.409422 -0.004234 0.323411 0.456100 -0.170909 -0.284330 0.125835 -0.322932 -0.185355 -0.413329
12 -0.323387 -0.515393 0.086927 -0.168543 -0.047765 -0.077629 0.324513 0.056342 0.376364 0.009057 0.377551 0.494984 -0.208961 -0.259868 0.167600 -0.291107 -0.234498 -0.407884
10 -0.287269 -0.496321 0.066210 -0.143677 -0.014595 -0.026651 0.364771 0.060045 0.423885 -0.031830 0.362931 0.478498 -0.219144 -0.234559 0.166093 -0.280793 -0.206612 -0.408794
0 -0.277413 -0.478790 0.064430 -0.168214 -0.066476 -0.063506 0.336797 0.071285 0.379009 0.000748 0.367090 0.464651 -0.185547 -0.286493 0.176670 -0.329288 -0.182398 -0.413385
6 -0.289618 -0.492103 0.100732 -0.122599 -0.020426 -0.041468 0.347133 0.091832 0.385096 -0.010194 0.356489 0.447118 -0.196120 -0.257960 0.187472 -0.296670 -0.228424 -0.437195
15 -0.307072 -0.478782 0.129379 -0.154667 0.005821 0.022682 0.311322 0.025256 0.344318 -0.030724 0.320876 0.396124 -0.189821 -0.192483 0.194848 -0.264636 -0.221972 -0.400332
5 -0.249430 -0.465193 0.019298 -0.132378 -0.016794 -0.077783 0.347555 0.049532 0.392794 -0.029492 0.345093 0.462797 -0.198580 -0.249364 0.153915 -0.306346 -0.200850 -0.391156
4 -0.282479 -0.449479 0.065724 -0.129616 -0.029928 -0.104112 0.323361 0.113431 0.394858 -0.020284 0.366251 0.474263 -0.172256 -0.273569 0.139561 -0.314657 -0.196448 -0.425146
9 -0.260803 -0.436515 0.013300 -0.134291 -0.059097 -0.100621 0.334904 0.108108 0.396489 -0.005094 0.346033 0.487334 -0.185410 -0.322364 0.121993 -0.321658 -0.189049 -0.365588
17 -0.281382 -0.479500 0.071849 -0.124955 -0.069209 -0.081699 0.359699 0.090990 0.400170 0.013455 0.360099 0.492281 -0.185563 -0.262213 0.144192 -0.292542 -0.199450 -0.429362
14 -0.304182 -0.506724 0.113380 -0.164239 -0.013268 -0.029581 0.317334 0.058204 0.361471 0.000300 0.320439 0.467413 -0.219561 -0.257446 0.178174 -0.281027 -0.190370 -0.405828
11 -0.299583 -0.487687 0.088095 -0.126743 -0.022670 -0.070932 0.315945 0.106796 0.397793 -0.031494 0.332284 0.450054 -0.200173 -0.238358 0.184811 -0.321378 -0.211405 -0.412698
3 -0.293804 -0.450459 0.083067 -0.130471 -0.045260 -0.080696 0.342079 0.087130 0.335377 -0.009621 0.356903 0.444343 -0.222211 -0.316558 0.134377 -0.326211 -0.162603 -0.409535
13 -0.272097 -0.487996 0.084377 -0.165820 -0.042781 -0.077030 0.361223 0.066029 0.403835 0.008056 0.336391 0.458426 -0.187489 -0.298697 0.175177 -0.329794 -0.235607 -0.435683
7 -0.232560 -0.449670 0.019513 -0.135642 -0.071174 -0.066206 0.338594 0.093269 0.401640 -0.013226 0.335385 0.476140 -0.192418 -0.309658 0.160778 -0.299342 -0.175511 -0.388762
8 -0.279634 -0.501492 0.085729 -0.134028 -0.056633 -0.057538 0.356398 0.085084 0.376908 0.011697 0.337177 0.465454 -0.221038 -0.277680 0.175292 -0.325864 -0.178964 -0.405332
16 -0.275077 -0.456822 0.067856 -0.141119 -0.051188 -0.077005 0.353477 0.069853 0.378822 0.003005 0.321235 0.473391 -0.206020 -0.246155 0.170017 -0.314479 -0.217065 -0.419969
