18 18
0 -0.200209 -0.540595 0.315998 -0.270746 -0.187848 0.056418 0.178832 0.063386 -0.107513 0.157493 0.128957 0.279627 -0.154874 -0.384670 0.267516 -0.371407 -0.019200 -0.260805
12 -0.238565 -0.635888 0.302094 -0.278254 -0.223169 0.006008 0.206394 0.077409 -0.024369 0.190082 0.171549 0.407290 -0.211091 -0.430566 0.286937 -0.393116 -0.086467 -0.267275
7 -0.179178 -0.599989 0.271884 -0.272919 -0.222834 0.049462 0.220963 0.097924 0.003789 0.158192 0.120333 0.369582 -0.194911 -0.462589 0.314786 -0.415837 -0.057829 -0.266646
3 -0.234171 -0.574224 0.366327 -0.251987 -0.178894 0.026800 0.242471 0.098206 -0.119415 0.162251 0.137469 0.298940 -0.205216 -0.478275 0.250508 -0.431954 -0.013501 -0.323716
8 -0.204928 -0.657250 0.283279 -0.246378 -0.205615 0.040938 0.247740 0.123193 0.049500 0.167915 0.133018 0.411959 -0.261996 -0.463924 0.320916 -0.448175 -0.050307 -0.244350
2 -0.198719 -0.571691 0.379260 -0.275161 -0.212079 0.038483 0.225281 0.099708 -0.204391 0.193569 0.113452 0.297796 -0.134925 -0.442951 0.244702 -0.410824 -0.047723 -0.292879
17 -0.218644 -0.619870 0.375602 -0.268394 -0.253907 0.006017 0.257611 0.112651 -0.075953 0.225898 0.148277 0.377949 -0.153241 -0.442107 0.271278 -0.408972 -0.056239 -0.357174
5 -0.205923 -0.627183 0.297533 -0.265515 -0.173520 0.013112 0.250132 0.079413 -0.027574 0.150472 0.149952 0.372983 -0.217866 -0.453551 0.299622 -0.454747 -0.069983 -0.308006
4 -0.198743 -0.564865 0.306147 -0.245237 -0.178216 0.003392 0.205772 0.132001 -0.028513 0.151243 0.156501 0.367198 -0.180467 -0.458106 0.273191 -0.427861 -0.055555 -0.291832
14 -0.228387 -0.571712 0.413689 -0.291678 -0.162528 0.057490 0.196790 0.039002 -0.188051 0.202521 0.072504 0.265308 -0.160742 -0.396113 0.255634 -0.369496 -0.016474 -0.316736
1 -0.247320 -0.622784 0.421312 -0.295904 -0.184366 0.012057 0.230787 0.099561 -0.153672 0.198466 0.099343 0.289547 -0.153300 -0.456713 0.252190 -0.436292 -0.019019 -0.336469
9 -0.213808 -0.606992 0.247699 -0.255884 -0.187295 0.035951 0.229454 0.142936 0.058847 0.137831 0.147961 0.415590 -0.225149 -0.499054 0.283973 -0.442683 -0.069981 -0.233157
15 -0.246818 -0.631750 0.385384 -0.308039 -0.205309 0.068591 0.252591 0.055194 -0.109713 0.184685 0.139831 0.336427 -0.180309 -0.440583 0.303192 -0.438298 -0.076776 -0.332523
6 -0.211839 -0.594900 0.372817 -0.236278 -0.193331 0.040530 0.247896 0.121537 -0.129826 0.187601 0.140712 0.310417 -0.180505 -0.467984 0.274900 -0.416886 -0.045991 -0.331851
13 -0.181109 -0.585588 0.331645 -0.274821 -0.213975 0.018639 0.243039 0.089038 -0.048374 0.198339 0.117892 0.337998 -0.173850 -0.470514 0.283419 -0.419141 -0.080115 -0.299033
10 -0.204894 -0.634291 0.262972 -0.252533 -0.173918 0.065261 0.246716 0.118080 0.063666 0.128065 0.153555 0.418736 -0.256471 -0.451880 0.288842 -0.411480 -0.048953 -0.231499
11 -0.224533 -0.586028 0.293864 -0.233339 -0.156673 0.013838 0.192685 0.123426 0.011017 0.122345 0.125045 0.352348 -0.219958 -0.415693 0.293099 -0.423940 -0.060060 -0.262592
16 -0.225017 -0.595390 0.386708 -0.288414 -0.221066 0.043200 0.258635 0.078114 -0.126125 0.203768 0.109378 0.339969 -0.179410 -0.428404 0.299215 -0.437411 -0.072297 -0.354178
