18 18
0 -0.141755 -0.563092 0.203430 -0.292620 0.025794 0.268163 0.364599 0.014672 0.154518 -0.197590 0.192259 0.331432 -0.199495 -0.062195 0.410949 -0.521089 -0.152056 -0.311009
2 -0.112131 -0.529300 0.189203 -0.245700 0.046788 0.232510 0.359736 0.055157 0.125881 -0.202156 0.150287 0.323204 -0.188146 -0.087850 0.370651 -0.519872 -0.171765 -0.284944
6 -0.120705 -0.519552 0.196405 -0.211789 0.045231 0.237300 0.361107 0.048577 0.144487 -0.180733 0.166646 0.297154 -0.203700 -0.081107 0.380063 -0.478795 -0.159172 -0.312938
4 -0.142058 -0.527207 0.204892 -0.247051 0.063756 0.232888 0.342223 0.064595 0.162170 -0.219843 0.202615 0.332842 -0.191471 -0.081018 0.387404 -0.523740 -0.152363 -0.330508
8 -0.135114 -0.558764 0.220289 -0.243487 0.023536 0.247905 0.371218 0.040956 0.154163 -0.171273 0.151860 0.313683 -0.216555 -0.062439 0.411623 -0.524426 -0.149637 -0.310864
5 -0.119123 -0.512987 0.151870 -0.228427 0.077632 0.212072 0.348854 0.007677 0.160376 -0.212356 0.179070 0.308151 -0.207432 -0.067099 0.365549 -0.493895 -0.158270 -0.308967
1 -0.159878 -0.544134 0.204951 -0.264137 0.060444 0.205123 0.358571 0.052499 0.185167 -0.197163 0.152351 0.314387 -0.182387 -0.075606 0.347706 -0.507018 -0.145807 -0.300793
11 -0.156290 -0.547986 0.210771 -0.237371 0.069175 0.224688 0.335914 0.057140 0.166187 -0.220791 0.156342 0.311552 -0.219329 -0.060493 0.405448 -0.529964 -0.161213 -0.312744
15 -0.162029 -0.544998 0.212588 -0.278993 0.046556 0.266040 0.375109 0.003095 0.159145 -0.200140 0.182109 0.317680 -0.193643 -0.051255 0.383001 -0.501378 -0.177123 -0.310827
13 -0.115621 -0.532335 0.213703 -0.275729 0.036025 0.242760 0.363836 0.015945 0.149748 -0.178690 0.153743 0.294687 -0.183641 -0.100232 0.391187 -0.510291 -0.178849 -0.317681
10 -0.139364 -0.552260 0.187389 -0.259930 0.060297 0.274484 0.392616 0.023300 0.187887 -0.219145 0.189945 0.348537 -0.224028 -0.044685 0.372888 -0.491320 -0.159055 -0.289608
14 -0.138325 -0.521087 0.215570 -0.259229 0.055092 0.232515 0.318001 0.022590 0.123037 -0.167278 0.130778 0.305867 -0.197133 -0.074089 0.363218 -0.469435 -0.133095 -0.290556
12 -0.165015 -0.553165 0.198121 -0.273260 0.023182 0.225255 0.341607 0.015953 0.149699 -0.172161 0.195990 0.355446 -0.204208 -0.052439 0.378593 -0.481502 -0.184048 -0.290583
16 -0.132661 -0.506021 0.204253 -0.243292 0.026831 0.235071 0.366933 0.022931 0.148088 -0.175129 0.141790 0.311708 -0.206033 -0.042297 0.398268 -0.501849 -0.178481 -0.325683
7 -0.103910 -0.517138 0.166478 -0.251859 0.023716 0.250996 0.356193 0.041392 0.177304 -0.196712 0.156211 0.313081 -0.187340 -0.101493 0.386490 -0.484919 -0.145129 -0.299757
9 -0.147177 -0.526219 0.167628 -0.265961 0.049993 0.236089 0.354850 0.049744 0.191083 -0.205974 0.180904 0.346809 -0.193402 -0.093142 0.362028 -0.508595 -0.170751 -0.274591
3 -0.166103 -0.536808 0.216581 -0.258529 0.058361 0.238966 0.379800 0.029424 0.136732 -0.214012 0.194845 0.311803 -0.227280 -0.098730 0.359967 -0.523908 -0.133707 -0.321503
17 -0.137081 -0.526918 0.194363 -0.241708 0.010095 0.214469 0.378561 0.045718 0.189578 -0.163810 0.181102 0.349224 -0.176081 -0.046121 0.348348 -0.468489 -0.160707 -0.314287
