18 18
14 -0.344186 -0.628536 0.352598 -0.425101 0.001523 -0.030109 -0.122480 -0.175334 0.226453 0.164091 0.029962 0.492806 -0.113094 0.213164 0.420533 -0.133046 -0.288179 -0.323112
15 -0.374242 -0.560812 0.289131 -0.430384 -0.018860 0.027525 -0.038859 -0.189747 0.259325 0.092444 0.108035 0.454618 -0.122535 0.133112 0.376707 -0.177450 -0.263988 -0.322466
13 -0.287967 -0.562788 0.312492 -0.407463 -0.010860 -0.048317 -0.098634 -0.175515 0.241042 0.159646 0.031074 0.438746 -0.080564 0.157768 0.396277 -0.134015 -0.317950 -0.306368
10 -0.347451 -0.547488 0.263795 -0.391180 -0.007758 0.022484 -0.053044 -0.164773 0.260519 0.085490 0.116101 0.481164 -0.152457 0.157523 0.372548 -0.154454 -0.233056 -0.298791
0 -0.372441 -0.568318 0.278357 -0.434995 -0.050420 0.027816 -0.065898 -0.172485 0.246668 0.096743 0.131433 0.476857 -0.144039 0.122216 0.410668 -0.192380 -0.216042 -0.321450
7 -0.374138 -0.488860 0.192570 -0.441179 -0.062251 0.086969 0.014161 -0.160667 0.293022 0.027356 0.155188 0.456998 -0.176449 -0.041333 0.362834 -0.234488 -0.167034 -0.310607
12 -0.376601 -0.554417 0.267650 -0.419203 -0.031658 -0.003580 -0.075587 -0.188030 0.219952 0.110223 0.118437 0.470447 -0.140267 0.125411 0.363537 -0.156370 -0.248331 -0.292953
17 -0.350199 -0.531803 0.274711 -0.377110 -0.052339 -0.005965 -0.043376 -0.147411 0.259355 0.121704 0.107844 0.466439 -0.115356 0.136661 0.338745 -0.139435 -0.220219 -0.311037
1 -0.366509 -0.583436 0.303976 -0.426012 -0.011349 -0.034143 -0.076116 -0.145852 0.272214 0.110914 0.073981 0.456242 -0.103427 0.135538 0.370813 -0.182846 -0.238723 -0.325758
9 -0.447062 -0.500276 0.195262 -0.471696 -0.036382 0.081985 0.018396 -0.157244 0.314740 0.005827 0.193758 0.488382 -0.198357 -0.077034 0.332194 -0.278556 -0.169219 -0.302658
11 -0.343587 -0.555486 0.283858 -0.366809 0.002751 -0.031351 -0.097655 -0.133408 0.252362 0.091097 0.073184 0.457387 -0.131554 0.170365 0.403164 -0.176722 -0.275572 -0.304644
4 -0.376904 -0.562497 0.302884 -0.428949 -0.017299 -0.009475 -0.087051 -0.151807 0.271383 0.102289 0.128970 0.501706 -0.115526 0.138047 0.396443 -0.187386 -0.249457 -0.349215
8 -0.337524 -0.529713 0.262788 -0.387252 -0.054972 0.035041 -0.027873 -0.159656 0.240718 0.110606 0.096716 0.435431 -0.144268 0.113506 0.372623 -0.178572 -0.201352 -0.287493
3 -0.440004 -0.474425 0.231554 -0.442134 -0.027640 0.079441 0.036648 -0.163598 0.246200 0.001261 0.188668 0.428109 -0.228860 -0.099868 0.320035 -0.289574 -0.122728 -0.327201
2 -0.293718 -0.594883 0.312335 -0.402479 -0.006282 -0.049564 -0.099441 -0.147889 0.213279 0.143359 0.036968 0.486652 -0.083813 0.176488 0.406948 -0.166037 -0.329071 -0.299199
5 -0.341223 -0.593792 0.268120 -0.412906 0.002411 -0.024847 -0.055922 -0.189037 0.271536 0.103273 0.098029 0.485950 -0.134649 0.154437 0.405820 -0.187275 -0.281522 -0.337756
6 -0.328644 -0.585611 0.305003 -0.371392 -0.003824 -0.023237 -0.080032 -0.146221 0.236166 0.132180 0.077612 0.477548 -0.133706 0.148424 0.425597 -0.163388 -0.300429 -0.337779
16 -0.380931 -0.562462 0.290821 -0.426339 -0.038103 0.002940 -0.040905 -0.178252 0.260837 0.110240 0.092191 0.495132 -0.145561 0.156023 0.402484 -0.188925 -0.267019 -0.350850
