18 18
14 -0.192028 -0.555726 0.014444 -0.186419 0.005136 0.127179 0.133908 0.152012 0.530711 -0.173609 0.083584 0.551877 -0.246020 0.068539 0.455538 -0.310225 -0.088482 -0.295572
13 -0.164473 -0.544427 -0.003704 -0.184319 -0.020162 0.114103 0.162403 0.142578 0.555228 -0.174989 0.119832 0.543551 -0.227584 0.055941 0.474605 -0.321941 -0.135218 -0.308721
8 -0.158545 -0.548738 0.014637 -0.142585 -0.043901 0.122757 0.156648 0.173154 0.501289 -0.144191 0.111569 0.532803 -0.230240 0.075883 0.470803 -0.323978 -0.101617 -0.284688
1 -0.198018 -0.537193 0.001200 -0.177554 0.006447 0.085491 0.132556 0.162698 0.543793 -0.188644 0.114797 0.521776 -0.211803 0.063501 0.428656 -0.319201 -0.096174 -0.287008
2 -0.155913 -0.545965 -0.003243 -0.169773 -0.024345 0.113096 0.154766 0.183274 0.497045 -0.181417 0.119448 0.562390 -0.209246 0.060644 0.458920 -0.340520 -0.131438 -0.285043
16 -0.165003 -0.478081 -0.001458 -0.142975 -0.019348 0.108732 0.151121 0.140870 0.481978 -0.162952 0.100546 0.505731 -0.225519 0.089352 0.445572 -0.309827 -0.124979 -0.302089
11 -0.189541 -0.506337 -0.010693 -0.138452 0.002175 0.087819 0.110750 0.177346 0.525226 -0.203175 0.122224 0.524176 -0.228349 0.088619 0.454016 -0.320461 -0.123108 -0.276789
10 -0.170311 -0.501033 -0.046137 -0.146936 0.019111 0.138165 0.152819 0.148383 0.564779 -0.224770 0.140422 0.538997 -0.252494 0.093702 0.429116 -0.286144 -0.091307 -0.260396
5 -0.166172 -0.512757 -0.054562 -0.148572 0.023286 0.103675 0.152053 0.127194 0.539561 -0.216804 0.148771 0.529636 -0.248841 0.074832 0.446961 -0.322803 -0.112025 -0.289651
4 -0.177293 -0.505115 0.007156 -0.146191 -0.005338 0.098020 0.116603 0.195496 0.508181 -0.186692 0.151495 0.551744 -0.204380 0.069364 0.461034 -0.323824 -0.124676 -0.317423
7 -0.150744 -0.494516 -0.056727 -0.158705 -0.012772 0.134020 0.145641 0.154898 0.559042 -0.209953 0.108053 0.521916 -0.228234 0.041726 0.442666 -0.296029 -0.095265 -0.269743
9 -0.187681 -0.492598 -0.078405 -0.161622 0.013809 0.121776 0.137655 0.166620 0.599387 -0.230245 0.136077 0.563495 -0.246254 0.041364 0.432243 -0.320479 -0.111474 -0.252428
12 -0.194375 -0.576146 0.015641 -0.173021 -0.053148 0.119126 0.139895 0.144458 0.493302 -0.138517 0.156201 0.587101 -0.232811 0.094513 0.479510 -0.295652 -0.152263 -0.298125
6 -0.158359 -0.512121 0.003536 -0.123642 -0.013489 0.116606 0.147477 0.175806 0.493579 -0.167769 0.129570 0.507801 -0.220486 0.061776 0.448628 -0.294101 -0.115390 -0.295469
17 -0.181772 -0.528176 -0.007868 -0.144936 -0.038082 0.094688 0.157684 0.168662 0.554318 -0.164508 0.139933 0.564517 -0.213339 0.088736 0.439493 -0.297816 -0.112167 -0.313873
0 -0.173831 -0.534421 -0.010905 -0.184225 -0.024624 0.133943 0.127825 0.154285 0.513552 -0.191200 0.143911 0.529346 -0.223054 0.068340 0.476624 -0.327748 -0.086123 -0.286192
3 -0.216179 -0.532938 -0.015611 -0.161061 0.020846 0.128513 0.172602 0.161038 0.564883 -0.242471 0.147574 0.548640 -0.297025 0.047364 0.459309 -0.357650 -0.075328 -0.316579
15 -0.195852 -0.565357 0.034029 -0.183452 -0.020733 0.152335 0.163810 0.142631 0.501000 -0.176443 0.138112 0.544032 -0.222061 0.083658 0.489428 -0.334214 -0.145306 -0.321484
