18 18
1 -0.107754 -0.397175 0.169615 -0.112980 -0.115709 -0.018279 0.342029 0.189084 0.437520 0.047988 0.007941 0.279570 -0.145719 -0.301359 0.418429 -0.416814 -0.114985 -0.587647
13 -0.082716 -0.341441 0.182526 -0.205527 -0.099004 0.019980 0.366045 -0.013762 0.383994 0.092432 0.034859 0.284786 -0.132948 -0.259619 0.378903 -0.329094 -0.208828 -0.615990
12 -0.148583 -0.409086 0.207776 -0.216782 -0.136329 0.003754 0.383420 0.012503 0.412927 0.114149 0.082131 0.382688 -0.175157 -0.263747 0.428190 -0.356734 -0.239498 -0.674890
16 -0.091396 -0.316785 0.162523 -0.130061 -0.120934 0.003302 0.353304 0.072705 0.379093 0.073976 0.021475 0.288015 -0.154145 -0.229330 0.399575 -0.351422 -0.184572 -0.598794
3 -0.128074 -0.352338 0.195085 -0.148400 -0.107050 0.012833 0.377137 0.066633 0.374485 0.063635 0.058617 0.292004 -0.189214 -0.289907 0.385835 -0.373037 -0.147754 -0.625554
10 -0.091994 -0.345885 0.154759 -0.135880 -0.091959 0.043535 0.357142 0.080502 0.404492 0.046745 0.053714 0.314512 -0.165865 -0.232194 0.370144 -0.321937 -0.148521 -0.557509
2 -0.071670 -0.363086 0.155876 -0.128143 -0.119083 0.015795 0.359591 0.143388 0.378271 0.047527 0.021457 0.305029 -0.146148 -0.290428 0.409634 -0.403452 -0.150493 -0.574362
17 -0.092511 -0.329810 0.157678 -0.116659 -0.123214 -0.009538 0.344424 0.088872 0.401822 0.082720 0.053616 0.309310 -0.129345 -0.227525 0.353799 -0.311761 -0.154282 -0.585592
0 -0.096937 -0.365773 0.163532 -0.161526 -0.133056 0.034984 0.342162 0.095476 0.389275 0.059965 0.057412 0.303097 -0.150223 -0.263421 0.424778 -0.376391 -0.134987 -0.594230
4 -0.086231 -0.306279 0.147911 -0.123269 -0.084572 -0.016101 0.318479 0.107754 0.394699 0.040538 0.058966 0.289877 -0.127498 -0.267744 0.379567 -0.358466 -0.151697 -0.605367
14 -0.127900 -0.384263 0.227982 -0.212650 -0.095004 0.030883 0.361809 0.033034 0.392504 0.103732 0.012336 0.345938 -0.167686 -0.269906 0.401624 -0.346515 -0.167346 -0.648126
8 -0.080836 -0.422260 0.184398 -0.096277 -0.153055 0.037883 0.406451 0.177272 0.463339 0.079339 0.004247 0.306564 -0.196788 -0.314441 0.487215 -0.434344 -0.131720 -0.630058
7 -0.041196 -0.367801 0.110432 -0.054762 -0.154653 0.029412 0.347164 0.228333 0.459244 0.037551 -0.008425 0.260980 -0.160603 -0.328783 0.451611 -0.389541 -0.098379 -0.541003
6 -0.080403 -0.388324 0.161359 -0.066539 -0.128494 0.011010 0.373075 0.199413 0.435380 0.054657 0.030204 0.282672 -0.175593 -0.309418 0.458460 -0.413335 -0.142834 -0.607574
9 -0.095680 -0.350696 0.135366 -0.126383 -0.110413 0.012011 0.343062 0.128462 0.429231 0.053661 0.034707 0.308655 -0.151660 -0.293974 0.394398 -0.371308 -0.162676 -0.556012
15 -0.129038 -0.353474 0.212811 -0.203949 -0.082976 0.061572 0.364619 -0.015235 0.357980 0.070636 0.033387 0.282037 -0.142693 -0.220357 0.379621 -0.333917 -0.194854 -0.608762
5 -0.079371 -0.358337 0.118977 -0.144061 -0.079528 0.004200 0.365507 0.043020 0.412261 0.037423 0.062155 0.303214 -0.165395 -0.247106 0.398566 -0.369702 -0.171949 -0.600504
11 -0.114406 -0.370253 0.166851 -0.100577 -0.096220 -0.002149 0.302141 0.164459 0.398816 0.028338 0.014463 0.275180 -0.160136 -0.246415 0.419554 -0.394473 -0.137822 -0.544713
