18 18
16 -0.195568 -0.480235 0.182515 -0.235109 -0.121485 0.280116 0.392369 -0.066899 0.315521 0.049742 0.266786 0.582208 -0.320205 -0.019035 0.324898 -0.153551 -0.285806 -0.312686
11 -0.245083 -0.526982 0.205043 -0.178659 -0.087213 0.224207 0.314183 -0.010682 0.297495 0.035982 0.287454 0.539323 -0.300740 0.012461 0.308734 -0.140231 -0.266971 -0.281850
10 -0.209488 -0.503508 0.171707 -0.240570 -0.104252 0.303454 0.388224 -0.063420 0.330727 0.024713 0.313185 0.598483 -0.336996 -0.025029 0.290731 -0.124764 -0.259041 -0.267614
7 -0.175738 -0.501554 0.152488 -0.230649 -0.148353 0.299185 0.378816 -0.043129 0.342261 0.044717 0.287651 0.581358 -0.301028 -0.058412 0.328033 -0.130938 -0.254824 -0.285311
2 -0.106103 -0.447525 0.126763 -0.247913 -0.131567 0.284213 0.390440 -0.045941 0.280949 0.036928 0.221901 0.614011 -0.272307 -0.062748 0.280161 -0.165716 -0.254123 -0.255753
8 -0.215215 -0.537253 0.206675 -0.148155 -0.098843 0.243097 0.347481 -0.011415 0.283948 0.070626 0.288324 0.530059 -0.307234 0.020876 0.317358 -0.141928 -0.233015 -0.280417
12 -0.329030 -0.589965 0.269696 -0.147682 -0.075367 0.171332 0.276495 -0.027819 0.219155 0.095511 0.366116 0.514876 -0.298698 0.055822 0.289887 -0.088374 -0.291389 -0.295213
9 -0.199590 -0.461292 0.145987 -0.230700 -0.113521 0.269627 0.357214 -0.044327 0.326452 0.036831 0.283026 0.561877 -0.295353 -0.066913 0.281021 -0.140648 -0.261274 -0.253517
17 -0.156513 -0.482691 0.157768 -0.172580 -0.124118 0.209061 0.358371 -0.013435 0.321190 0.077182 0.263189 0.629680 -0.246344 0.014526 0.247263 -0.095128 -0.235159 -0.310687
6 -0.310640 -0.599663 0.281450 -0.076176 -0.042364 0.175378 0.299652 0.031402 0.240332 0.082395 0.360187 0.465700 -0.292048 0.050687 0.299096 -0.090826 -0.266803 -0.322726
15 -0.244970 -0.523914 0.216313 -0.206363 -0.086852 0.273421 0.359799 -0.053967 0.285371 0.040728 0.304929 0.532353 -0.296121 0.003425 0.297120 -0.133267 -0.264309 -0.289767
5 -0.211532 -0.558329 0.172224 -0.168329 -0.060886 0.222001 0.359479 -0.038595 0.323056 0.039819 0.311543 0.582941 -0.300521 0.029113 0.313617 -0.145806 -0.268489 -0.317746
13 -0.193628 -0.493574 0.201664 -0.267478 -0.128522 0.280149 0.381534 -0.081569 0.305041 0.066001 0.277838 0.552463 -0.307094 -0.069935 0.313121 -0.148202 -0.288972 -0.294651
3 -0.190366 -0.417605 0.173740 -0.251393 -0.125671 0.282174 0.373227 -0.072946 0.257081 0.026142 0.265831 0.522803 -0.322293 -0.101539 0.261874 -0.159215 -0.212985 -0.272085
0 -0.215301 -0.512639 0.192984 -0.247196 -0.119487 0.275003 0.337716 -0.053689 0.277659 0.048711 0.300985 0.548805 -0.295512 -0.031846 0.316410 -0.147704 -0.239457 -0.277910
14 -0.188402 -0.516878 0.200579 -0.204181 -0.070610 0.222395 0.308504 -0.025983 0.265196 0.074552 0.219951 0.590251 -0.268667 0.002449 0.271523 -0.113873 -0.234119 -0.278034
4 -0.242099 -0.516252 0.214714 -0.158397 -0.065566 0.208375 0.307186 0.007187 0.284447 0.046284 0.331932 0.556561 -0.282178 0.007383 0.294813 -0.135423 -0.254321 -0.312671
1 -0.340761 -0.616441 0.300740 -0.144868 -0.048712 0.155328 0.293497 0.023674 0.272482 0.083709 0.327909 0.479843 -0.273795 0.033398 0.276718 -0.114551 -0.251852 -0.317727
