18 18
2 -0.278541 -0.414733 0.374865 -0.375140 -0.098776 -0.070702 0.250340 0.003936 0.252567 0.124819 0.045994 0.431401 -0.024629 -0.134105 0.193280 -0.319860 -0.234460 -0.525902
0 -0.288068 -0.397259 0.365607 -0.380227 -0.111369 -0.055658 0.205579 -0.022119 0.245183 0.126195 0.084830 0.396916 -0.025751 -0.116732 0.201039 -0.288934 -0.182015 -0.509403
14 -0.298925 -0.440676 0.408789 -0.408913 -0.097559 -0.061211 0.217564 -0.050400 0.260539 0.169175 0.032911 0.436173 -0.041432 -0.103382 0.204091 -0.264430 -0.218101 -0.520525
15 -0.318702 -0.431079 0.401790 -0.396464 -0.092179 -0.040391 0.249958 -0.035864 0.267288 0.125423 0.062445 0.413639 -0.028473 -0.112281 0.205612 -0.301028 -0.241876 -0.534690
10 -0.279608 -0.432743 0.371935 -0.380309 -0.113101 -0.040788 0.277920 -0.042522 0.318435 0.143288 0.055875 0.450794 -0.054214 -0.083197 0.209053 -0.264540 -0.236552 -0.541430
12 -0.300846 -0.419769 0.377181 -0.382247 -0.122268 -0.080750 0.209162 -0.058816 0.243560 0.167410 0.078113 0.431309 -0.040112 -0.071616 0.194749 -0.236273 -0.244033 -0.505193
13 -0.255126 -0.442270 0.393518 -0.415128 -0.145954 -0.053896 0.268355 -0.084509 0.297193 0.197688 0.028797 0.410764 -0.028855 -0.108377 0.235011 -0.265819 -0.260729 -0.544306
8 -0.270169 -0.418999 0.368373 -0.355723 -0.116283 -0.047607 0.233578 -0.018568 0.254643 0.148286 0.043603 0.396378 -0.046592 -0.110427 0.213473 -0.291687 -0.192405 -0.488765
6 -0.272604 -0.424984 0.380506 -0.352110 -0.104575 -0.052101 0.246894 -0.012496 0.264389 0.149709 0.052963 0.404488 -0.038608 -0.109683 0.211350 -0.265306 -0.229145 -0.520492
1 -0.322913 -0.452348 0.414772 -0.410526 -0.090467 -0.091891 0.239658 -0.006338 0.300429 0.141540 0.036774 0.426916 -0.021610 -0.138773 0.200144 -0.329281 -0.215921 -0.558253
17 -0.292122 -0.427919 0.395210 -0.365818 -0.140053 -0.084480 0.258300 -0.024540 0.302985 0.174660 0.063203 0.444300 -0.025298 -0.079055 0.194094 -0.258538 -0.229300 -0.573130
16 -0.270650 -0.389837 0.378604 -0.361184 -0.121314 -0.066880 0.263965 -0.045632 0.282570 0.164389 0.022594 0.429183 -0.049814 -0.066373 0.228660 -0.285659 -0.262806 -0.579332
5 -0.263232 -0.408343 0.321486 -0.344894 -0.072259 -0.062611 0.252911 -0.049033 0.282672 0.107925 0.065972 0.406659 -0.052337 -0.096716 0.206686 -0.299762 -0.228408 -0.519135
3 -0.326828 -0.365651 0.398225 -0.339203 -0.068140 -0.088676 0.233847 -0.001411 0.230844 0.103137 0.085565 0.384037 -0.060705 -0.162010 0.167422 -0.328794 -0.178993 -0.559278
11 -0.286037 -0.391384 0.355229 -0.329651 -0.081772 -0.073697 0.206773 -0.011125 0.282799 0.107995 0.051252 0.390974 -0.054343 -0.083033 0.217866 -0.292372 -0.220643 -0.521351
7 -0.256683 -0.389313 0.333945 -0.360269 -0.108597 -0.047193 0.242971 -0.010439 0.294554 0.116413 0.036444 0.410383 -0.032069 -0.151013 0.214862 -0.293462 -0.210829 -0.522976
9 -0.289882 -0.389751 0.332085 -0.360248 -0.084998 -0.070502 0.230704 -0.003193 0.300783 0.116517 0.058200 0.432509 -0.028509 -0.145250 0.188290 -0.307846 -0.236688 -0.501463
4 -0.319231 -0.342507 0.379836 -0.335171 -0.042790 -0.113011 0.195301 0.037099 0.266173 0.085473 0.107287 0.426331 -0.010587 -0.158690 0.169463 -0.335191 -0.208649 -0.580319
