18 18
11 -0.076183 -0.405759 0.046868 -0.034797 -0.256497 0.023772 0.187210 0.384309 0.513510 0.012100 0.179863 0.557100 0.000041 -0.172641 0.357458 -0.305762 -0.134449 -0.374970
8 -0.005097 -0.387208 0.049894 0.100835 -0.246567 0.026056 0.339660 0.443918 0.427759 0.006882 0.180244 0.450138 -0.040014 -0.289374 0.288152 -0.388094 0.022180 -0.425974
0 -0.055169 -0.361767 0.029885 -0.028960 -0.260968 0.050196 0.221817 0.378734 0.471171 0.004280 0.208281 0.503779 0.019796 -0.195581 0.303870 -0.295658 -0.050348 -0.363399
7 0.001779 -0.361492 0.009142 0.063921 -0.257784 0.024346 0.304836 0.453919 0.490734 -0.014844 0.179810 0.487839 0.002933 -0.291031 0.290821 -0.350128 -0.017255 -0.427203
3 -0.018237 -0.358283 0.060423 0.143652 -0.216840 0.012129 0.386993 0.480008 0.387623 -0.047383 0.214051 0.400217 -0.056258 -0.348826 0.242397 -0.433160 0.067113 -0.476019
9 -0.059486 -0.370806 0.011691 -0.011098 -0.252927 0.028785 0.232084 0.413535 0.507843 0.012086 0.180527 0.540392 0.011953 -0.240209 0.284986 -0.307753 -0.088726 -0.344328
1 -0.065779 -0.399540 0.054572 0.019550 -0.219062 -0.023016 0.266871 0.437342 0.512494 0.001806 0.162977 0.491084 0.024585 -0.232755 0.254441 -0.334133 -0.037919 -0.410419
12 -0.118240 -0.488509 0.064152 -0.176941 -0.334681 -0.009120 0.118019 0.271165 0.530600 0.143696 0.216083 0.698235 0.020607 -0.149379 0.392648 -0.207641 -0.251092 -0.366733
6 -0.008784 -0.368139 0.042986 0.118817 -0.215395 -0.000114 0.327355 0.451224 0.416091 -0.005417 0.192980 0.423417 -0.022123 -0.293224 0.261876 -0.360628 -0.002927 -0.443626
15 -0.069945 -0.384504 0.059626 0.032445 -0.229623 0.049961 0.289603 0.412365 0.466592 -0.024262 0.199268 0.471519 -0.001190 -0.230338 0.282946 -0.343037 -0.045044 -0.408099
10 -0.051654 -0.367506 0.019762 0.011375 -0.236907 0.065920 0.255591 0.409524 0.528441 -0.025911 0.197430 0.526829 0.000011 -0.168587 0.281684 -0.277857 -0.061979 -0.351526
2 0.016582 -0.357068 0.027934 0.083623 -0.233789 0.014294 0.335333 0.440242 0.384264 -0.015763 0.177071 0.450180 -0.008667 -0.300005 0.259297 -0.391758 -0.018890 -0.403923
4 -0.003870 -0.376783 0.041635 0.100084 -0.234147 -0.027246 0.320328 0.475552 0.457642 -0.000404 0.234505 0.499089 -0.001465 -0.322576 0.280969 -0.393694 -0.007261 -0.494330
17 -0.044691 -0.367659 0.034749 0.047086 -0.264194 -0.002387 0.275731 0.424450 0.499117 0.022409 0.199482 0.514314 0.021698 -0.203655 0.258201 -0.289814 -0.049107 -0.414420
14 -0.079076 -0.448762 0.075982 -0.088923 -0.272935 0.018829 0.189847 0.354422 0.521029 0.077247 0.162926 0.619206 0.002890 -0.203475 0.352365 -0.274227 -0.141095 -0.401027
13 -0.047899 -0.448989 0.064397 -0.138896 -0.322835 0.003807 0.182821 0.295350 0.527136 0.122986 0.186104 0.626583 0.030354 -0.208316 0.395513 -0.265293 -0.225217 -0.402059
5 0.012368 -0.407981 0.003922 0.094086 -0.223582 -0.012150 0.371656 0.416625 0.469242 -0.014260 0.227288 0.495696 -0.039952 -0.294500 0.302392 -0.412798 -0.027256 -0.492239
16 -0.044554 -0.357393 0.034614 0.026103 -0.246802 0.025233 0.279147 0.408860 0.490185 0.003477 0.163107 0.512394 -0.009069 -0.199532 0.307731 -0.336224 -0.074615 -0.411219
