18 18
9 -0.189688 -0.344824 0.117537 -0.330315 -0.311132 0.100743 0.152906 0.299895 0.501127 0.050467 0.017867 0.582395 -0.018103 -0.429374 0.257671 -0.212631 -0.094811 -0.322789
1 -0.076740 -0.376081 0.087369 -0.298265 -0.206387 0.013165 0.176670 0.398717 0.412876 -0.066914 -0.020383 0.358717 0.114066 -0.602369 0.209621 -0.342799 0.144933 -0.400269
8 -0.165847 -0.376496 0.151006 -0.316934 -0.315354 0.092459 0.171953 0.295548 0.458857 0.064914 -0.003733 0.528111 -0.017703 -0.418072 0.276588 -0.232659 -0.042940 -0.353120
10 -0.152711 -0.354820 0.128199 -0.311676 -0.272414 0.102919 0.185668 0.327312 0.484005 0.005664 0.021041 0.533866 0.000261 -0.450360 0.230448 -0.219851 -0.016643 -0.349817
7 -0.044879 -0.354329 0.038916 -0.296593 -0.269097 0.072666 0.177428 0.359763 0.422408 -0.042861 -0.012523 0.410425 0.068530 -0.576521 0.258548 -0.294035 0.095022 -0.362972
15 -0.181289 -0.380100 0.134791 -0.345854 -0.296890 0.111476 0.175706 0.265199 0.466369 0.033161 0.016077 0.516632 0.011040 -0.415765 0.281264 -0.233994 -0.068627 -0.364809
2 -0.063371 -0.362794 0.071504 -0.302419 -0.257360 0.050544 0.195048 0.403227 0.403689 -0.052029 0.005579 0.457068 0.085576 -0.600556 0.220265 -0.332348 0.080791 -0.374878
14 -0.172308 -0.374636 0.156763 -0.344349 -0.289943 0.095339 0.148046 0.269549 0.445149 0.065758 -0.026005 0.525527 -0.008520 -0.415864 0.263891 -0.206273 -0.039343 -0.350185
0 -0.075620 -0.343555 0.062425 -0.301279 -0.261440 0.068619 0.158199 0.329997 0.390501 -0.033434 0.024205 0.393224 0.068270 -0.505391 0.239571 -0.285202 0.092198 -0.347538
13 -0.149186 -0.356312 0.147972 -0.337527 -0.296718 0.077880 0.169356 0.271287 0.464096 0.063945 -0.012731 0.500556 0.016395 -0.447966 0.261128 -0.227049 -0.072402 -0.362665
6 -0.044869 -0.360249 0.062373 -0.252625 -0.222136 0.047289 0.194265 0.375889 0.392158 -0.046704 -0.000859 0.362984 0.087844 -0.575104 0.240670 -0.315004 0.103690 -0.397908
3 -0.135212 -0.324801 0.132478 -0.287616 -0.241281 0.055827 0.191587 0.368209 0.401050 -0.035798 0.025659 0.442266 0.024297 -0.562665 0.197039 -0.295952 0.071941 -0.390745
4 -0.147890 -0.314637 0.130226 -0.296520 -0.253728 0.044014 0.148987 0.386096 0.460395 -0.016946 0.045519 0.515824 0.049101 -0.513640 0.218348 -0.270454 0.012079 -0.398127
17 -0.132210 -0.360013 0.106124 -0.295797 -0.318269 0.063602 0.182429 0.313099 0.485329 0.047943 0.005731 0.521801 0.035057 -0.430473 0.243597 -0.215110 -0.019400 -0.378127
16 -0.161895 -0.342593 0.139024 -0.315374 -0.293821 0.083086 0.175654 0.276717 0.454252 0.047770 -0.020249 0.524925 -0.010837 -0.391706 0.275171 -0.234750 -0.074775 -0.376429
5 -0.080653 -0.389982 0.048963 -0.303604 -0.246329 0.049275 0.200032 0.318590 0.451339 -0.036672 0.019521 0.447413 0.041269 -0.515635 0.255345 -0.308041 0.053583 -0.390044
12 -0.210085 -0.385675 0.151878 -0.351800 -0.317119 0.073540 0.144522 0.272895 0.454068 0.063883 0.041973 0.575821 -0.013703 -0.417918 0.255135 -0.207418 -0.083872 -0.353391
11 -0.195687 -0.367680 0.149753 -0.314421 -0.284260 0.083488 0.131827 0.281981 0.463456 0.036566 -0.000002 0.523330 -0.030301 -0.374832 0.286946 -0.223220 -0.084625 -0.337311
