18 18
1 -0.305923 -0.515521 0.198372 -0.160563 -0.155393 -0.005137 0.267503 0.153770 0.491865 0.025927 0.058511 0.430678 -0.180280 -0.113275 0.335173 -0.263285 -0.147188 -0.472154
3 -0.317417 -0.506977 0.232534 -0.149489 -0.170734 0.064674 0.327216 0.118335 0.427279 -0.000551 0.093834 0.416880 -0.245319 -0.111734 0.353398 -0.266749 -0.141090 -0.507455
17 -0.268124 -0.486256 0.197403 -0.134000 -0.225624 0.040004 0.301401 0.125987 0.457149 0.061896 0.073739 0.450719 -0.181936 -0.073867 0.339669 -0.196759 -0.157175 -0.490132
6 -0.274515 -0.504496 0.173807 -0.108506 -0.207040 0.042713 0.293227 0.170359 0.480790 0.055362 0.095256 0.465214 -0.213753 -0.128174 0.396606 -0.240644 -0.183749 -0.502263
12 -0.283523 -0.485344 0.143414 -0.158991 -0.188930 0.018938 0.248586 0.085131 0.414599 0.050592 0.120371 0.467980 -0.210591 -0.090369 0.342265 -0.208387 -0.190604 -0.435426
8 -0.233208 -0.465843 0.127438 -0.106648 -0.205514 0.019971 0.259943 0.152333 0.460130 0.067392 0.082680 0.445321 -0.191401 -0.119998 0.355732 -0.228927 -0.151585 -0.426912
15 -0.303582 -0.514843 0.213652 -0.176735 -0.164886 0.096770 0.314805 0.081166 0.442455 0.000064 0.083932 0.418733 -0.214988 -0.076849 0.369883 -0.252466 -0.175734 -0.481061
13 -0.267917 -0.496308 0.202362 -0.170834 -0.183934 0.048633 0.309009 0.101180 0.462437 0.034752 0.068833 0.418610 -0.198864 -0.118445 0.362798 -0.244961 -0.180661 -0.489003
16 -0.268475 -0.476399 0.166986 -0.134238 -0.199219 0.032844 0.294255 0.132843 0.466224 0.046426 0.067819 0.463715 -0.210477 -0.093047 0.386024 -0.253853 -0.189332 -0.499769
7 -0.222455 -0.470305 0.128084 -0.145257 -0.237454 0.055020 0.270641 0.140346 0.483778 0.056049 0.058476 0.449997 -0.176570 -0.139664 0.379362 -0.204618 -0.152100 -0.455055
9 -0.271372 -0.468959 0.126411 -0.121415 -0.205513 0.022866 0.265162 0.179765 0.516561 0.046531 0.091327 0.482007 -0.181382 -0.144704 0.347864 -0.230335 -0.187546 -0.441456
10 -0.284407 -0.498860 0.163153 -0.142793 -0.164026 0.061045 0.299138 0.124072 0.485117 -0.002032 0.108368 0.461226 -0.221343 -0.072557 0.339655 -0.221424 -0.156925 -0.452408
0 -0.283104 -0.506755 0.189273 -0.179323 -0.212579 0.047550 0.270772 0.111657 0.434685 0.043322 0.094933 0.438384 -0.192777 -0.098263 0.378337 -0.246687 -0.141447 -0.482705
11 -0.294594 -0.494176 0.201701 -0.137581 -0.149740 0.044732 0.263711 0.130985 0.441429 -0.009818 0.062968 0.398689 -0.212961 -0.066707 0.366097 -0.260621 -0.161068 -0.452051
14 -0.279526 -0.516243 0.221538 -0.182946 -0.186092 0.083890 0.283359 0.099501 0.426530 0.051893 0.032701 0.446223 -0.223343 -0.105217 0.378589 -0.225261 -0.144042 -0.475271
4 -0.275160 -0.461158 0.137925 -0.119013 -0.149989 -0.005218 0.241580 0.167190 0.482226 0.011248 0.125526 0.469113 -0.182986 -0.122415 0.348929 -0.257959 -0.174060 -0.476997
5 -0.273419 -0.523075 0.128369 -0.142650 -0.158873 0.017813 0.296722 0.108193 0.492552 0.015039 0.110482 0.480947 -0.233743 -0.107555 0.385366 -0.274481 -0.185207 -0.492783
2 -0.271979 -0.504160 0.209490 -0.169858 -0.160597 0.060428 0.310240 0.120205 0.407527 -0.004756 0.063346 0.416866 -0.195450 -0.099757 0.340760 -0.271255 -0.165625 -0.458273
