18 18
8 -0.109158 -0.537297 0.441190 -0.285674 -0.052552 0.227524 0.357181 -0.185845 0.172668 0.203193 0.075810 0.251124 -0.218525 -0.165592 0.412057 -0.207402 -0.133647 -0.562453
0 -0.124901 -0.487482 0.417006 -0.324894 -0.076944 0.216479 0.291058 -0.184508 0.162403 0.190242 0.105716 0.211206 -0.153319 -0.169166 0.385468 -0.175766 -0.107525 -0.541599
15 -0.224324 -0.474060 0.461236 -0.322266 -0.020640 0.213554 0.327137 -0.249495 0.145137 0.159121 0.145825 0.218364 -0.180170 -0.106400 0.330690 -0.172699 -0.177607 -0.560293
13 -0.101817 -0.495382 0.445144 -0.323628 -0.059365 0.198950 0.326003 -0.197259 0.184002 0.216738 0.069180 0.210339 -0.153160 -0.198455 0.386622 -0.176671 -0.160602 -0.568214
14 -0.136068 -0.490169 0.427794 -0.307605 -0.008437 0.207902 0.301281 -0.200382 0.140748 0.175942 0.060980 0.247697 -0.202293 -0.147294 0.352656 -0.169326 -0.122446 -0.526814
2 -0.108055 -0.518867 0.425328 -0.307636 -0.038826 0.225379 0.361452 -0.190159 0.143717 0.173260 0.093969 0.281773 -0.201684 -0.170706 0.383077 -0.206341 -0.170406 -0.552478
3 -0.238200 -0.452234 0.467252 -0.288694 0.003711 0.168819 0.314205 -0.221289 0.111532 0.142885 0.145127 0.211474 -0.222860 -0.119921 0.289277 -0.177008 -0.126333 -0.558773
4 -0.126455 -0.468539 0.426368 -0.284203 -0.025982 0.181637 0.293596 -0.147744 0.171656 0.161559 0.125311 0.248628 -0.150749 -0.168494 0.372324 -0.195726 -0.153388 -0.583370
6 -0.117113 -0.511113 0.432004 -0.265593 -0.030024 0.211822 0.336522 -0.164724 0.173591 0.182751 0.092876 0.235554 -0.197627 -0.166779 0.380939 -0.170624 -0.144134 -0.561364
10 -0.179055 -0.540130 0.460079 -0.301270 -0.001049 0.244843 0.376095 -0.225611 0.203078 0.156814 0.145507 0.292715 -0.248996 -0.106441 0.368569 -0.160967 -0.159521 -0.580182
17 -0.204347 -0.508244 0.455298 -0.273845 -0.028670 0.182643 0.350377 -0.213116 0.186251 0.179082 0.152483 0.292531 -0.209923 -0.082827 0.330580 -0.151968 -0.172526 -0.593301
7 -0.080321 -0.494685 0.392209 -0.291697 -0.069915 0.227914 0.334268 -0.165911 0.204728 0.177771 0.074257 0.242969 -0.176306 -0.192357 0.399240 -0.170089 -0.133326 -0.548264
12 -0.212062 -0.500135 0.433772 -0.309509 -0.023776 0.181056 0.303539 -0.239733 0.142692 0.174521 0.156915 0.275795 -0.208113 -0.097012 0.338702 -0.156746 -0.182286 -0.553069
11 -0.208528 -0.503707 0.442072 -0.269684 -0.002771 0.185075 0.297869 -0.177000 0.181578 0.130104 0.124435 0.250418 -0.218851 -0.082566 0.364371 -0.187317 -0.165764 -0.536455
5 -0.141384 -0.552005 0.406993 -0.298736 0.010459 0.215554 0.380750 -0.245528 0.200715 0.151408 0.127980 0.297740 -0.253441 -0.127552 0.394950 -0.207441 -0.169297 -0.590686
1 -0.180329 -0.508153 0.454016 -0.315484 -0.019611 0.162742 0.306216 -0.172042 0.188327 0.173741 0.084174 0.222694 -0.161437 -0.154145 0.338257 -0.193636 -0.127989 -0.567830
16 -0.131272 -0.456529 0.403062 -0.282479 -0.037044 0.186920 0.316071 -0.189674 0.153484 0.169710 0.072773 0.236787 -0.189357 -0.122278 0.364199 -0.183812 -0.157919 -0.545470
9 -0.008402 0.003844 -0.023332 -0.006576 0.000593 0.000225 -0.003692 0.013429 0.026437 -0.004111 0.005667 0.021814 0.003016 -0.025362 -0.007905 -0.006482 -0.012628 0.018993
