18 18
9 -0.142792 -0.571487 0.108693 -0.389940 -0.227138 0.105192 0.285866 -0.244088 0.436303 0.222435 0.163947 0.445677 -0.062173 -0.074693 0.372187 -0.257849 -0.262568 -0.347679
8 -0.151738 -0.609951 0.044154 -0.275300 -0.212942 0.012119 0.231531 -0.085867 0.332541 0.134544 0.287338 0.489716 -0.111522 -0.017867 0.392886 -0.358399 -0.190114 -0.298923
12 -0.194368 -0.618200 -0.012904 -0.274633 -0.182111 -0.085474 0.151426 -0.039918 0.280158 0.080794 0.398993 0.573917 -0.105791 0.007230 0.369105 -0.381317 -0.207933 -0.287147
5 -0.178203 -0.646589 -0.069120 -0.242487 -0.151244 -0.105712 0.175653 0.008456 0.312528 0.017615 0.461571 0.617046 -0.128363 0.008462 0.403729 -0.465971 -0.188388 -0.315734
0 -0.179517 -0.626154 -0.052134 -0.264876 -0.208557 -0.105299 0.123883 0.069418 0.225492 0.024117 0.479898 0.608842 -0.082628 -0.010332 0.413263 -0.489656 -0.150298 -0.294379
13 -0.020262 -0.508431 0.414384 -0.631839 -0.357535 0.336706 0.482374 -0.617469 0.541861 0.526399 -0.220342 0.191317 0.075663 -0.194333 0.422733 -0.081066 -0.369013 -0.556780
1 -0.186753 -0.610003 0.026833 -0.286448 -0.174527 -0.102631 0.162308 0.012588 0.291610 0.075071 0.355849 0.546478 -0.060059 -0.026894 0.365220 -0.429946 -0.175134 -0.330640
6 -0.143856 -0.585215 -0.006282 -0.229562 -0.194055 -0.052645 0.190542 0.017717 0.264243 0.076958 0.377202 0.544965 -0.091883 -0.030664 0.388389 -0.403235 -0.197372 -0.311661
10 -0.140810 -0.594503 0.078394 -0.346106 -0.213491 0.106441 0.289918 -0.196771 0.436334 0.165882 0.223673 0.485893 -0.098393 -0.014684 0.375645 -0.254969 -0.240450 -0.322934
7 -0.078060 -0.512105 0.167097 -0.425714 -0.268309 0.186406 0.327198 -0.318298 0.453606 0.273748 0.039610 0.344633 -0.015822 -0.109046 0.380645 -0.183083 -0.260216 -0.387059
2 -0.141173 -0.624943 -0.035711 -0.260676 -0.222160 -0.089190 0.185559 0.060496 0.235101 0.056686 0.418163 0.622582 -0.073869 -0.031788 0.401523 -0.480510 -0.205693 -0.300962
4 -0.191186 -0.629399 -0.077258 -0.231349 -0.175476 -0.173107 0.103051 0.136648 0.241589 -0.007970 0.543124 0.685102 -0.083123 -0.007905 0.410931 -0.532550 -0.170064 -0.325590
15 -0.097933 -0.500489 0.332861 -0.516592 -0.278217 0.272888 0.393056 -0.476436 0.440708 0.378857 -0.080678 0.235407 0.027898 -0.106782 0.385161 -0.139067 -0.311671 -0.474904
16 -0.177861 -0.624963 -0.036492 -0.253972 -0.205732 -0.113549 0.171250 0.052262 0.251344 0.045738 0.439800 0.637867 -0.104743 0.010864 0.430145 -0.497825 -0.208468 -0.342175
11 -0.171321 -0.588839 0.073444 -0.309765 -0.193025 0.046343 0.226358 -0.123651 0.410762 0.121449 0.234090 0.481887 -0.101500 -0.004062 0.399120 -0.315959 -0.237172 -0.318781
17 -0.079349 -0.515177 0.314865 -0.496812 -0.319254 0.229901 0.399794 -0.442440 0.484665 0.413615 -0.065268 0.301941 0.034367 -0.101732 0.377665 -0.119363 -0.300656 -0.499696
14 -0.091470 -0.526576 0.319111 -0.516232 -0.260947 0.225608 0.346103 -0.440413 0.412830 0.385704 -0.077690 0.286676 0.005326 -0.112085 0.381232 -0.144883 -0.268717 -0.460136
3 -0.024675 0.005665 0.025365 0.004601 0.007865 -0.001883 0.014761 -0.000233 -0.026227 -0.010111 0.011993 -0.020661 -0.026950 -0.026588 -0.012274 -0.019090 0.026092 -0.020014
