18 18
2 -0.284066 -0.427969 0.308565 -0.348358 -0.066625 0.208007 0.236932 0.030349 0.132353 -0.101559 0.273969 0.469725 -0.025914 -0.031499 0.394691 -0.462945 -0.334318 -0.436997
4 -0.362332 -0.372252 0.384061 -0.291877 0.015165 0.189194 0.149205 0.061692 0.127849 -0.111421 0.251566 0.367028 -0.047947 0.006648 0.365445 -0.446568 -0.245260 -0.435283
6 -0.371478 -0.405837 0.404008 -0.243006 0.020634 0.179493 0.150282 0.106578 0.143239 -0.123853 0.201593 0.307470 -0.072873 0.001796 0.435430 -0.491776 -0.278805 -0.462501
17 -0.277375 -0.459660 0.274147 -0.328751 -0.147871 0.173277 0.251409 0.022767 0.206909 -0.042265 0.307402 0.523502 -0.015532 -0.006221 0.404598 -0.400401 -0.325967 -0.485846
7 -0.272976 -0.440886 0.269895 -0.344314 -0.101163 0.204556 0.230348 0.031823 0.200129 -0.100109 0.268042 0.469988 -0.028590 -0.046317 0.432790 -0.436718 -0.318073 -0.459302
12 -0.384590 -0.423401 0.373698 -0.320015 -0.022734 0.192125 0.151633 0.012854 0.116631 -0.081721 0.253038 0.394024 -0.066881 0.033508 0.383046 -0.414063 -0.289113 -0.417498
10 -0.352459 -0.388750 0.368137 -0.297642 0.018326 0.255359 0.199990 -0.001541 0.119475 -0.112397 0.245813 0.381276 -0.092459 0.054953 0.360491 -0.408492 -0.255679 -0.398275
11 -0.494077 -0.452197 0.503259 -0.200357 0.100503 0.084717 0.032285 0.269752 0.234560 -0.216833 0.106617 0.213463 -0.074786 0.019170 0.514217 -0.634455 -0.269164 -0.477440
8 -0.439931 -0.393501 0.507362 -0.265918 0.050260 0.252856 0.172596 0.047708 0.073580 -0.091204 0.150688 0.243740 -0.105831 0.026355 0.430259 -0.566556 -0.231872 -0.465953
9 -0.347087 -0.408539 0.330820 -0.316485 -0.022112 0.183410 0.173567 0.070327 0.181788 -0.113153 0.231904 0.396516 -0.037768 -0.035164 0.384198 -0.461058 -0.296127 -0.409519
3 -0.370110 -0.410292 0.389029 -0.325731 -0.028779 0.216211 0.224821 0.019524 0.105728 -0.104639 0.265207 0.384150 -0.078434 -0.031849 0.388900 -0.492839 -0.276439 -0.477059
13 -0.305797 -0.422848 0.332706 -0.327543 -0.053206 0.165489 0.194024 0.042322 0.176925 -0.093557 0.235338 0.396841 -0.029445 -0.037337 0.431115 -0.475860 -0.332457 -0.464039
15 -0.417460 -0.377996 0.446638 -0.296509 0.046230 0.240445 0.177820 0.011727 0.104375 -0.115450 0.181774 0.278558 -0.064966 0.028001 0.391162 -0.498237 -0.271436 -0.455752
1 -0.489029 -0.452827 0.504898 -0.246709 0.089988 0.079265 0.061488 0.245953 0.233941 -0.189110 0.109249 0.226538 -0.037991 -0.014267 0.455769 -0.607416 -0.252868 -0.483022
5 -0.292710 -0.445257 0.279910 -0.331183 -0.046413 0.207335 0.254450 -0.030379 0.169021 -0.095617 0.301993 0.471208 -0.070312 0.006333 0.408255 -0.443103 -0.315679 -0.466950
0 -0.319900 -0.405634 0.325393 -0.325050 -0.055496 0.210376 0.179063 0.010723 0.123163 -0.087590 0.258979 0.383844 -0.046470 0.002427 0.399582 -0.435007 -0.259906 -0.422779
16 -0.365254 -0.363847 0.388847 -0.280644 0.008554 0.194906 0.182139 0.025628 0.113901 -0.099112 0.181152 0.326491 -0.078913 0.034444 0.389749 -0.464516 -0.281611 -0.451238
14 -0.362013 -0.405209 0.394681 -0.322523 0.015761 0.226778 0.160702 -0.002701 0.100159 -0.075371 0.205600 0.380696 -0.083441 0.030353 0.362952 -0.402772 -0.232721 -0.410410
