18 18
2 -0.129331 -0.298091 0.081270 -0.416126 -0.262729 -0.049084 0.161246 0.213822 0.361437 0.072839 0.057455 0.799171 0.116024 -0.160577 0.220908 -0.290605 -0.478244 -0.300008
0 -0.189473 -0.197291 0.084114 -0.334223 -0.234434 -0.087018 0.095184 0.215069 0.386448 0.051105 0.248225 0.770455 0.157144 -0.064049 0.197417 -0.261503 -0.365918 -0.412106
4 -0.188925 -0.090660 0.113629 -0.215651 -0.089956 -0.174314 0.107733 0.232913 0.367753 0.015732 0.304596 0.722822 0.162992 -0.076273 0.126355 -0.255052 -0.406099 -0.547972
9 -0.185736 -0.229222 0.090272 -0.360059 -0.204683 -0.079191 0.149395 0.200811 0.426632 0.072830 0.120934 0.772603 0.111609 -0.141903 0.181380 -0.255488 -0.440543 -0.371611
3 -0.197199 -0.182463 0.121745 -0.284571 -0.157140 -0.103784 0.148771 0.196151 0.343637 0.037288 0.207826 0.709687 0.093289 -0.119235 0.155557 -0.265783 -0.377059 -0.448154
1 -0.192277 -0.269587 0.104481 -0.365995 -0.234791 -0.085056 0.115163 0.221388 0.392096 0.064182 0.107363 0.745552 0.123588 -0.085756 0.188733 -0.259548 -0.378466 -0.330799
11 -0.182715 -0.253065 0.087857 -0.320855 -0.200314 -0.079173 0.111057 0.218824 0.376309 0.030140 0.137362 0.748080 0.091058 -0.079166 0.216745 -0.273466 -0.415048 -0.346646
10 -0.155988 -0.240199 0.077118 -0.345529 -0.203128 -0.041572 0.151848 0.186897 0.399627 0.044228 0.139280 0.769209 0.091986 -0.090359 0.190686 -0.234123 -0.414234 -0.341171
17 -0.176943 -0.122327 0.088196 -0.192856 -0.162005 -0.155992 0.107932 0.230275 0.363504 0.051772 0.267091 0.715659 0.156438 -0.012312 0.109136 -0.199324 -0.344404 -0.456429
13 -0.173070 -0.223256 0.147980 -0.392812 -0.195703 -0.103049 0.198983 0.168874 0.457912 0.106277 0.127573 0.790460 0.134412 -0.176646 0.198875 -0.267844 -0.508133 -0.490307
14 -0.209099 -0.212352 0.162829 -0.357908 -0.142212 -0.097811 0.150215 0.173227 0.406313 0.084886 0.124779 0.756569 0.106886 -0.126091 0.165744 -0.236766 -0.431586 -0.463505
15 -0.221315 -0.176077 0.143435 -0.307866 -0.135699 -0.109253 0.167167 0.177060 0.411227 0.045712 0.245309 0.765471 0.142498 -0.085899 0.166747 -0.262089 -0.461083 -0.531386
12 -0.172620 -0.270898 0.079472 -0.358550 -0.228709 -0.079094 0.131106 0.173107 0.348416 0.071133 0.165839 0.786113 0.094595 -0.116795 0.207951 -0.253120 -0.455640 -0.359810
7 -0.109016 -0.249229 0.054250 -0.341160 -0.239147 -0.038633 0.154922 0.186893 0.369838 0.057096 0.082633 0.718991 0.092311 -0.147462 0.220644 -0.248989 -0.407651 -0.328077
16 -0.187340 -0.166303 0.094764 -0.288663 -0.202457 -0.098897 0.119569 0.204388 0.369497 0.050349 0.192914 0.740701 0.121785 -0.021596 0.189155 -0.250749 -0.392462 -0.417209
5 -0.182146 -0.127242 0.097942 -0.217076 -0.067186 -0.171307 0.159759 0.176880 0.391502 0.020035 0.297201 0.723962 0.127798 -0.076402 0.134757 -0.265616 -0.418044 -0.566312
6 -0.160661 -0.182283 0.100548 -0.250312 -0.157366 -0.109251 0.139054 0.228258 0.364182 0.045437 0.228468 0.739994 0.123056 -0.100676 0.178682 -0.254050 -0.410572 -0.464226
8 -0.130563 -0.269045 0.093242 -0.324405 -0.222802 -0.048073 0.154845 0.188392 0.337153 0.078086 0.085964 0.708710 0.070933 -0.133820 0.221400 -0.272647 -0.395851 -0.325058
