18 18
1 -0.399979 -0.521759 0.309814 -0.291954 -0.147589 -0.017441 0.169813 0.208190 0.386272 0.016973 0.102040 0.356879 -0.012313 -0.150358 0.244714 -0.341340 0.011841 -0.466989
0 -0.355340 -0.500552 0.247441 -0.310205 -0.220928 0.048606 0.183246 0.160100 0.385974 0.018614 0.131634 0.391382 -0.034162 -0.137532 0.325383 -0.342226 -0.042752 -0.449478
9 -0.366178 -0.484279 0.211627 -0.305996 -0.203254 0.033796 0.171108 0.171991 0.413707 0.018344 0.109670 0.427778 -0.042815 -0.173027 0.293945 -0.330294 -0.108495 -0.383184
15 -0.378760 -0.497675 0.295876 -0.297370 -0.167018 0.052738 0.207014 0.145006 0.365772 0.005367 0.115473 0.370884 -0.039930 -0.115888 0.300292 -0.353492 -0.047210 -0.478893
14 -0.392706 -0.533845 0.307464 -0.314547 -0.167582 0.030363 0.178566 0.179139 0.386386 0.025029 0.094974 0.407898 -0.049431 -0.145348 0.303956 -0.346677 -0.013951 -0.484467
2 -0.350787 -0.505884 0.261728 -0.296711 -0.179774 0.021510 0.186531 0.198794 0.354650 0.010283 0.109290 0.414070 -0.020465 -0.167742 0.279158 -0.357694 -0.057930 -0.431723
7 -0.341208 -0.505339 0.231260 -0.297627 -0.204923 0.039286 0.181476 0.188225 0.407251 0.004657 0.104613 0.388151 -0.024321 -0.181269 0.308868 -0.330231 -0.030062 -0.447248
12 -0.395403 -0.536820 0.247826 -0.322587 -0.214974 0.019583 0.158027 0.150163 0.378100 0.038441 0.137287 0.433008 -0.044325 -0.145704 0.300302 -0.312133 -0.094276 -0.410817
8 -0.364399 -0.526775 0.288616 -0.283413 -0.199424 0.032082 0.210029 0.183049 0.390946 0.032186 0.099139 0.378224 -0.054866 -0.140048 0.313222 -0.362405 -0.017487 -0.467779
16 -0.364385 -0.487360 0.267187 -0.300189 -0.226321 0.037640 0.221255 0.155947 0.405573 0.033032 0.089574 0.407326 -0.054933 -0.111324 0.337140 -0.354221 -0.099314 -0.479711
17 -0.340185 -0.468509 0.260542 -0.248095 -0.204453 0.007270 0.199054 0.177466 0.387129 0.040428 0.109675 0.376657 -0.020670 -0.109748 0.262150 -0.296174 -0.036960 -0.458292
10 -0.374675 -0.527586 0.252780 -0.306798 -0.203009 0.062516 0.217877 0.170158 0.436482 0.004835 0.127063 0.434442 -0.062331 -0.124493 0.312410 -0.331599 -0.069974 -0.440974
5 -0.372612 -0.530573 0.246856 -0.286789 -0.151300 0.007672 0.204377 0.165400 0.411508 -0.009415 0.137023 0.404089 -0.053619 -0.142775 0.301427 -0.365120 -0.043647 -0.486555
6 -0.366843 -0.516927 0.279830 -0.266128 -0.176536 0.032152 0.196370 0.204385 0.384271 0.015410 0.125705 0.391170 -0.044662 -0.161284 0.310501 -0.343630 -0.045822 -0.481591
4 -0.370075 -0.470540 0.274420 -0.262294 -0.139644 -0.005790 0.153391 0.218076 0.378386 -0.010729 0.147000 0.384020 -0.013199 -0.151772 0.272194 -0.350081 -0.006650 -0.494480
3 -0.405184 -0.520265 0.310313 -0.291669 -0.176066 0.017054 0.208307 0.192474 0.376983 0.005581 0.127311 0.373020 -0.059545 -0.176163 0.285574 -0.368274 0.000609 -0.502491
13 -0.336529 -0.486264 0.251822 -0.310241 -0.199275 0.029798 0.187135 0.143692 0.390397 0.034635 0.089822 0.372916 -0.033379 -0.163925 0.310022 -0.330079 -0.099644 -0.428360
11 -0.362604 -0.482762 0.240331 -0.275243 -0.172406 0.019311 0.147124 0.176699 0.383084 -0.002211 0.093944 0.381043 -0.055368 -0.122478 0.307878 -0.332980 -0.080255 -0.398328
