18 18
0 -0.186727 -0.514322 0.209840 -0.406747 -0.222272 0.053174 0.074169 0.048595 0.287387 0.087835 0.273089 0.305039 -0.054158 -0.398817 0.406497 -0.342767 -0.057936 -0.352373
13 -0.177677 -0.541779 0.226135 -0.402549 -0.193767 0.031100 0.075317 0.059671 0.313723 0.106871 0.242241 0.320188 -0.081792 -0.453867 0.396163 -0.328924 -0.081640 -0.343875
9 -0.185553 -0.565517 0.100195 -0.392195 -0.228370 0.080666 0.003631 0.097972 0.388244 0.098036 0.253531 0.438382 -0.125166 -0.424413 0.415326 -0.279636 -0.107855 -0.168456
1 -0.226276 -0.560598 0.261224 -0.410585 -0.157404 0.003886 0.061493 0.093832 0.308173 0.088771 0.228883 0.316619 -0.066848 -0.442917 0.367116 -0.351505 -0.037727 -0.362255
14 -0.198409 -0.550335 0.212543 -0.396370 -0.157949 0.059706 0.023388 0.069330 0.294382 0.104540 0.207932 0.368635 -0.124040 -0.410202 0.382465 -0.285205 -0.050154 -0.266834
7 -0.159470 -0.568418 0.137978 -0.406105 -0.243549 0.089498 0.026124 0.095519 0.375522 0.094707 0.235727 0.402835 -0.112153 -0.451992 0.441781 -0.288192 -0.068780 -0.243010
4 -0.244230 -0.540801 0.250203 -0.402846 -0.131132 -0.017916 0.038152 0.101066 0.301573 0.033807 0.357135 0.337240 -0.075063 -0.504561 0.393210 -0.412035 -0.026012 -0.447058
8 -0.166371 -0.542049 0.183398 -0.361171 -0.213124 0.055426 0.056934 0.082040 0.310087 0.110076 0.230659 0.353983 -0.113672 -0.399083 0.409683 -0.314238 -0.055616 -0.276541
2 -0.175911 -0.549415 0.207795 -0.402738 -0.190292 0.040813 0.075223 0.087557 0.277271 0.083171 0.259382 0.358991 -0.078379 -0.456314 0.389347 -0.359927 -0.075636 -0.320988
3 -0.239077 -0.493805 0.267608 -0.363564 -0.121423 -0.016256 0.095317 0.064131 0.232465 0.032034 0.306171 0.250450 -0.102715 -0.487467 0.340610 -0.404183 0.001978 -0.443504
6 -0.161831 -0.532694 0.184837 -0.341097 -0.187954 0.069936 0.051942 0.092154 0.296778 0.100415 0.224332 0.346354 -0.110404 -0.392497 0.401270 -0.274699 -0.086549 -0.268758
10 -0.172309 -0.573126 0.129384 -0.379470 -0.202731 0.098904 0.026358 0.095922 0.388795 0.083060 0.254088 0.434453 -0.145170 -0.384172 0.409223 -0.250558 -0.086366 -0.184143
5 -0.205282 -0.554433 0.200354 -0.385137 -0.136923 0.000874 0.093668 0.050139 0.313803 0.045237 0.308787 0.338766 -0.108224 -0.451577 0.394500 -0.391025 -0.064782 -0.401368
12 -0.200851 -0.597900 0.126306 -0.399088 -0.234593 0.068298 -0.016071 0.075034 0.357474 0.113168 0.280229 0.457017 -0.143780 -0.394931 0.430005 -0.253721 -0.116970 -0.181428
15 -0.198104 -0.529470 0.198179 -0.388565 -0.188777 0.075503 0.060631 0.047545 0.302854 0.082629 0.237603 0.334980 -0.085190 -0.375899 0.394438 -0.303577 -0.090723 -0.291722
17 -0.188892 -0.526902 0.208797 -0.357851 -0.215270 0.012115 0.076044 0.089944 0.325912 0.108644 0.262164 0.354211 -0.068602 -0.403752 0.366378 -0.301187 -0.055213 -0.355032
11 -0.189785 -0.591003 0.140040 -0.380507 -0.220057 0.071217 -0.007072 0.113609 0.389136 0.083063 0.238644 0.426885 -0.143042 -0.394863 0.458309 -0.295920 -0.107320 -0.205028
16 -0.190084 -0.547615 0.201317 -0.403691 -0.225157 0.054101 0.079169 0.069749 0.333640 0.100306 0.249225 0.377663 -0.103840 -0.414899 0.441830 -0.345829 -0.107365 -0.344183
