18 18
0 -0.181870 -0.460145 0.188264 -0.311588 0.042544 0.034823 -0.047547 0.446385 0.205816 -0.185490 0.143978 0.590202 -0.024978 -0.291898 0.274825 -0.457455 -0.025515 -0.203654
11 -0.207883 -0.442690 0.173636 -0.273946 0.137550 -0.002384 -0.119320 0.485954 0.234137 -0.240277 0.156728 0.675426 -0.054877 -0.282332 0.261494 -0.453711 -0.089486 -0.170848
4 -0.160221 -0.359163 0.154603 -0.234804 0.114286 -0.013993 -0.100132 0.480728 0.178193 -0.223668 0.185341 0.626103 -0.017355 -0.311351 0.212062 -0.432438 -0.039026 -0.187631
10 -0.188411 -0.464499 0.148961 -0.295262 0.151393 0.059528 -0.093847 0.468795 0.269172 -0.248732 0.173159 0.734081 -0.072292 -0.270842 0.251786 -0.418123 -0.087031 -0.133007
9 -0.205796 -0.469576 0.177071 -0.327180 0.088633 0.025378 -0.075683 0.469079 0.241484 -0.197663 0.133935 0.652181 -0.028954 -0.320434 0.252592 -0.461362 -0.075857 -0.162532
2 -0.148979 -0.416303 0.159575 -0.248521 0.102828 0.000926 -0.058554 0.489274 0.180811 -0.214458 0.145706 0.658190 -0.030094 -0.317510 0.224129 -0.461235 -0.057003 -0.175034
3 -0.190585 -0.416289 0.194877 -0.243291 0.085601 0.010666 -0.023833 0.467009 0.177223 -0.211462 0.155735 0.596665 -0.069279 -0.317733 0.229405 -0.470294 -0.000577 -0.221877
1 -0.204578 -0.481694 0.226438 -0.288581 0.069147 -0.016710 -0.031470 0.490196 0.221649 -0.180032 0.116230 0.594789 -0.015455 -0.315675 0.238863 -0.484595 -0.005572 -0.235102
8 -0.172248 -0.467302 0.195031 -0.276755 0.044273 0.031388 -0.027897 0.433841 0.213644 -0.154498 0.107425 0.590856 -0.048163 -0.274044 0.270368 -0.446683 -0.033833 -0.185643
5 -0.174436 -0.460049 0.136226 -0.287151 0.125176 0.002114 -0.063452 0.432977 0.245648 -0.224533 0.169796 0.678681 -0.058508 -0.290214 0.259427 -0.458849 -0.087697 -0.188321
6 -0.145037 -0.396552 0.153909 -0.190271 0.102857 0.006754 -0.038851 0.463762 0.193304 -0.195910 0.156069 0.595350 -0.054149 -0.297461 0.229927 -0.410494 -0.042427 -0.203944
7 -0.152056 -0.431418 0.146376 -0.277556 0.082608 0.026384 -0.064214 0.470688 0.238971 -0.210728 0.141421 0.662021 -0.039292 -0.328822 0.259779 -0.434057 -0.062082 -0.184882
17 -0.179941 -0.436252 0.182450 -0.238771 0.057439 -0.012548 -0.033336 0.478611 0.234721 -0.175027 0.156758 0.653583 -0.027635 -0.279627 0.229595 -0.430691 -0.037885 -0.233729
12 -0.224422 -0.479298 0.194537 -0.352955 0.068910 0.002466 -0.124022 0.413362 0.195191 -0.161167 0.179259 0.700210 -0.039882 -0.287245 0.261561 -0.406566 -0.132336 -0.148968
14 -0.187159 -0.439433 0.192456 -0.288839 0.121519 0.018729 -0.097907 0.439784 0.194291 -0.185418 0.119923 0.642918 -0.052712 -0.281830 0.239355 -0.407699 -0.057730 -0.168397
15 -0.207810 -0.465147 0.198854 -0.317508 0.087895 0.048559 -0.050435 0.421316 0.218072 -0.200985 0.148688 0.631159 -0.035521 -0.283180 0.266819 -0.453488 -0.084196 -0.193605
16 -0.171912 -0.412746 0.185438 -0.264476 0.052092 0.014144 -0.021606 0.423277 0.200215 -0.167878 0.109377 0.586404 -0.045303 -0.255197 0.262492 -0.438777 -0.067258 -0.219191
13 -0.171244 -0.432705 0.195603 -0.324164 0.087483 -0.004597 -0.096559 0.429942 0.211080 -0.169976 0.141693 0.658776 -0.026015 -0.325728 0.262329 -0.431317 -0.131313 -0.177466
