18 18
2 -0.329622 -0.429100 0.325835 -0.266287 -0.033136 0.179002 0.259103 0.055111 0.005921 -0.028410 0.276875 0.367215 -0.116816 -0.294620 0.231117 -0.370240 -0.160715 -0.403698
1 -0.350836 -0.524455 0.305083 -0.215890 -0.094710 0.252541 0.346055 0.249427 0.224070 -0.076376 0.292277 0.419600 -0.142467 -0.400025 0.261751 -0.404527 -0.079616 -0.400895
0 -0.367176 -0.479772 0.341318 -0.295180 -0.072264 0.223261 0.269634 0.068592 0.062284 -0.027841 0.319190 0.384314 -0.135585 -0.320121 0.275012 -0.382363 -0.132685 -0.427424
15 -0.424102 -0.390737 0.425502 -0.367184 0.073901 0.098117 0.166997 -0.174208 -0.133828 0.011269 0.285161 0.308693 -0.098674 -0.176200 0.211871 -0.356674 -0.243983 -0.501458
3 -0.397333 -0.401866 0.393039 -0.297353 0.031612 0.110384 0.216078 -0.058713 -0.073835 -0.009695 0.283060 0.309048 -0.143954 -0.258968 0.209639 -0.372669 -0.164703 -0.478729
6 -0.336624 -0.471432 0.319048 -0.220875 -0.053685 0.224573 0.308673 0.120828 0.093051 -0.030938 0.303453 0.386409 -0.149447 -0.343531 0.267327 -0.367972 -0.149417 -0.434835
9 -0.339166 -0.458138 0.275062 -0.220866 -0.069371 0.232219 0.314287 0.163145 0.150605 -0.047681 0.298554 0.416079 -0.137498 -0.381653 0.236506 -0.373761 -0.139975 -0.380071
10 -0.352094 -0.517820 0.308488 -0.243713 -0.087163 0.309056 0.373172 0.169758 0.174753 -0.075994 0.339830 0.462664 -0.180267 -0.370859 0.273190 -0.379376 -0.122624 -0.406488
14 -0.423740 -0.414701 0.449115 -0.385730 0.075995 0.072308 0.143026 -0.180440 -0.156667 0.055871 0.252756 0.337477 -0.116249 -0.189744 0.206994 -0.339248 -0.233503 -0.507265
4 -0.419631 -0.372158 0.424295 -0.349798 0.085654 0.048603 0.137948 -0.138696 -0.136953 0.016722 0.306755 0.337665 -0.094601 -0.190674 0.196508 -0.359180 -0.232016 -0.524257
8 -0.338373 -0.495322 0.329300 -0.240389 -0.080609 0.242281 0.326456 0.116176 0.104633 -0.017423 0.287978 0.405040 -0.163085 -0.340992 0.277101 -0.388593 -0.127596 -0.416908
5 -0.389857 -0.398462 0.381593 -0.351879 0.105321 0.044011 0.174331 -0.205215 -0.122046 0.011071 0.283290 0.321111 -0.122534 -0.170661 0.215149 -0.369577 -0.250583 -0.525421
13 -0.341085 -0.378027 0.371649 -0.333540 0.015350 0.086789 0.172480 -0.124846 -0.079336 0.052409 0.241707 0.281974 -0.091117 -0.235120 0.206161 -0.315028 -0.228835 -0.440452
12 -0.374472 -0.405023 0.350123 -0.310455 -0.013033 0.105131 0.164506 -0.087905 -0.070560 0.041688 0.281932 0.334422 -0.116147 -0.209179 0.203278 -0.288649 -0.207668 -0.403251
17 -0.366461 -0.472529 0.345358 -0.239622 -0.079201 0.185820 0.302151 0.103634 0.095144 -0.006650 0.307023 0.426123 -0.125616 -0.306239 0.234657 -0.353814 -0.147142 -0.457232
7 -0.288520 -0.425692 0.268707 -0.245804 -0.067654 0.221204 0.276554 0.078789 0.110687 -0.029385 0.252730 0.362259 -0.125429 -0.333789 0.255839 -0.329575 -0.139008 -0.392334
11 -0.385089 -0.495568 0.355834 -0.264766 -0.026778 0.205717 0.279046 0.107487 0.092503 -0.068073 0.300731 0.398370 -0.169595 -0.313112 0.289686 -0.416396 -0.160623 -0.451210
16 -0.404667 -0.413158 0.405068 -0.331544 0.034505 0.104066 0.216655 -0.098845 -0.076678 0.011378 0.274148 0.365665 -0.134882 -0.201028 0.244765 -0.382299 -0.238343 -0.522035
