18 18
15 -0.409657 -0.616909 0.168141 -0.240805 -0.144631 0.121149 0.137966 -0.096083 0.252329 -0.013536 0.465371 0.469110 -0.143345 0.131360 0.363814 -0.270410 -0.157935 -0.409185
9 0.007208 -0.494607 -0.321971 -0.249980 -0.133513 0.215957 0.258173 -0.135995 0.570098 -0.016856 0.232469 0.553620 -0.310067 -0.094745 0.521238 -0.298115 0.065877 -0.234094
17 -0.356203 -0.564773 0.100042 -0.189714 -0.162429 0.028336 0.178101 -0.015498 0.381164 -0.002641 0.427896 0.490240 -0.147228 0.076272 0.293816 -0.262312 -0.047077 -0.435108
5 0.102854 -0.499371 -0.391451 -0.232157 -0.111003 0.252630 0.296981 -0.189617 0.559109 -0.024585 0.207521 0.543105 -0.341360 -0.067226 0.579643 -0.290829 0.061903 -0.211695
6 -0.110209 -0.550308 -0.132989 -0.195797 -0.145138 0.197708 0.219182 -0.100303 0.400623 0.002272 0.308055 0.485392 -0.253898 0.002081 0.485239 -0.257677 -0.030105 -0.291346
8 -0.083092 -0.539002 -0.144776 -0.223014 -0.162455 0.197535 0.233025 -0.125151 0.422026 0.024217 0.262076 0.497482 -0.269220 -0.003725 0.498940 -0.285916 0.018319 -0.272761
0 0.064420 -0.459447 -0.336582 -0.248714 -0.146686 0.229206 0.258959 -0.158003 0.541776 -0.010163 0.208960 0.507509 -0.306583 -0.078897 0.542021 -0.279199 0.114722 -0.217207
11 -0.365555 -0.578925 0.121418 -0.195215 -0.126394 0.070612 0.117014 -0.026207 0.312012 -0.033481 0.411749 0.459142 -0.168703 0.108565 0.364418 -0.281180 -0.104636 -0.383436
12 -0.285155 -0.598306 0.018386 -0.239047 -0.173218 0.129938 0.140610 -0.111549 0.304064 0.020503 0.413597 0.510866 -0.203648 0.084031 0.424236 -0.242010 -0.110072 -0.333315
1 -0.248539 -0.552150 -0.021410 -0.233717 -0.113703 0.064250 0.194794 -0.040192 0.461964 -0.026762 0.325372 0.476847 -0.203429 -0.009801 0.361284 -0.312274 0.035215 -0.374967
16 -0.097651 -0.505421 -0.155330 -0.213756 -0.152461 0.183316 0.219100 -0.124037 0.406677 0.007555 0.266942 0.493155 -0.263686 0.023871 0.482632 -0.257476 -0.031122 -0.281131
10 -0.168735 -0.545246 -0.093385 -0.195980 -0.122861 0.188912 0.195262 -0.099305 0.381783 -0.031951 0.351018 0.476516 -0.238192 0.063635 0.416643 -0.221045 -0.045495 -0.262505
7 0.048804 -0.484753 -0.308640 -0.225316 -0.157313 0.234192 0.278874 -0.135313 0.547052 -0.011437 0.214058 0.519893 -0.300164 -0.077504 0.549959 -0.273324 0.072690 -0.243981
3 -0.415210 -0.652332 0.110166 -0.239832 -0.151386 0.061354 0.207583 -0.041356 0.410769 -0.035879 0.485333 0.539295 -0.237235 0.038861 0.375441 -0.354674 -0.021419 -0.494162
2 -0.249821 -0.581593 0.024370 -0.247693 -0.165391 0.144699 0.168356 -0.084329 0.287609 -0.000309 0.378874 0.503216 -0.175543 0.044807 0.415140 -0.293102 -0.100785 -0.337016
4 -0.322033 -0.574311 0.084804 -0.213918 -0.143629 0.092902 0.135365 -0.043628 0.315245 -0.011875 0.435964 0.494058 -0.159312 0.072733 0.387600 -0.286746 -0.080755 -0.406621
14 -0.023393 -0.508695 -0.220017 -0.267409 -0.129176 0.217324 0.221183 -0.154305 0.462548 0.014691 0.205230 0.534135 -0.294032 -0.054768 0.517526 -0.274506 0.057819 -0.250851
13 0.019096 0.002747 0.009678 -0.019404 -0.008210 -0.004883 0.008138 -0.018294 0.006568 0.019257 -0.015253 -0.018294 0.012156 -0.023377 0.007956 -0.002520 -0.021393 -0.009389
