18 18
7 -0.199128 -0.613679 -0.087306 -0.356829 -0.260960 0.235773 0.147903 0.020074 0.680149 0.025522 0.105589 0.653641 -0.137241 -0.149491 0.472850 -0.157909 -0.235441 -0.195150
14 -0.431077 -0.420336 0.284870 -0.298046 0.215879 -0.023538 0.034418 0.037757 0.229403 -0.164612 0.156653 0.534690 -0.182940 0.056782 0.358205 -0.486359 -0.048653 -0.623676
15 -0.352242 -0.492789 0.141623 -0.327632 0.020677 0.102473 0.095794 -0.006337 0.393597 -0.089148 0.159046 0.556545 -0.147680 0.003046 0.387727 -0.338936 -0.164287 -0.430226
3 -0.415918 -0.386190 0.247991 -0.255992 0.180489 -0.028830 0.075341 0.040562 0.229683 -0.178796 0.197691 0.495764 -0.200578 0.031328 0.339459 -0.487645 -0.040845 -0.613442
0 -0.315582 -0.483413 0.116321 -0.298006 -0.000375 0.071098 0.099254 0.030229 0.362378 -0.089894 0.185479 0.539102 -0.155073 -0.019722 0.395299 -0.374617 -0.100328 -0.440274
4 -0.395700 -0.393965 0.219461 -0.271121 0.165799 -0.024016 0.038558 0.061217 0.291769 -0.163764 0.199443 0.553448 -0.155977 0.042667 0.358815 -0.454977 -0.081310 -0.595011
6 -0.272616 -0.532505 0.058310 -0.284551 -0.078509 0.133105 0.136656 0.043012 0.482046 -0.037290 0.149955 0.581325 -0.159464 -0.072316 0.422073 -0.284881 -0.177689 -0.365594
1 -0.362463 -0.483084 0.172069 -0.290420 0.059457 0.013669 0.081671 0.073677 0.371088 -0.103570 0.143865 0.534370 -0.147900 -0.022851 0.359426 -0.400227 -0.087018 -0.478005
5 -0.367121 -0.422467 0.178423 -0.254764 0.170654 -0.027669 0.088070 0.016463 0.298613 -0.169885 0.192484 0.522755 -0.193166 0.044248 0.362134 -0.467826 -0.084023 -0.576146
13 -0.222995 -0.599988 -0.019071 -0.376386 -0.206821 0.203603 0.157826 -0.030413 0.628089 0.044996 0.108315 0.636793 -0.141522 -0.118338 0.458986 -0.188121 -0.274148 -0.247989
10 -0.237193 -0.567833 -0.018277 -0.328783 -0.158115 0.206677 0.153084 -0.001132 0.587910 -0.003728 0.144901 0.641840 -0.156384 -0.056540 0.411655 -0.174926 -0.217132 -0.244624
2 -0.323716 -0.483981 0.144861 -0.299421 0.044002 0.051657 0.103190 0.060334 0.349849 -0.109359 0.152820 0.577569 -0.153880 -0.026458 0.387055 -0.414353 -0.130329 -0.464886
16 -0.342596 -0.402901 0.172601 -0.276989 0.086599 0.021620 0.088171 0.011474 0.318260 -0.108686 0.134609 0.537872 -0.171947 0.047734 0.379953 -0.401443 -0.133918 -0.523037
9 -0.269091 -0.509537 0.002460 -0.313768 -0.096454 0.133232 0.100083 0.034663 0.515234 -0.031334 0.134981 0.595922 -0.136412 -0.089618 0.379008 -0.246644 -0.188724 -0.264225
11 -0.303103 -0.510302 0.067722 -0.294366 -0.044434 0.106037 0.076539 0.034225 0.482717 -0.068864 0.126230 0.560945 -0.167053 -0.032249 0.413332 -0.286222 -0.174091 -0.336868
12 -0.306858 -0.553024 0.037492 -0.342401 -0.111265 0.127863 0.086081 -0.004471 0.497194 -0.012988 0.152331 0.630475 -0.154156 -0.051811 0.408232 -0.231762 -0.215003 -0.301602
8 -0.271307 -0.550360 0.058840 -0.305127 -0.108725 0.134372 0.134650 0.020470 0.486375 -0.007060 0.128373 0.592298 -0.170962 -0.055951 0.425127 -0.285230 -0.167722 -0.330241
17 -0.317844 -0.459693 0.127967 -0.269893 -0.006274 0.047787 0.104326 0.033987 0.404674 -0.056773 0.157752 0.565746 -0.139916 0.008416 0.355565 -0.314811 -0.134104 -0.448811
