18 18
0 -0.191782 -0.546441 0.102370 -0.242285 -0.124380 0.187025 0.247838 0.034387 0.437200 -0.109245 0.211890 0.488447 -0.237731 0.142461 0.395039 -0.262283 -0.106043 -0.266136
1 -0.211096 -0.573226 0.124036 -0.242077 -0.084596 0.161102 0.265793 0.049795 0.483878 -0.117793 0.172266 0.491690 -0.244158 0.141539 0.394873 -0.282504 -0.129541 -0.282604
8 -0.179556 -0.544736 0.121742 -0.219167 -0.126421 0.178507 0.245640 0.046049 0.448600 -0.068437 0.155359 0.464917 -0.253057 0.139401 0.396720 -0.253229 -0.107300 -0.228933
2 -0.167920 -0.561263 0.086154 -0.222240 -0.105617 0.174842 0.305606 0.077174 0.454112 -0.144219 0.202190 0.541238 -0.245169 0.130251 0.399429 -0.322003 -0.162393 -0.272704
13 -0.153456 -0.509025 0.095698 -0.218507 -0.100320 0.166236 0.260726 0.007151 0.435792 -0.090391 0.165573 0.443269 -0.230520 0.129670 0.387071 -0.242198 -0.156132 -0.262882
11 -0.214456 -0.541012 0.122971 -0.215003 -0.092687 0.167802 0.223810 0.051592 0.465778 -0.120554 0.168246 0.478453 -0.257806 0.182214 0.414850 -0.265139 -0.144790 -0.252212
16 -0.186450 -0.521887 0.116797 -0.223155 -0.119654 0.173228 0.258807 0.014597 0.436601 -0.085588 0.146616 0.469227 -0.257323 0.176060 0.416774 -0.257550 -0.146650 -0.284031
15 -0.203754 -0.544806 0.111351 -0.229211 -0.088452 0.202231 0.273722 -0.004295 0.432385 -0.118792 0.194466 0.470274 -0.246772 0.168923 0.395505 -0.255942 -0.153910 -0.279290
5 -0.158325 -0.519318 0.043173 -0.173868 -0.039986 0.162010 0.279808 -0.006847 0.410449 -0.144516 0.199561 0.448098 -0.257550 0.144202 0.367912 -0.259670 -0.130715 -0.288576
9 -0.176843 -0.472590 0.070448 -0.205181 -0.093318 0.161699 0.217629 0.045272 0.430364 -0.093633 0.160650 0.456782 -0.220096 0.111846 0.329110 -0.219305 -0.124776 -0.194665
10 -0.167452 -0.489357 0.073469 -0.187582 -0.072919 0.191677 0.249061 0.037563 0.435903 -0.130343 0.188504 0.463254 -0.248116 0.168021 0.337970 -0.211497 -0.106327 -0.203386
12 -0.203279 -0.540002 0.094297 -0.219370 -0.103906 0.169302 0.235963 0.005626 0.420614 -0.091615 0.201773 0.497476 -0.255437 0.170896 0.373494 -0.216975 -0.155771 -0.232675
7 -0.176079 -0.602212 0.075046 -0.235942 -0.113120 0.216900 0.309057 0.030070 0.507327 -0.142492 0.192253 0.531264 -0.277794 0.135572 0.455779 -0.283896 -0.141496 -0.319475
17 -0.185823 -0.543631 0.099978 -0.192866 -0.122351 0.156224 0.278080 0.056729 0.470017 -0.094163 0.196364 0.506940 -0.233558 0.156112 0.368462 -0.239158 -0.127687 -0.289550
4 -0.184932 -0.528419 0.096187 -0.216341 -0.094922 0.150376 0.262022 0.075098 0.448085 -0.136979 0.228713 0.515364 -0.224694 0.114315 0.379185 -0.297935 -0.133223 -0.313280
3 -0.200882 -0.527038 0.112503 -0.207221 -0.089848 0.171288 0.284029 0.038123 0.410099 -0.127491 0.200613 0.466006 -0.269571 0.110366 0.361323 -0.280359 -0.108771 -0.282908
6 -0.175467 -0.570140 0.089321 -0.181764 -0.075122 0.199056 0.306639 0.045726 0.454245 -0.138312 0.213134 0.494619 -0.275354 0.134837 0.418341 -0.273874 -0.152237 -0.317075
14 -0.194381 -0.544032 0.133981 -0.238256 -0.089264 0.186946 0.230985 0.007443 0.409867 -0.080128 0.148459 0.471499 -0.254609 0.149793 0.376177 -0.220604 -0.108444 -0.254700
