18 18
17 -0.388291 -0.474862 0.268263 -0.004447 -0.242508 -0.081163 0.155521 0.202401 0.515476 0.241889 0.130195 0.527099 -0.079923 0.117155 0.206106 -0.075120 -0.265701 -0.330051
15 -0.416188 -0.476236 0.294483 -0.043295 -0.209229 0.003675 0.163811 0.159387 0.486854 0.202828 0.188884 0.522072 -0.109244 0.097282 0.218401 -0.091468 -0.248619 -0.327798
13 -0.348768 -0.475503 0.276104 -0.033683 -0.225967 -0.119720 0.169185 0.214945 0.565098 0.230440 0.012327 0.477859 -0.069979 0.077831 0.279813 -0.138604 -0.337938 -0.388511
14 -0.408417 -0.483358 0.316203 -0.053643 -0.214309 0.018691 0.163574 0.192942 0.504272 0.210413 0.173836 0.569270 -0.154259 0.068073 0.231077 -0.084844 -0.163756 -0.358679
9 -0.386250 -0.468971 0.244475 -0.026411 -0.222401 -0.068803 0.161083 0.216796 0.553215 0.212460 0.094885 0.532108 -0.091834 0.073404 0.241005 -0.120177 -0.304799 -0.336120
12 -0.370801 -0.494855 0.247484 -0.027279 -0.217173 -0.199221 0.127911 0.200935 0.527774 0.244227 -0.077422 0.463209 -0.050044 0.132826 0.303304 -0.145137 -0.453687 -0.378463
3 -0.677278 -0.586629 0.524467 -0.066526 -0.332760 0.460939 0.336726 0.250434 0.609372 0.140350 0.974002 0.983339 -0.479673 -0.021436 0.138826 -0.009166 0.414376 -0.468904
8 -0.372057 -0.489611 0.284321 -0.014441 -0.233298 -0.042194 0.174739 0.208996 0.514657 0.224861 0.095380 0.504680 -0.121736 0.092884 0.267662 -0.127137 -0.247155 -0.345378
11 -0.317887 -0.454452 0.235854 0.003713 -0.178861 -0.225657 0.131820 0.263575 0.563185 0.175762 -0.175058 0.379971 -0.038547 0.121489 0.345084 -0.211088 -0.429043 -0.418930
1 -0.355840 -0.481161 0.270702 -0.025905 -0.196070 -0.201677 0.161374 0.277669 0.595405 0.196041 -0.106582 0.435479 -0.037952 0.096986 0.307096 -0.200427 -0.356036 -0.459091
16 -0.280490 -0.426721 0.216412 0.002348 -0.195927 -0.268517 0.176103 0.260902 0.588052 0.193680 -0.283238 0.364941 -0.010174 0.139225 0.390789 -0.244398 -0.524360 -0.503169
10 -0.535293 -0.516309 0.393302 -0.049524 -0.283073 0.402798 0.285053 0.215797 0.577331 0.116399 0.787942 0.866515 -0.393252 0.042191 0.141811 0.022681 0.298056 -0.347620
7 -0.297348 -0.446256 0.221593 -0.018605 -0.225404 -0.150648 0.185700 0.258763 0.603204 0.186870 -0.114114 0.437600 -0.046806 0.061532 0.345354 -0.183630 -0.382862 -0.462561
4 -0.534674 -0.537344 0.386721 -0.025285 -0.268784 0.143394 0.217022 0.274076 0.622723 0.183274 0.514034 0.776510 -0.242675 0.061237 0.213030 -0.072801 -0.007378 -0.429358
6 -0.348458 -0.469334 0.264253 0.007447 -0.205811 -0.101041 0.179163 0.240086 0.542454 0.203981 0.012407 0.467097 -0.086732 0.084675 0.303523 -0.146893 -0.344446 -0.411951
0 -0.550229 -0.548724 0.406376 -0.079153 -0.314586 0.325059 0.246223 0.216629 0.571853 0.163958 0.719002 0.837088 -0.329770 0.035904 0.192988 -0.025937 0.208318 -0.380874
2 0.021368 -0.003688 -0.004957 -0.007525 -0.007603 0.001755 0.011077 0.016235 -0.024745 -0.003279 -0.008624 0.014563 0.014594 -0.017313 -0.004715 -0.020484 -0.014205 0.014938
5 0.004065 -0.024114 -0.027650 -0.000619 0.020703 -0.008521 0.024223 -0.023969 0.025914 -0.018771 0.021210 0.020548 -0.020024 0.006829 0.014933 -0.023795 -0.013973 -0.021943
