18 18
2 -0.091797 -0.359589 0.264039 -0.276698 -0.155374 0.067040 0.384351 0.338717 0.025921 -0.056775 -0.084952 0.163065 -0.051308 -0.731463 0.055446 -0.540764 0.182383 -0.258301
4 -0.159441 -0.341061 0.287848 -0.258679 -0.122018 0.039160 0.343008 0.332864 0.102978 -0.089008 -0.006352 0.198184 -0.074216 -0.687783 0.072944 -0.516488 0.204019 -0.369005
13 -0.187343 -0.370239 0.324147 -0.317139 -0.145667 0.053109 0.342280 0.244214 0.097872 -0.043857 -0.022853 0.195350 -0.093819 -0.654855 0.086964 -0.486399 0.169716 -0.368348
10 -0.197588 -0.383595 0.288090 -0.279898 -0.139624 0.068208 0.334880 0.282186 0.139763 -0.073376 0.029816 0.245269 -0.100815 -0.591290 0.061173 -0.447102 0.220101 -0.341437
0 -0.251664 -0.374479 0.309430 -0.310771 -0.172900 0.050881 0.256555 0.255261 0.129864 -0.064614 0.090589 0.244134 -0.083151 -0.536469 0.099795 -0.430219 0.233941 -0.382862
5 -0.163944 -0.367062 0.244991 -0.248615 -0.084093 0.046074 0.362319 0.235688 0.121034 -0.098670 0.024151 0.213887 -0.128545 -0.607816 0.094037 -0.491011 0.160831 -0.376868
12 -0.248612 -0.393830 0.313232 -0.312695 -0.158230 0.037163 0.290258 0.238474 0.101033 -0.042073 0.044460 0.264415 -0.104828 -0.576185 0.077449 -0.434221 0.165923 -0.353498
15 -0.176936 -0.372265 0.294749 -0.279814 -0.106999 0.103112 0.368219 0.226520 0.056577 -0.075812 -0.011149 0.163506 -0.104126 -0.614838 0.096287 -0.498862 0.147049 -0.328796
3 -0.136863 -0.324067 0.302511 -0.261947 -0.115561 0.081929 0.401254 0.293122 -0.016874 -0.082493 -0.081687 0.089719 -0.123527 -0.746260 0.052466 -0.554133 0.219033 -0.298518
16 -0.177504 -0.333914 0.294505 -0.269086 -0.133245 0.059433 0.336253 0.247800 0.076499 -0.055333 -0.035407 0.190000 -0.103974 -0.573905 0.096827 -0.471639 0.149718 -0.347549
11 -0.220468 -0.380263 0.316004 -0.280363 -0.128170 0.037475 0.303531 0.306203 0.125771 -0.089217 -0.003325 0.214975 -0.102196 -0.609944 0.103399 -0.501911 0.192067 -0.367267
1 -0.169140 -0.371079 0.294318 -0.270955 -0.131892 0.024935 0.324573 0.321485 0.101497 -0.050525 -0.049705 0.168364 -0.046570 -0.639340 0.047968 -0.486649 0.209831 -0.307299
6 -0.136448 -0.353621 0.265795 -0.212877 -0.106558 0.078241 0.357413 0.276843 0.076636 -0.068259 -0.002802 0.171720 -0.105649 -0.610040 0.104273 -0.468736 0.149892 -0.340035
14 -0.183023 -0.362979 0.315762 -0.293834 -0.115055 0.065669 0.314517 0.256320 0.059624 -0.046008 -0.047683 0.190486 -0.100395 -0.623706 0.074278 -0.464220 0.195286 -0.326259
9 -0.133351 -0.345144 0.241744 -0.265201 -0.128326 0.060836 0.356830 0.311893 0.086360 -0.063264 -0.047390 0.186493 -0.070880 -0.693008 0.053524 -0.508660 0.168348 -0.267090
8 -0.142597 -0.406882 0.305879 -0.284639 -0.151123 0.084208 0.388170 0.283050 0.049681 -0.034719 -0.066775 0.169843 -0.109302 -0.685168 0.103171 -0.544214 0.189085 -0.302862
17 -0.191920 -0.378356 0.301371 -0.264599 -0.175370 0.030316 0.344529 0.302990 0.135167 -0.036535 0.004143 0.239251 -0.073910 -0.613342 0.056334 -0.457138 0.210303 -0.367619
7 -0.077765 -0.324498 0.240867 -0.269256 -0.149652 0.101833 0.393892 0.302816 0.063605 -0.078619 -0.105612 0.131130 -0.087403 -0.752653 0.086918 -0.512379 0.189694 -0.291682
