18 18
3 -0.303690 -0.386432 0.340522 -0.169485 -0.098288 0.055818 0.089247 0.487829 0.034526 -0.157897 0.316116 0.549794 -0.162429 -0.199277 0.138650 -0.423851 0.300255 -0.332199
9 -0.316884 -0.387728 0.290115 -0.167160 -0.052381 0.006080 0.081957 0.520822 0.096507 -0.178293 0.332769 0.627271 -0.128595 -0.175485 0.100704 -0.430452 0.203197 -0.293933
10 -0.338293 -0.395938 0.304225 -0.098321 0.046375 -0.021121 0.083244 0.536491 0.116713 -0.230786 0.371297 0.651685 -0.155063 -0.047708 0.063147 -0.373498 0.135344 -0.276499
4 -0.313158 -0.359572 0.311677 -0.117636 0.008866 -0.032576 0.038311 0.546572 0.082936 -0.206405 0.358895 0.611146 -0.103421 -0.112757 0.077412 -0.389445 0.181074 -0.301274
0 -0.256602 -0.424021 0.312896 -0.218819 -0.171497 0.117136 0.065158 0.467870 0.049621 -0.121882 0.307209 0.543331 -0.132351 -0.197703 0.215354 -0.417657 0.337089 -0.301728
11 -0.325681 -0.398553 0.312904 -0.117992 -0.032527 -0.002758 0.048335 0.518822 0.114140 -0.185021 0.315352 0.589985 -0.149028 -0.088686 0.145116 -0.394013 0.179148 -0.301303
2 -0.322750 -0.425616 0.331870 -0.160364 -0.016663 -0.020539 0.087977 0.584050 0.053980 -0.212578 0.352146 0.690416 -0.119244 -0.146335 0.077326 -0.456547 0.166641 -0.292301
16 -0.363631 -0.385020 0.338360 -0.093481 0.026369 -0.065203 0.086317 0.554722 0.110485 -0.207859 0.354490 0.669994 -0.149695 -0.034976 0.096866 -0.414704 0.092486 -0.350057
12 -0.388472 -0.471860 0.353063 -0.173629 -0.024864 -0.025307 0.050600 0.569617 0.070628 -0.197841 0.418074 0.737012 -0.146136 -0.110268 0.091913 -0.417310 0.167655 -0.302041
14 -0.318607 -0.416883 0.354652 -0.190635 -0.065596 0.033755 0.068196 0.511234 0.054055 -0.153362 0.302051 0.622866 -0.147638 -0.171283 0.128967 -0.420754 0.266621 -0.329490
5 -0.291234 -0.405795 0.275873 -0.149213 -0.040665 0.005903 0.096123 0.460751 0.101057 -0.178345 0.334822 0.592204 -0.150674 -0.127370 0.137509 -0.418086 0.201374 -0.320554
1 -0.351159 -0.404535 0.330665 -0.128155 0.029002 -0.065012 0.058780 0.534511 0.105985 -0.191853 0.320206 0.607135 -0.110464 -0.083936 0.056856 -0.390799 0.141808 -0.287742
8 -0.225682 -0.414632 0.314657 -0.186799 -0.186990 0.120563 0.091589 0.448846 0.056589 -0.082452 0.236209 0.500246 -0.154406 -0.203790 0.229770 -0.415992 0.346089 -0.297413
17 -0.277186 -0.384381 0.306540 -0.144100 -0.126401 0.033035 0.092244 0.485310 0.094596 -0.121464 0.305664 0.575293 -0.123584 -0.150193 0.132235 -0.373316 0.261430 -0.329984
7 -0.248981 -0.409638 0.299021 -0.189441 -0.148666 0.099658 0.086904 0.496125 0.093383 -0.141894 0.287537 0.575301 -0.142501 -0.207440 0.199461 -0.407679 0.309368 -0.320513
6 -0.321828 -0.401917 0.331377 -0.090716 -0.012223 -0.007928 0.082007 0.555395 0.095679 -0.184429 0.351400 0.611842 -0.145335 -0.106557 0.122932 -0.395647 0.165765 -0.330142
13 0.019096 0.002747 0.009678 -0.019404 -0.008210 -0.004883 0.008138 -0.018294 0.006568 0.019257 -0.015253 -0.018294 0.012156 -0.023377 0.007956 -0.002520 -0.021393 -0.009389
15 -0.025404 -0.016269 0.019351 -0.021953 0.006735 0.026510 0.013636 -0.025312 0.000633 -0.010033 0.011049 -0.002501 0.001724 0.010837 0.011554 -0.010070 -0.020449 -0.014280
