18 18
7 0.133004 -0.401478 -0.088798 -0.377154 -0.237495 0.385612 0.123012 0.211784 0.346315 -0.190040 0.172503 0.583860 -0.025270 -0.247919 0.374752 -0.108244 -0.044207 -0.076184
6 0.117755 -0.462654 0.030369 -0.372979 -0.199704 0.406357 0.200172 0.324668 0.306778 -0.215406 0.220929 0.564948 -0.067000 -0.424908 0.421134 -0.212842 0.022912 -0.240430
0 0.116460 -0.433621 -0.085873 -0.400150 -0.245872 0.404816 0.111780 0.216179 0.320924 -0.209012 0.220635 0.613521 -0.031688 -0.212611 0.394323 -0.137394 -0.051649 -0.053506
16 0.106728 -0.434257 -0.036246 -0.392315 -0.226053 0.389711 0.160698 0.246568 0.327107 -0.205564 0.191891 0.615694 -0.055140 -0.270094 0.407701 -0.170957 -0.056959 -0.144412
2 0.145342 -0.427651 -0.074487 -0.384957 -0.222834 0.407511 0.137122 0.265870 0.285616 -0.231484 0.179503 0.617502 -0.032722 -0.247464 0.362420 -0.159229 -0.054291 -0.025728
12 0.061633 -0.440009 -0.029169 -0.410978 -0.232314 0.350942 0.089582 0.189895 0.301480 -0.156268 0.209309 0.603426 -0.039131 -0.241963 0.361846 -0.096581 -0.054540 -0.092575
5 0.108992 -0.402835 -0.085807 -0.352345 -0.184385 0.334456 0.134032 0.175041 0.317662 -0.189517 0.193913 0.567277 -0.043243 -0.213461 0.346075 -0.133896 -0.062357 -0.092023
13 0.121395 -0.432544 -0.025545 -0.419518 -0.228602 0.379851 0.137953 0.229483 0.323493 -0.184624 0.182909 0.584689 -0.030602 -0.306182 0.388047 -0.152986 -0.046140 -0.119431
3 0.058771 -0.418957 0.077184 -0.366660 -0.168667 0.355435 0.175189 0.280963 0.237245 -0.199928 0.201156 0.488910 -0.093942 -0.422648 0.361308 -0.212518 0.075171 -0.241278
1 0.055223 -0.470175 0.087333 -0.405421 -0.164778 0.355143 0.164814 0.315284 0.300310 -0.205508 0.174337 0.518568 -0.056819 -0.418590 0.370100 -0.216343 0.072010 -0.233077
4 0.100440 -0.408627 -0.016241 -0.374739 -0.186572 0.368155 0.120754 0.284157 0.311167 -0.225168 0.216257 0.581424 -0.033314 -0.310927 0.370692 -0.169035 -0.003317 -0.147064
10 0.120236 -0.400637 -0.075137 -0.347387 -0.190778 0.403254 0.135730 0.222728 0.313905 -0.226495 0.187749 0.569283 -0.065671 -0.198402 0.337354 -0.105906 -0.031554 -0.029389
17 0.094696 -0.460370 -0.030174 -0.392792 -0.264893 0.380753 0.166604 0.256718 0.376020 -0.177677 0.233971 0.655719 -0.026542 -0.280386 0.386205 -0.129190 -0.038161 -0.172116
11 0.104053 -0.435186 -0.102991 -0.372512 -0.224067 0.389438 0.086952 0.225191 0.346685 -0.232884 0.189551 0.632017 -0.052239 -0.147911 0.391928 -0.124979 -0.099718 -0.000728
14 0.077627 -0.431103 0.011051 -0.411087 -0.185671 0.365922 0.097894 0.216000 0.279944 -0.168682 0.152630 0.577383 -0.057465 -0.280118 0.358366 -0.124393 0.004781 -0.113426
9 0.106297 -0.447210 -0.081509 -0.414356 -0.236635 0.404343 0.134641 0.261946 0.371741 -0.215901 0.217696 0.655354 -0.032290 -0.297926 0.388549 -0.153335 -0.056965 -0.086608
15 0.083927 -0.456866 -0.050999 -0.419782 -0.228279 0.428518 0.148728 0.196844 0.361669 -0.213957 0.217218 0.634646 -0.030640 -0.220599 0.395254 -0.130556 -0.088197 -0.100645
8 0.003889 -0.024784 0.014791 0.006068 -0.018192 0.009774 0.013932 0.005426 -0.001505 0.020585 -0.012265 0.000073 -0.017512 0.000480 0.021614 -0.017675 0.015234 0.001164
