18 18
10 -0.390528 -0.552903 0.495681 -0.307752 0.062349 0.231159 0.085789 0.046820 0.373482 0.039697 -0.168991 0.356156 -0.264568 -0.005753 0.456112 -0.295590 -0.089985 -0.379551
6 -0.277617 -0.589713 0.431826 -0.208616 0.037922 0.126739 0.166965 0.181077 0.331238 -0.008550 -0.077343 0.244628 -0.202613 -0.195619 0.447498 -0.457911 0.049604 -0.471481
3 -0.318184 -0.563075 0.460877 -0.244416 0.041444 0.131888 0.146902 0.131013 0.304258 -0.000520 -0.109625 0.235763 -0.231282 -0.169741 0.429562 -0.443696 0.045924 -0.446048
1 -0.310934 -0.575000 0.450020 -0.255380 0.043138 0.102582 0.124280 0.149119 0.334398 0.007724 -0.121927 0.238473 -0.178908 -0.153655 0.405171 -0.424389 0.040624 -0.423293
11 -0.374208 -0.477804 0.471628 -0.279198 0.043151 0.181833 0.027633 0.030531 0.312781 0.066175 -0.213733 0.309303 -0.243128 0.014630 0.448260 -0.270780 -0.126632 -0.344869
8 -0.284509 -0.594690 0.447892 -0.256223 0.008139 0.150291 0.139920 0.118422 0.325500 0.039807 -0.131409 0.267790 -0.211155 -0.124602 0.461933 -0.428870 0.021633 -0.417194
2 -0.293366 -0.559716 0.447811 -0.275985 0.025828 0.154140 0.122889 0.115000 0.298306 0.028709 -0.154450 0.285490 -0.199405 -0.129510 0.434768 -0.404686 -0.022539 -0.394859
9 -0.361263 -0.517550 0.457956 -0.285360 0.029053 0.161723 0.084160 0.079401 0.339861 0.059972 -0.176280 0.304524 -0.223985 -0.097668 0.428128 -0.340027 -0.073581 -0.374804
0 -0.289314 -0.585955 0.420988 -0.268672 0.013232 0.147956 0.130085 0.116048 0.307024 0.000388 -0.063764 0.253238 -0.191200 -0.142980 0.448349 -0.434859 0.048856 -0.432563
15 -0.342051 -0.552694 0.475651 -0.298984 0.029564 0.192642 0.113200 0.038263 0.294169 0.041820 -0.143213 0.264078 -0.210804 -0.071555 0.452660 -0.364921 -0.054619 -0.412087
4 -0.302709 -0.564126 0.445612 -0.245742 0.053373 0.126012 0.120755 0.158812 0.335192 -0.014894 -0.077102 0.273324 -0.190387 -0.160006 0.441900 -0.444656 0.033804 -0.461534
5 -0.254872 -0.575282 0.370792 -0.223660 0.053599 0.103044 0.163634 0.121632 0.325279 -0.025655 -0.060748 0.251608 -0.200444 -0.159520 0.423752 -0.456154 0.036278 -0.440270
13 -0.324597 -0.531767 0.482812 -0.296192 0.025315 0.161643 0.104284 0.059806 0.327197 0.067646 -0.175992 0.272994 -0.211624 -0.102609 0.449832 -0.353164 -0.067867 -0.413184
17 -0.322652 -0.536120 0.458272 -0.243680 0.010793 0.131617 0.114425 0.105952 0.341109 0.062033 -0.142959 0.297744 -0.196999 -0.081518 0.403857 -0.332331 -0.023611 -0.415787
7 -0.255091 -0.551847 0.401959 -0.252911 0.004424 0.156070 0.138619 0.128962 0.340747 0.004798 -0.127874 0.249460 -0.189129 -0.170296 0.447525 -0.404290 0.028160 -0.418179
16 -0.331528 -0.522695 0.467343 -0.276430 0.014753 0.164360 0.117955 0.054472 0.305762 0.058249 -0.172624 0.288872 -0.234846 -0.055063 0.468781 -0.370400 -0.066731 -0.432522
14 -0.390261 -0.507028 0.523595 -0.331709 0.045879 0.213029 0.035452 -0.016925 0.278901 0.114273 -0.250944 0.317016 -0.255911 0.002604 0.445006 -0.254362 -0.109723 -0.363433
12 -0.404524 -0.545250 0.503407 -0.326976 0.022546 0.186811 0.050290 0.006055 0.295803 0.091642 -0.164863 0.336945 -0.243896 -0.018724 0.446155 -0.279991 -0.119045 -0.373356
