18 18
16 -0.281462 -0.429028 0.492172 -0.250397 -0.078856 0.218875 0.483866 -0.063300 0.089065 0.026513 -0.145749 0.105080 -0.321021 -0.108924 0.347956 -0.504370 -0.057528 -0.481447
13 -0.281037 -0.426778 0.518166 -0.273746 -0.053548 0.171084 0.392996 -0.001625 0.143070 0.045738 -0.111838 0.096113 -0.228920 -0.192385 0.303602 -0.447999 -0.042032 -0.484526
1 -0.333281 -0.479429 0.546357 -0.280710 -0.025599 0.145180 0.387730 0.034826 0.169341 0.030328 -0.117618 0.111219 -0.221027 -0.179419 0.281994 -0.466732 -0.011417 -0.483077
14 -0.310876 -0.482208 0.522253 -0.294685 -0.020356 0.194581 0.376208 0.009953 0.168099 0.034168 -0.113087 0.152603 -0.251753 -0.194184 0.315035 -0.440153 -0.006473 -0.485728
10 -0.309267 -0.493422 0.519780 -0.277610 -0.050694 0.247625 0.484811 -0.034895 0.150409 0.007646 -0.114659 0.130982 -0.320016 -0.133469 0.334527 -0.483104 -0.019110 -0.471518
6 -0.300423 -0.498077 0.518057 -0.246248 -0.024510 0.183879 0.387723 0.068918 0.210754 0.027033 -0.074029 0.147113 -0.240217 -0.225646 0.334100 -0.439968 -0.030070 -0.511896
11 -0.343910 -0.485831 0.539165 -0.258334 -0.028151 0.157016 0.365085 0.054749 0.190332 0.013541 -0.109010 0.132785 -0.248954 -0.160454 0.317862 -0.461791 -0.028843 -0.471560
8 -0.278867 -0.406477 0.522748 -0.212326 -0.108256 0.227321 0.472994 -0.064324 -0.021699 0.053392 -0.146759 0.046654 -0.319254 -0.059599 0.303145 -0.489321 -0.005073 -0.400866
0 -0.324301 -0.473759 0.537688 -0.294907 -0.081742 0.210411 0.416978 -0.007860 0.124190 0.033116 -0.095697 0.115403 -0.261537 -0.151203 0.330049 -0.478289 -0.005358 -0.478656
7 -0.226567 -0.495317 0.398642 -0.306277 -0.065510 0.224491 0.459526 -0.039014 0.266284 -0.005798 -0.126776 0.165634 -0.282574 -0.243579 0.407833 -0.495612 -0.051486 -0.535298
17 -0.308342 -0.447018 0.508383 -0.240634 -0.069737 0.144361 0.382880 0.041624 0.194470 0.058995 -0.089802 0.151466 -0.209200 -0.154700 0.261445 -0.390850 -0.015853 -0.478259
9 -0.328092 -0.467696 0.491017 -0.275031 -0.035208 0.168068 0.377751 0.040849 0.214723 0.022001 -0.095413 0.150238 -0.232158 -0.200038 0.287405 -0.443052 -0.033746 -0.441029
2 -0.288241 -0.479582 0.527638 -0.273832 -0.077349 0.211899 0.482202 -0.006279 0.096559 0.028454 -0.141740 0.128930 -0.282316 -0.158058 0.323214 -0.516802 -0.039873 -0.467331
15 -0.308442 -0.416116 0.514948 -0.256908 -0.073498 0.240308 0.468489 -0.093211 0.025187 0.016882 -0.121012 0.060862 -0.301014 -0.077078 0.310247 -0.488820 -0.048333 -0.432733
3 -0.311421 -0.412739 0.522451 -0.237882 -0.058143 0.210417 0.455850 -0.042952 0.037368 0.012159 -0.106538 0.066128 -0.313867 -0.134805 0.292506 -0.489533 -0.001164 -0.455819
4 -0.319609 -0.449663 0.537927 -0.268438 -0.008209 0.157761 0.348445 0.079738 0.198095 0.011462 -0.057802 0.162638 -0.201789 -0.208683 0.299315 -0.448672 -0.016425 -0.528196
5 -0.265814 -0.531629 0.434599 -0.298145 -0.028810 0.201867 0.482329 -0.052800 0.252371 -0.006730 -0.092177 0.183190 -0.305200 -0.202112 0.391588 -0.519386 -0.065125 -0.550267
12 -0.026600 -0.022358 0.002765 -0.019307 -0.014582 -0.010130 -0.018079 -0.025837 -0.017080 0.018496 0.026502 0.027636 -0.006702 0.013838 0.001462 0.019107 -0.024921 0.008452
