18 18
2 -0.018679 -0.453165 -0.094796 -0.341432 -0.030879 0.026468 0.330818 -0.079553 0.373541 -0.048949 0.174531 0.471799 -0.207293 -0.275391 0.364360 -0.499812 -0.168622 -0.340433
8 -0.049842 -0.499957 0.004911 -0.258644 -0.123512 0.009487 0.371115 -0.040758 0.386136 0.041368 0.207425 0.432298 -0.222810 -0.202040 0.421273 -0.477749 -0.134763 -0.441719
10 -0.078049 -0.472818 0.008535 -0.243588 -0.113959 0.022627 0.363768 -0.042530 0.395184 0.014747 0.264763 0.455662 -0.235749 -0.142541 0.399140 -0.421872 -0.134341 -0.442103
5 0.004873 -0.409322 -0.216663 -0.371664 0.080138 0.040642 0.319638 -0.168691 0.448420 -0.142488 0.160672 0.451524 -0.237700 -0.294050 0.322890 -0.483942 -0.160791 -0.281319
14 -0.010059 -0.423742 -0.216714 -0.450297 0.111899 0.075687 0.276180 -0.192776 0.468561 -0.147267 0.134834 0.510300 -0.258333 -0.348743 0.332492 -0.483044 -0.142648 -0.263795
13 0.000001 -0.459603 -0.122303 -0.383121 -0.017659 0.035465 0.353836 -0.140907 0.440075 -0.048691 0.159315 0.458330 -0.227779 -0.314272 0.395469 -0.512410 -0.192459 -0.363510
0 -0.092636 -0.507207 0.079676 -0.225475 -0.199005 -0.005261 0.343317 -0.003079 0.354528 0.088465 0.287175 0.421228 -0.186174 -0.136691 0.437768 -0.435281 -0.101808 -0.511310
16 -0.144048 -0.535912 0.092386 -0.224485 -0.194028 -0.029345 0.397130 -0.013410 0.357978 0.070983 0.316444 0.498698 -0.258048 -0.085835 0.496701 -0.496052 -0.181851 -0.588579
1 -0.052375 -0.491489 -0.032675 -0.311941 -0.055381 -0.003727 0.340267 -0.053192 0.440024 -0.004770 0.182993 0.431478 -0.191295 -0.255754 0.373165 -0.471943 -0.123910 -0.420040
6 -0.047476 -0.483504 -0.004211 -0.233189 -0.102747 0.013572 0.361296 -0.032535 0.390952 0.026610 0.236875 0.427554 -0.215448 -0.209512 0.412898 -0.442592 -0.139354 -0.458365
17 -0.071994 -0.526062 0.049522 -0.225411 -0.179641 -0.028746 0.394584 -0.004350 0.421546 0.087206 0.255586 0.464316 -0.189667 -0.163011 0.415399 -0.441961 -0.134753 -0.527470
9 -0.011033 -0.388871 -0.206315 -0.373342 0.056962 0.051892 0.297041 -0.133626 0.443559 -0.125504 0.149979 0.460851 -0.228237 -0.323722 0.315324 -0.469539 -0.169043 -0.249344
7 0.013044 -0.410762 -0.158650 -0.340484 -0.008184 0.052296 0.313742 -0.109528 0.438484 -0.085360 0.153061 0.433945 -0.206529 -0.296373 0.355341 -0.449397 -0.136877 -0.318911
3 -0.075403 -0.428959 -0.066692 -0.311088 -0.005679 0.024358 0.319510 -0.095362 0.373575 -0.071005 0.210206 0.427018 -0.254765 -0.258655 0.351464 -0.468910 -0.115532 -0.378272
12 -0.139569 -0.565065 0.026279 -0.302458 -0.154036 -0.016410 0.363162 -0.068733 0.389959 0.046062 0.331409 0.543180 -0.263131 -0.158211 0.467157 -0.490230 -0.182396 -0.510306
11 -0.114160 -0.524801 0.039425 -0.241399 -0.126939 -0.018977 0.342701 -0.007756 0.403310 0.019188 0.266805 0.465582 -0.239034 -0.146498 0.458483 -0.488032 -0.153599 -0.496145
4 -0.080091 -0.431212 -0.009708 -0.248764 -0.073033 -0.017147 0.302681 -0.024861 0.376095 -0.011440 0.270440 0.447897 -0.198154 -0.187440 0.375312 -0.441012 -0.128242 -0.445259
15 -0.025404 -0.016269 0.019351 -0.021953 0.006735 0.026510 0.013636 -0.025312 0.000633 -0.010033 0.011049 -0.002501 0.001724 0.010837 0.011554 -0.010070 -0.020449 -0.014280
