18 18
1 -0.447930 -0.559389 0.152470 -0.407581 0.048005 0.091512 0.097085 -0.131490 0.283298 -0.104394 0.342403 0.421676 -0.157805 -0.018507 0.268546 -0.306146 -0.240874 -0.223934
15 -0.429075 -0.533416 0.140199 -0.399944 0.036536 0.154756 0.104843 -0.190372 0.232445 -0.102653 0.383269 0.417205 -0.167267 0.014435 0.274145 -0.260077 -0.265714 -0.203057
9 -0.392802 -0.503694 0.089230 -0.378174 0.013108 0.141941 0.094949 -0.168239 0.239785 -0.073969 0.403244 0.448310 -0.160766 -0.027813 0.239048 -0.222278 -0.252803 -0.160699
8 -0.403197 -0.550631 0.132080 -0.388194 -0.004640 0.151220 0.108726 -0.157434 0.240391 -0.071984 0.368554 0.436137 -0.182636 -0.006402 0.300112 -0.281488 -0.246280 -0.182807
12 -0.419220 -0.534360 0.107125 -0.415365 0.002563 0.130626 0.049805 -0.219688 0.204012 -0.057551 0.426267 0.462639 -0.152673 0.036086 0.245801 -0.180165 -0.287973 -0.137707
0 -0.403292 -0.547468 0.124884 -0.382199 0.002600 0.144826 0.131491 -0.182877 0.220050 -0.082170 0.406188 0.426435 -0.188487 0.002518 0.281710 -0.262561 -0.213593 -0.233492
4 -0.402885 -0.496011 0.111585 -0.391791 0.034140 0.116813 0.052664 -0.161630 0.243301 -0.100143 0.428000 0.443338 -0.129886 0.005122 0.263566 -0.241043 -0.266346 -0.197160
7 -0.383022 -0.526143 0.085926 -0.409884 0.004406 0.142618 0.084570 -0.163977 0.273989 -0.102376 0.373453 0.433860 -0.146850 -0.026578 0.293743 -0.254078 -0.257643 -0.187910
2 -0.380317 -0.542664 0.116807 -0.389623 0.009235 0.146005 0.123333 -0.159399 0.202776 -0.084655 0.385615 0.449451 -0.162294 -0.024312 0.260890 -0.268511 -0.266168 -0.172487
5 -0.383325 -0.541781 0.099465 -0.349347 0.045751 0.118970 0.156150 -0.199376 0.236184 -0.094813 0.397226 0.426463 -0.203545 0.003265 0.256797 -0.256076 -0.226559 -0.243907
6 -0.400004 -0.569824 0.141436 -0.333356 0.014889 0.154075 0.179352 -0.173579 0.209382 -0.061122 0.416826 0.437434 -0.220682 -0.013331 0.263773 -0.229461 -0.224093 -0.254851
3 -0.417910 -0.536912 0.156265 -0.332467 0.014354 0.129959 0.176709 -0.175668 0.180329 -0.068528 0.410444 0.416018 -0.232026 -0.029641 0.230063 -0.245944 -0.186713 -0.257939
13 -0.382419 -0.527073 0.121794 -0.420407 0.006042 0.134710 0.093044 -0.202814 0.240640 -0.061834 0.391364 0.426832 -0.143380 -0.020056 0.271401 -0.233797 -0.281908 -0.187634
16 -0.427051 -0.535440 0.124291 -0.383416 0.009181 0.114008 0.130700 -0.131667 0.284074 -0.107975 0.332135 0.466305 -0.201785 0.021557 0.340498 -0.342560 -0.297616 -0.252353
10 -0.392615 -0.523406 0.090470 -0.384557 0.024287 0.165482 0.104207 -0.194133 0.239662 -0.097592 0.411854 0.455474 -0.184629 0.037304 0.239833 -0.191831 -0.244730 -0.145360
11 -0.442763 -0.556713 0.131064 -0.386414 0.039194 0.101992 0.078083 -0.114027 0.292442 -0.130628 0.342207 0.440285 -0.189448 0.011572 0.322301 -0.326441 -0.269916 -0.212270
17 -0.391471 -0.544084 0.129220 -0.324390 -0.025859 0.124944 0.177035 -0.172572 0.228343 -0.034883 0.420615 0.471233 -0.194759 0.018028 0.228038 -0.196291 -0.214672 -0.252967
14 -0.431341 -0.585251 0.161590 -0.387562 0.025010 0.153589 0.143774 -0.201576 0.204510 -0.052841 0.397555 0.471203 -0.224975 -0.004275 0.254500 -0.224040 -0.208465 -0.238202
