18 18
1 -0.410064 -0.602819 0.355603 -0.146387 -0.068611 0.036686 0.159803 0.091528 0.340040 0.059475 0.234049 0.423082 -0.181107 0.076914 0.308666 -0.210849 -0.056185 -0.464831
10 -0.408409 -0.608373 0.333814 -0.131159 -0.056010 0.107545 0.192730 0.061290 0.368742 0.025869 0.290870 0.489772 -0.230366 0.149996 0.324944 -0.167076 -0.079413 -0.444926
0 -0.360896 -0.545466 0.324003 -0.160751 -0.105502 0.076181 0.136994 0.050687 0.280260 0.066487 0.260622 0.401269 -0.173627 0.084272 0.321778 -0.178676 -0.049215 -0.416610
4 -0.415684 -0.586927 0.363987 -0.133619 -0.066487 0.048904 0.147273 0.106840 0.344088 0.043557 0.294885 0.454431 -0.179061 0.086297 0.321154 -0.203201 -0.069187 -0.476264
16 -0.413253 -0.595827 0.366208 -0.151727 -0.105496 0.063495 0.182266 0.058453 0.330354 0.074076 0.267041 0.468700 -0.210899 0.118764 0.359740 -0.206267 -0.105942 -0.502866
3 -0.393361 -0.549246 0.350095 -0.131083 -0.082592 0.056848 0.170251 0.070015 0.281108 0.054244 0.256643 0.393004 -0.207321 0.045006 0.294040 -0.198206 -0.046847 -0.446486
17 -0.415246 -0.614053 0.358148 -0.125066 -0.104702 0.058276 0.195735 0.085401 0.377193 0.076031 0.278093 0.498837 -0.191890 0.131666 0.318960 -0.172901 -0.083856 -0.499739
12 -0.411344 -0.594080 0.335671 -0.153320 -0.081383 0.046147 0.129026 0.009290 0.275537 0.082715 0.291289 0.447775 -0.207713 0.130676 0.318319 -0.146307 -0.119666 -0.430510
11 -0.416911 -0.601514 0.352486 -0.126347 -0.064513 0.060043 0.154484 0.082835 0.342376 0.035051 0.257372 0.451016 -0.215626 0.129575 0.354975 -0.214177 -0.095838 -0.468325
6 -0.399191 -0.606140 0.361486 -0.119301 -0.082144 0.068636 0.171172 0.075309 0.320114 0.073760 0.281238 0.441501 -0.212338 0.094417 0.349977 -0.183702 -0.095721 -0.482368
15 -0.440502 -0.619229 0.372069 -0.157837 -0.061426 0.096721 0.185205 0.047189 0.340737 0.042158 0.277584 0.458574 -0.203866 0.128768 0.333532 -0.197942 -0.096548 -0.473748
14 -0.401665 -0.596509 0.360164 -0.152440 -0.054853 0.080746 0.156409 0.046077 0.310673 0.066966 0.238828 0.459944 -0.216119 0.115348 0.317436 -0.164919 -0.072065 -0.445686
8 -0.401693 -0.617907 0.353398 -0.122848 -0.083314 0.079633 0.183684 0.065681 0.333670 0.069495 0.264789 0.454053 -0.228048 0.115479 0.347086 -0.202778 -0.070710 -0.460032
13 -0.365461 -0.569079 0.354632 -0.158036 -0.095236 0.054540 0.162419 0.034139 0.306688 0.089866 0.242470 0.402361 -0.179568 0.082708 0.328494 -0.174890 -0.107771 -0.455706
5 -0.379204 -0.585051 0.302121 -0.126755 -0.045415 0.061025 0.186399 0.036682 0.330729 0.029795 0.273576 0.440946 -0.214271 0.110607 0.322351 -0.201195 -0.092507 -0.460326
2 -0.373209 -0.590350 0.346661 -0.143909 -0.093574 0.068252 0.183156 0.093142 0.301818 0.056295 0.251329 0.448646 -0.181415 0.071648 0.325195 -0.218201 -0.088327 -0.450938
9 -0.414539 -0.592941 0.323723 -0.149142 -0.088357 0.070155 0.171534 0.088442 0.375676 0.052663 0.276391 0.484597 -0.195226 0.075202 0.320938 -0.199722 -0.093433 -0.441154
7 -0.361450 -0.568646 0.310727 -0.138834 -0.108997 0.086821 0.179070 0.090552 0.363000 0.047628 0.243909 0.449234 -0.180406 0.060257 0.331688 -0.187065 -0.064912 -0.445531
