18 18
0 -0.389551 -0.582660 0.394679 -0.422130 -0.002605 0.064721 0.000626 0.085709 0.115944 0.030765 0.061157 0.277354 -0.145930 -0.216616 0.359022 -0.425551 0.096914 -0.343367
15 -0.461609 -0.631736 0.465820 -0.484888 0.022152 0.080357 -0.009103 0.045619 0.139169 0.040185 0.029309 0.289229 -0.145147 -0.206556 0.362195 -0.407315 0.017816 -0.343271
2 -0.369783 -0.584400 0.402126 -0.419954 0.003782 0.035845 0.020502 0.098809 0.096494 0.039005 0.015132 0.300148 -0.132285 -0.237838 0.343311 -0.448831 0.043223 -0.337953
14 -0.369829 -0.524484 0.394513 -0.389270 0.029674 0.039972 -0.022776 0.059916 0.091456 0.053285 -0.009360 0.256841 -0.134225 -0.188677 0.293586 -0.346703 0.051304 -0.290992
1 -0.438729 -0.616952 0.451109 -0.447337 0.028019 0.015004 -0.006753 0.099034 0.144538 0.041668 0.011758 0.274828 -0.132520 -0.228357 0.333474 -0.437863 0.078629 -0.358432
13 -0.420340 -0.614409 0.456143 -0.482009 0.001698 0.046989 -0.012962 0.046851 0.135211 0.071050 0.009409 0.275966 -0.134921 -0.236435 0.357111 -0.396450 0.001455 -0.333416
8 -0.375695 -0.569897 0.389563 -0.378934 0.002384 0.060658 0.016006 0.086616 0.119821 0.043353 0.029049 0.265269 -0.164000 -0.196923 0.344459 -0.407937 0.082266 -0.315958
9 -0.415803 -0.585007 0.378559 -0.425622 0.025030 0.066145 -0.007128 0.091664 0.164359 0.025792 0.038327 0.308303 -0.149687 -0.228084 0.334568 -0.402364 0.041417 -0.301833
5 -0.354552 -0.543128 0.330981 -0.368692 0.032678 0.027834 0.027592 0.050175 0.136401 0.007937 0.056110 0.273077 -0.154887 -0.184054 0.324796 -0.403006 0.040491 -0.329066
11 -0.480782 -0.663936 0.477522 -0.475103 0.021059 0.038572 -0.034166 0.101818 0.157668 0.026715 0.025778 0.318378 -0.169982 -0.220953 0.403293 -0.464176 0.035078 -0.371941
3 -0.422482 -0.570402 0.443796 -0.414029 0.022300 0.030419 0.013376 0.084385 0.089277 0.032457 0.040823 0.258792 -0.165853 -0.256033 0.324128 -0.441164 0.082409 -0.368959
12 -0.462033 -0.625008 0.452142 -0.472701 -0.002868 0.031849 -0.043628 0.048128 0.110293 0.070547 0.043495 0.313656 -0.146013 -0.199298 0.341997 -0.376822 0.005171 -0.316451
10 -0.352136 -0.525709 0.343224 -0.359975 0.027134 0.072020 0.018958 0.080098 0.138059 0.005787 0.052594 0.272300 -0.156344 -0.173999 0.299384 -0.354047 0.073594 -0.284206
4 -0.391051 -0.549055 0.406980 -0.404703 0.029702 0.013448 -0.017794 0.112849 0.130461 0.022113 0.042368 0.288677 -0.118479 -0.229423 0.334590 -0.432096 0.054908 -0.360487
6 -0.383992 -0.570049 0.408550 -0.379189 0.017968 0.049928 0.011516 0.093373 0.114134 0.041645 0.039919 0.261316 -0.150723 -0.219385 0.343480 -0.396923 0.056400 -0.348849
16 -0.390774 -0.546670 0.399597 -0.402496 0.004287 0.041915 0.015585 0.070137 0.124702 0.039406 0.010593 0.278449 -0.149939 -0.179816 0.349270 -0.409013 0.036249 -0.350959
7 -0.414199 -0.617943 0.427261 -0.470777 -0.009606 0.077628 -0.006058 0.077752 0.162020 0.044696 0.012419 0.293550 -0.144426 -0.255280 0.380992 -0.409411 0.056650 -0.352486
17 -0.393635 -0.574321 0.399494 -0.387243 -0.009493 0.023997 0.016850 0.099524 0.152648 0.053375 0.041269 0.306323 -0.132035 -0.197406 0.320582 -0.391267 0.059332 -0.356102
