18 18
0 -0.352253 -0.399422 0.280510 -0.213742 -0.006496 -0.012423 0.267698 0.164168 0.230471 -0.115663 0.426518 0.340966 -0.146797 -0.315024 0.228645 -0.456490 -0.044694 -0.548834
3 -0.313898 -0.357063 0.247620 -0.141403 0.004305 0.000258 0.308576 0.180682 0.216283 -0.125108 0.418586 0.312941 -0.190493 -0.348555 0.221392 -0.459210 -0.039074 -0.555543
6 -0.053276 -0.371670 -0.010315 0.053046 -0.136824 0.151413 0.416051 0.282278 0.344649 -0.083039 0.370539 0.300741 -0.231768 -0.377530 0.396502 -0.451020 -0.044614 -0.536546
10 -0.296912 -0.403475 0.207730 -0.156641 0.001439 0.044490 0.313937 0.168763 0.297197 -0.135677 0.444315 0.362780 -0.191816 -0.299048 0.245302 -0.411994 -0.054086 -0.531761
5 -0.143766 -0.361066 0.045694 -0.040474 -0.060393 0.064133 0.362277 0.189630 0.314852 -0.112185 0.393625 0.312741 -0.195400 -0.315822 0.307639 -0.439311 -0.057001 -0.517844
4 -0.282863 -0.322777 0.220944 -0.139978 0.008246 -0.025075 0.241963 0.190810 0.226449 -0.117585 0.408881 0.321642 -0.123770 -0.305916 0.208010 -0.418111 -0.058573 -0.515813
11 -0.422500 -0.437422 0.338821 -0.232323 0.046205 -0.053224 0.245590 0.175708 0.258918 -0.143626 0.444501 0.390924 -0.177036 -0.315462 0.245995 -0.485107 -0.106141 -0.595479
1 -0.420133 -0.413190 0.366240 -0.250671 0.052069 -0.093236 0.240362 0.181147 0.223302 -0.110479 0.376923 0.365443 -0.117209 -0.333540 0.164905 -0.478026 -0.071966 -0.571984
2 -0.243105 -0.379012 0.185568 -0.135893 -0.039434 0.020600 0.327042 0.214744 0.242124 -0.114181 0.405525 0.359520 -0.149132 -0.342610 0.247121 -0.463716 -0.078818 -0.526240
15 -0.436720 -0.421128 0.366097 -0.278986 0.049410 -0.035050 0.252865 0.108428 0.211780 -0.120069 0.412817 0.363972 -0.126067 -0.284280 0.184645 -0.442694 -0.105174 -0.565686
17 -0.253398 -0.357171 0.183334 -0.100512 -0.058733 -0.004008 0.319926 0.202179 0.270089 -0.086769 0.414404 0.345009 -0.139886 -0.297351 0.222656 -0.399627 -0.057415 -0.529939
14 -0.392522 -0.442342 0.333299 -0.246444 0.047166 -0.011425 0.256379 0.148372 0.241852 -0.109897 0.398581 0.389599 -0.182179 -0.328065 0.232339 -0.447590 -0.068103 -0.581381
12 -0.335247 -0.425146 0.237047 -0.186427 -0.029437 -0.003584 0.286068 0.156786 0.248976 -0.092920 0.454103 0.389361 -0.176515 -0.320728 0.254233 -0.428770 -0.102339 -0.551469
16 -0.287314 -0.351848 0.227104 -0.145306 -0.018974 -0.008813 0.296819 0.171110 0.231650 -0.095775 0.360143 0.334655 -0.165505 -0.296546 0.247699 -0.450779 -0.090822 -0.545168
9 -0.158881 -0.374790 0.049764 -0.047350 -0.091390 0.091248 0.372538 0.245595 0.344506 -0.104462 0.407266 0.349984 -0.202646 -0.381502 0.326234 -0.466900 -0.065730 -0.527539
8 -0.127373 -0.385001 0.067032 -0.017741 -0.109986 0.111226 0.379810 0.231711 0.313972 -0.077903 0.367035 0.302555 -0.220735 -0.337388 0.347580 -0.448269 -0.027136 -0.507028
13 -0.300203 -0.411567 0.245223 -0.191280 -0.021013 0.003439 0.317827 0.158263 0.283964 -0.096669 0.431143 0.350420 -0.166729 -0.358601 0.269227 -0.456461 -0.100148 -0.586324
7 -0.158407 -0.354012 0.083947 -0.077402 -0.086928 0.074467 0.332824 0.215422 0.312171 -0.105459 0.370238 0.322082 -0.170594 -0.353371 0.309593 -0.424386 -0.054345 -0.517290
