18 18
9 -0.509393 -0.472101 0.384863 -0.179145 0.105517 -0.136195 0.046798 0.274173 0.305477 -0.134476 0.223842 0.277251 -0.170343 -0.329797 0.115785 -0.348287 0.041534 -0.417208
13 -0.468990 -0.473088 0.440214 -0.160170 0.094901 -0.107269 0.110880 0.178100 0.268063 -0.090633 0.186184 0.191408 -0.185457 -0.278141 0.164733 -0.340941 0.011375 -0.469102
3 -0.541593 -0.461414 0.445966 -0.154488 0.084765 -0.154336 0.076466 0.252517 0.242317 -0.119734 0.243570 0.245906 -0.200709 -0.320721 0.104193 -0.338455 0.069755 -0.472789
11 -0.512205 -0.507148 0.428754 -0.138797 0.189926 -0.111956 0.032169 0.242931 0.304965 -0.182221 0.194400 0.232752 -0.250113 -0.223321 0.211420 -0.418734 0.030641 -0.451765
5 -0.511894 -0.499159 0.388030 -0.164928 0.153608 -0.161371 0.057275 0.236591 0.313202 -0.155425 0.242009 0.291714 -0.215796 -0.267583 0.147239 -0.390018 0.044984 -0.476502
15 -0.530875 -0.516271 0.473228 -0.165097 0.129905 -0.043796 0.132096 0.145784 0.266154 -0.127052 0.206020 0.193572 -0.222218 -0.225159 0.198793 -0.369412 0.010823 -0.502061
17 -0.491210 -0.474382 0.434731 -0.140636 0.034272 -0.165314 0.104118 0.242953 0.328157 -0.048901 0.212764 0.319432 -0.153507 -0.245756 0.116562 -0.291461 0.023513 -0.534436
2 -0.506901 -0.479641 0.417777 -0.183310 0.076006 -0.163149 0.071105 0.289865 0.261272 -0.115243 0.223715 0.307458 -0.153113 -0.338630 0.104003 -0.355616 0.027148 -0.452016
14 -0.533737 -0.492187 0.460350 -0.197679 0.075605 -0.140280 0.063398 0.229177 0.272910 -0.070503 0.193970 0.298410 -0.172621 -0.289882 0.119247 -0.307522 0.051315 -0.487003
1 -0.503211 -0.428520 0.403349 -0.155510 0.165367 -0.219485 -0.007794 0.281804 0.310273 -0.128645 0.183706 0.253361 -0.132841 -0.229336 0.074056 -0.350594 0.084903 -0.461663
0 -0.489425 -0.474714 0.404231 -0.185667 0.050843 -0.100645 0.068849 0.212757 0.263771 -0.092589 0.229670 0.253069 -0.159153 -0.271930 0.148173 -0.319604 0.057080 -0.447221
10 -0.499759 -0.475936 0.397709 -0.151398 0.130498 -0.088287 0.074685 0.227267 0.280603 -0.152592 0.236208 0.258093 -0.216883 -0.262648 0.138353 -0.335093 0.052492 -0.425686
8 -0.462710 -0.508836 0.435929 -0.139817 0.125514 -0.073906 0.095749 0.197895 0.266087 -0.109935 0.176138 0.209162 -0.235336 -0.240602 0.205771 -0.389158 0.047481 -0.448345
12 -0.521401 -0.482222 0.412435 -0.181564 0.080856 -0.142406 0.039821 0.212923 0.248349 -0.095670 0.242964 0.282148 -0.183910 -0.271250 0.131816 -0.314677 0.020137 -0.434447
4 -0.523073 -0.437283 0.411459 -0.139960 0.202381 -0.202805 -0.019656 0.302327 0.316206 -0.177116 0.243170 0.269396 -0.165392 -0.254618 0.118332 -0.396637 0.073626 -0.491390
16 -0.502601 -0.468735 0.449470 -0.159736 0.056159 -0.143907 0.117658 0.203604 0.307444 -0.057100 0.181781 0.308366 -0.181858 -0.211965 0.163406 -0.334351 -0.003994 -0.558462
7 -0.448283 -0.443681 0.363211 -0.150129 0.084543 -0.095673 0.073988 0.226544 0.281750 -0.130382 0.196254 0.236964 -0.177186 -0.291740 0.153107 -0.324022 0.045090 -0.432950
6 -0.459233 -0.472502 0.421572 -0.108842 0.126735 -0.055308 0.124108 0.169017 0.242168 -0.112883 0.197782 0.181373 -0.226284 -0.232719 0.198970 -0.352451 0.021118 -0.479135
