18 18
11 -0.571706 -0.348148 0.478631 -0.122919 0.061190 0.031490 0.204691 0.042675 0.085082 -0.147776 0.277158 0.138684 -0.323548 -0.072076 0.210958 -0.357421 0.021579 -0.558671
1 -0.480303 -0.333954 0.385703 -0.104396 0.081216 0.021763 0.266738 0.085300 0.119011 -0.171706 0.350587 0.121124 -0.280889 -0.244938 0.195159 -0.457549 0.097632 -0.618303
12 -0.655081 -0.388318 0.556750 -0.181162 0.027376 0.045026 0.211489 -0.023587 0.027337 -0.095368 0.290887 0.169106 -0.335116 -0.016478 0.197927 -0.297291 -0.019318 -0.558470
9 -0.441737 -0.302433 0.297213 -0.077153 0.074748 0.029838 0.267264 0.093202 0.149987 -0.190258 0.387523 0.170440 -0.302073 -0.275387 0.202753 -0.466697 0.070790 -0.594554
0 -0.479073 -0.320359 0.397455 -0.120927 0.035668 0.077549 0.241608 0.048003 0.065701 -0.149319 0.351790 0.127915 -0.282690 -0.180592 0.214650 -0.397310 0.092184 -0.573397
10 -0.564834 -0.334280 0.486740 -0.117836 0.061395 0.099623 0.255316 0.019146 0.062496 -0.152832 0.313296 0.150392 -0.339706 -0.056864 0.184109 -0.312247 0.046109 -0.562390
3 -0.453549 -0.263437 0.368207 -0.059079 0.089563 0.059591 0.277816 0.062406 0.048928 -0.187751 0.364189 0.079454 -0.305063 -0.248361 0.163866 -0.425566 0.116171 -0.600112
14 -0.570735 -0.353177 0.518832 -0.142618 0.067960 0.096197 0.252140 0.025146 0.025470 -0.130492 0.303289 0.135959 -0.327521 -0.144869 0.202964 -0.367493 0.080028 -0.611981
2 -0.421307 -0.295543 0.342912 -0.076750 0.064193 0.062854 0.291992 0.078936 0.064594 -0.178146 0.359173 0.146577 -0.282952 -0.244542 0.197656 -0.447059 0.067408 -0.601314
7 -0.448416 -0.325669 0.347392 -0.097955 0.041069 0.065507 0.278537 0.074613 0.131399 -0.176976 0.366430 0.148273 -0.304469 -0.259847 0.238666 -0.446921 0.093793 -0.624823
4 -0.446306 -0.248510 0.355570 -0.047315 0.096062 0.038466 0.230823 0.090571 0.083770 -0.189104 0.378671 0.129277 -0.263475 -0.196207 0.175170 -0.398970 0.074530 -0.600793
5 -0.393138 -0.292447 0.267965 -0.050835 0.102824 0.027692 0.279349 0.051683 0.134268 -0.200385 0.392951 0.147968 -0.303886 -0.235527 0.208565 -0.453752 0.075821 -0.624563
16 -0.525597 -0.306295 0.452984 -0.098930 0.062905 0.061378 0.273159 0.039140 0.070344 -0.153351 0.313166 0.134054 -0.325342 -0.126593 0.212689 -0.394118 0.044704 -0.630608
6 -0.448529 -0.281662 0.381679 -0.025209 0.091051 0.088281 0.305060 0.084956 0.060490 -0.189034 0.395412 0.105105 -0.309119 -0.238145 0.208809 -0.424680 0.081935 -0.657817
15 -0.461019 -0.267472 0.380954 -0.072412 0.083825 0.091429 0.266389 0.033040 0.051047 -0.172682 0.339943 0.094949 -0.263981 -0.164843 0.173733 -0.373403 0.050951 -0.575013
8 -0.486625 -0.348943 0.412780 -0.096576 0.037149 0.063601 0.275589 0.062101 0.081586 -0.137017 0.341045 0.144633 -0.321219 -0.194074 0.228726 -0.433763 0.084996 -0.598860
13 -0.537921 -0.330861 0.498390 -0.153250 0.041653 0.061742 0.244764 0.002260 0.052631 -0.111838 0.274858 0.100932 -0.295873 -0.119117 0.200246 -0.341772 0.021024 -0.569255
17 -0.498368 -0.309680 0.423959 -0.083354 0.032342 0.027680 0.248672 0.052742 0.098698 -0.119592 0.311767 0.158904 -0.286444 -0.107707 0.169473 -0.333479 0.046863 -0.589215
