18 18
7 0.032619 -0.513666 0.055259 -0.378066 -0.158421 0.304485 0.375612 -0.123550 0.240235 -0.037958 0.082527 0.203930 -0.132553 -0.538800 0.489376 -0.391416 -0.167277 -0.383156
9 -0.197818 -0.661738 0.080289 -0.402375 -0.156800 0.195904 0.287198 -0.042909 0.350553 0.006258 0.185097 0.414218 -0.169519 -0.393284 0.367861 -0.320968 -0.181637 -0.267902
1 -0.189822 -0.629595 0.127105 -0.383010 -0.134559 0.161628 0.265953 -0.039707 0.306576 0.014789 0.143376 0.337289 -0.140324 -0.361042 0.347378 -0.317519 -0.143482 -0.285766
12 -0.219252 -0.678576 0.114004 -0.411723 -0.173179 0.174111 0.256707 -0.080186 0.298808 0.041776 0.197098 0.414019 -0.170907 -0.337551 0.365658 -0.281731 -0.198073 -0.265266
8 -0.138337 -0.610085 0.115037 -0.355260 -0.166392 0.200750 0.277065 -0.057404 0.274314 0.036284 0.134499 0.322087 -0.166346 -0.354787 0.395370 -0.321591 -0.135678 -0.276131
0 -0.008232 -0.525075 0.074310 -0.385931 -0.168742 0.286655 0.330731 -0.122864 0.205647 -0.019478 0.123369 0.208652 -0.123177 -0.475743 0.478435 -0.384842 -0.143184 -0.359155
2 -0.053062 -0.534004 0.086199 -0.354223 -0.138932 0.228292 0.324516 -0.068537 0.214845 -0.011050 0.106780 0.265774 -0.128615 -0.440745 0.385396 -0.356650 -0.163367 -0.298959
5 -0.031645 -0.528608 0.052325 -0.347627 -0.103422 0.228973 0.348328 -0.126066 0.250381 -0.036902 0.122810 0.242425 -0.156625 -0.449578 0.426550 -0.377328 -0.174020 -0.357891
3 -0.078045 -0.520129 0.107471 -0.352928 -0.125138 0.241816 0.340482 -0.097156 0.211750 -0.032563 0.125640 0.219465 -0.163666 -0.468250 0.399071 -0.367526 -0.135002 -0.350058
13 -0.000035 -0.507984 0.090298 -0.380456 -0.136141 0.251160 0.352470 -0.132726 0.223176 -0.007124 0.084422 0.191495 -0.123281 -0.510670 0.447230 -0.383746 -0.187526 -0.369371
17 -0.153912 -0.598734 0.098048 -0.346429 -0.170497 0.172889 0.281706 -0.055444 0.309286 0.034132 0.162764 0.365624 -0.140408 -0.327044 0.344321 -0.267470 -0.160707 -0.293064
11 -0.226445 -0.681073 0.123361 -0.379863 -0.152224 0.167352 0.236960 -0.021615 0.347556 0.008796 0.166731 0.407919 -0.174230 -0.307709 0.387671 -0.305291 -0.181626 -0.269502
10 -0.147625 -0.627336 0.093429 -0.384815 -0.144477 0.234783 0.309751 -0.074406 0.312096 -0.009109 0.174364 0.356394 -0.177810 -0.371719 0.382732 -0.306323 -0.160270 -0.282075
15 -0.064170 -0.552661 0.102035 -0.383238 -0.134858 0.275715 0.344488 -0.131740 0.236572 -0.020889 0.118807 0.242729 -0.142290 -0.445708 0.447646 -0.368771 -0.188613 -0.357938
6 -0.026500 -0.573999 0.097652 -0.362719 -0.139045 0.280151 0.383475 -0.102865 0.245958 -0.016353 0.118057 0.237594 -0.160865 -0.518872 0.478766 -0.396386 -0.186427 -0.398678
14 -0.052434 -0.555266 0.111793 -0.385253 -0.122780 0.265823 0.329859 -0.115548 0.224475 -0.003256 0.083961 0.253760 -0.157761 -0.469551 0.433313 -0.355717 -0.151765 -0.349317
16 -0.003066 0.009981 0.006043 0.000869 -0.007381 -0.001770 0.017455 -0.006904 0.000948 0.004908 -0.016488 0.011175 -0.012361 0.022003 0.021550 -0.015661 -0.025305 -0.027720
4 -0.000863 0.026536 0.000487 0.011658 0.016931 -0.018308 -0.024615 0.027506 0.003913 -0.015616 0.024595 0.006644 0.019102 -0.007194 -0.007301 -0.006238 0.005807 -0.017039
