18 18
10 -0.284497 -0.493555 0.169771 -0.106952 0.148088 0.051949 0.208239 0.150904 0.384160 -0.268383 0.164193 0.441933 -0.188775 0.109171 0.334758 -0.400092 -0.185704 -0.434058
11 -0.340542 -0.570502 0.220122 -0.127617 0.097653 0.006237 0.132188 0.171437 0.402864 -0.220063 0.094723 0.447825 -0.189748 0.138434 0.421342 -0.421072 -0.218356 -0.439839
1 -0.322735 -0.523699 0.211040 -0.132897 0.134484 -0.012248 0.169145 0.162896 0.374459 -0.222145 0.116740 0.402997 -0.149387 0.079952 0.319826 -0.410535 -0.172728 -0.431805
0 -0.299802 -0.516820 0.191109 -0.143374 0.114431 0.040002 0.169046 0.139588 0.341219 -0.239364 0.166592 0.415243 -0.164153 0.083946 0.357280 -0.415054 -0.158785 -0.433647
3 -0.316540 -0.493465 0.215583 -0.103867 0.140405 0.016003 0.205864 0.162683 0.325470 -0.259647 0.165564 0.399650 -0.195958 0.056072 0.328881 -0.448032 -0.152669 -0.469567
9 -0.324150 -0.508876 0.180323 -0.133023 0.112214 0.014004 0.163665 0.158979 0.399024 -0.215957 0.124496 0.440760 -0.165665 0.067696 0.343009 -0.404421 -0.209658 -0.418354
2 -0.251282 -0.484251 0.173588 -0.103200 0.123417 0.015764 0.192436 0.181454 0.307822 -0.248316 0.133899 0.418065 -0.157857 0.063728 0.330508 -0.441474 -0.176905 -0.410810
4 -0.264752 -0.434674 0.165245 -0.084508 0.159735 0.003315 0.173667 0.178394 0.348802 -0.274067 0.183179 0.410264 -0.147979 0.072011 0.321009 -0.431192 -0.175452 -0.462279
7 -0.262332 -0.499013 0.163452 -0.123099 0.070315 0.031980 0.169299 0.153746 0.383573 -0.212161 0.110863 0.420779 -0.154829 0.075284 0.382166 -0.392254 -0.187302 -0.435536
5 -0.261396 -0.489985 0.146919 -0.095174 0.162600 0.005736 0.214031 0.133785 0.352313 -0.266412 0.170395 0.412209 -0.182807 0.077959 0.326450 -0.434633 -0.175335 -0.442550
14 -0.334785 -0.546527 0.231109 -0.151591 0.152734 0.028740 0.160222 0.137597 0.360426 -0.226076 0.113187 0.437806 -0.181775 0.096881 0.356913 -0.407055 -0.181556 -0.448644
13 -0.298727 -0.526655 0.208277 -0.150442 0.108056 0.010456 0.181287 0.125815 0.391109 -0.206398 0.113993 0.423992 -0.158222 0.089599 0.372254 -0.408765 -0.237433 -0.451298
17 -0.298007 -0.508004 0.191306 -0.108874 0.062412 -0.006789 0.173947 0.144373 0.390906 -0.172179 0.122197 0.436572 -0.144205 0.119975 0.335644 -0.355171 -0.201872 -0.444044
16 -0.297576 -0.497562 0.190038 -0.116296 0.102005 0.018925 0.199670 0.139388 0.377775 -0.222519 0.117680 0.443470 -0.183947 0.126108 0.384521 -0.426687 -0.231642 -0.474396
6 -0.292975 -0.508127 0.199931 -0.087506 0.157245 0.028298 0.208276 0.176483 0.354867 -0.258010 0.164288 0.415838 -0.181053 0.072891 0.348063 -0.428430 -0.191480 -0.469553
12 -0.343902 -0.558385 0.208292 -0.163686 0.065835 0.006333 0.133999 0.107978 0.365342 -0.166274 0.130741 0.458684 -0.167686 0.122599 0.373779 -0.359841 -0.234021 -0.420448
8 -0.294456 -0.538017 0.211130 -0.116128 0.085985 0.022892 0.177052 0.155987 0.364818 -0.190138 0.104303 0.417453 -0.184218 0.098557 0.384514 -0.417359 -0.175330 -0.432591
15 -0.319376 -0.514329 0.201239 -0.134992 0.124520 0.050019 0.190136 0.126184 0.373303 -0.245492 0.155277 0.415813 -0.160075 0.109212 0.362100 -0.413391 -0.209190 -0.459915
