18 18
9 -0.680179 -0.536150 0.403647 -0.476648 0.215585 -0.046171 -0.030950 0.168115 0.352853 -0.040317 0.337945 0.592748 0.014812 -0.200957 0.066698 -0.303290 -0.164538 -0.398268
6 -0.617647 -0.528350 0.407568 -0.411677 0.215340 -0.020361 -0.012042 0.184778 0.346893 -0.055395 0.310840 0.545053 -0.018209 -0.184546 0.127481 -0.300770 -0.149100 -0.439989
15 -0.677985 -0.546030 0.423108 -0.476134 0.216482 -0.011806 -0.040433 0.163079 0.351301 -0.077936 0.321216 0.565245 0.014122 -0.171264 0.117881 -0.318658 -0.171155 -0.420961
4 -0.656847 -0.498197 0.413425 -0.439607 0.219386 -0.059533 -0.068474 0.211556 0.349820 -0.066152 0.339159 0.574297 0.031690 -0.192085 0.093253 -0.309518 -0.142538 -0.434561
1 -0.700103 -0.558656 0.451070 -0.492372 0.219685 -0.075957 -0.052997 0.195664 0.348391 -0.044322 0.321869 0.582183 0.044734 -0.187605 0.059146 -0.318078 -0.133519 -0.422618
14 -0.596238 -0.502657 0.383975 -0.419343 0.199934 -0.031533 -0.060849 0.188295 0.342702 -0.061243 0.246424 0.537783 -0.013675 -0.177592 0.125006 -0.284997 -0.123016 -0.389334
3 -0.714733 -0.559189 0.470530 -0.464617 0.219393 -0.041003 -0.011556 0.178221 0.325369 -0.059872 0.344023 0.583388 -0.045161 -0.219495 0.103604 -0.344691 -0.123821 -0.488126
2 -0.637718 -0.535642 0.391398 -0.468858 0.193200 -0.036640 -0.072647 0.228246 0.335178 -0.086140 0.296622 0.586721 0.048371 -0.201957 0.110607 -0.335346 -0.172069 -0.372187
11 -0.112709 -0.567048 -0.385867 0.210678 0.026717 0.123568 -0.901473 1.372911 1.471667 -1.195030 -0.783295 0.205906 -0.310051 -0.404339 1.605645 -0.812611 -0.246738 0.015951
7 -0.042563 -0.594597 -0.492958 0.242815 -0.024249 0.173839 -0.979484 1.516011 1.646074 -1.321888 -0.904564 0.204144 -0.331075 -0.490609 1.795813 -0.872320 -0.253215 0.040196
8 -0.582415 -0.524116 0.376291 -0.399983 0.152615 -0.014974 -0.023634 0.182484 0.324329 -0.055166 0.267506 0.531125 -0.033028 -0.164020 0.153882 -0.324200 -0.120947 -0.376628
10 -0.583645 -0.490904 0.355471 -0.393005 0.210585 -0.003628 -0.008328 0.172868 0.366372 -0.088155 0.310965 0.552045 -0.035414 -0.146830 0.102768 -0.268144 -0.123091 -0.391101
17 -0.582302 -0.490580 0.356270 -0.382890 0.152064 -0.052152 -0.028870 0.210048 0.379771 -0.052055 0.290388 0.560074 0.010576 -0.158988 0.109289 -0.272883 -0.132618 -0.405495
12 -0.645271 -0.538367 0.389536 -0.442738 0.169817 -0.038419 -0.066951 0.157241 0.316036 -0.052679 0.310325 0.568708 -0.011918 -0.154596 0.128007 -0.287675 -0.167653 -0.382711
0 -0.583236 -0.486253 0.355361 -0.426469 0.169078 -0.014591 -0.058070 0.170594 0.334055 -0.070352 0.289945 0.508216 0.008341 -0.165158 0.135565 -0.290885 -0.118851 -0.377104
13 -0.559089 -0.473928 0.355949 -0.410197 0.173640 -0.041173 -0.053061 0.181327 0.363598 -0.061763 0.241602 0.493032 0.009227 -0.194579 0.140283 -0.288114 -0.157154 -0.376650
16 -0.589247 -0.487929 0.367036 -0.393624 0.165890 -0.028344 -0.030091 0.188530 0.354456 -0.076292 0.244096 0.533999 -0.035248 -0.154573 0.171879 -0.320018 -0.158097 -0.418783
5 -0.587158 -0.518459 0.334966 -0.409900 0.213113 -0.039207 -0.005088 0.156812 0.377972 -0.092138 0.311167 0.556155 -0.027474 -0.169495 0.133835 -0.321013 -0.154788 -0.423405
