18 18
10 -0.279189 -0.505906 0.412509 -0.066878 0.112188 0.276397 0.138208 0.225463 0.069077 -0.096493 0.224776 0.270879 -0.322250 -0.119601 0.408141 -0.306814 0.108380 -0.407035
14 -0.333096 -0.582555 0.541754 -0.089794 0.119043 0.227564 0.113608 0.280147 0.068829 -0.010082 0.138585 0.310100 -0.305043 -0.153258 0.409059 -0.328562 0.164412 -0.486170
0 -0.215101 -0.473872 0.314062 -0.060973 0.136526 0.258868 0.112290 0.209007 -0.002305 -0.144713 0.292558 0.232683 -0.266956 -0.193857 0.458634 -0.394584 -0.002985 -0.398722
3 -0.305851 -0.522383 0.458578 -0.051921 0.122453 0.255549 0.149076 0.254235 0.023676 -0.094175 0.241358 0.263261 -0.341477 -0.182279 0.434311 -0.374435 0.100212 -0.472835
13 -0.134158 -0.450710 0.232838 -0.010181 0.201622 0.250920 0.156321 0.216147 0.004999 -0.204388 0.318595 0.223025 -0.278979 -0.254836 0.490683 -0.460872 -0.145936 -0.392256
12 -0.325712 -0.555915 0.430039 -0.110136 0.077350 0.271629 0.117889 0.193193 0.030180 -0.066446 0.267928 0.317097 -0.336783 -0.138117 0.469619 -0.330416 0.043958 -0.449215
4 -0.164463 -0.415151 0.235806 -0.000702 0.218513 0.261969 0.114516 0.233625 -0.026586 -0.242025 0.375849 0.229667 -0.276622 -0.243285 0.487594 -0.455344 -0.106000 -0.403525
6 -0.087084 -0.437636 0.161526 0.080328 0.260145 0.244331 0.159159 0.274912 -0.022688 -0.258354 0.363609 0.219092 -0.267827 -0.280422 0.498979 -0.500102 -0.207141 -0.381648
5 -0.116769 -0.457616 0.156650 0.029382 0.265001 0.229022 0.165739 0.214455 0.007193 -0.262673 0.368370 0.245005 -0.280157 -0.253496 0.489845 -0.502895 -0.181767 -0.392372
1 -0.373106 -0.609343 0.609830 -0.072376 0.106497 0.156726 0.124598 0.358243 0.141060 0.026802 0.079176 0.301093 -0.278717 -0.135011 0.335219 -0.314773 0.255720 -0.499438
17 -0.352567 -0.581191 0.593737 -0.051842 0.039628 0.166897 0.136701 0.331849 0.148614 0.071311 0.096834 0.337923 -0.272211 -0.091054 0.333584 -0.255587 0.249960 -0.513435
8 -0.335373 -0.612355 0.577825 -0.047460 0.075169 0.205478 0.145694 0.338139 0.115865 0.035810 0.105812 0.319016 -0.315937 -0.126289 0.389448 -0.324635 0.228531 -0.485629
15 -0.267802 -0.504971 0.374418 -0.076218 0.138608 0.286589 0.140721 0.193730 0.019074 -0.139346 0.281905 0.251291 -0.296966 -0.168544 0.477063 -0.394579 -0.018209 -0.443273
16 -0.284545 -0.497000 0.389487 -0.082936 0.093633 0.279886 0.140897 0.197062 0.033632 -0.107968 0.249234 0.286846 -0.338423 -0.124578 0.489982 -0.364439 0.020098 -0.456490
11 -0.179492 -0.470110 0.242771 0.012705 0.213099 0.241150 0.120883 0.258675 0.019727 -0.231408 0.322631 0.253187 -0.301075 -0.208801 0.503902 -0.466316 -0.115007 -0.391414
7 -0.225730 -0.508194 0.327163 -0.073857 0.113261 0.308768 0.141689 0.218143 0.038332 -0.150862 0.285394 0.278008 -0.320680 -0.214222 0.520890 -0.395332 -0.010882 -0.438983
2 -0.147153 -0.465191 0.259713 0.006235 0.197635 0.232852 0.146650 0.276067 -0.011312 -0.192411 0.289306 0.261545 -0.259946 -0.237153 0.448614 -0.455150 -0.091419 -0.378140
9 -0.178515 -0.459284 0.234509 0.002567 0.202790 0.237749 0.139921 0.260763 0.038980 -0.194863 0.305619 0.267339 -0.278893 -0.248044 0.451461 -0.445132 -0.100366 -0.377772
