18 18
14 -0.279888 -0.413929 0.305578 -0.026802 0.133532 -0.039001 0.274363 0.202221 0.181176 -0.087996 0.287590 0.249891 -0.207316 -0.319616 0.221874 -0.424189 -0.008752 -0.591509
11 -0.289155 -0.374202 0.285643 0.009106 0.151799 -0.100013 0.218311 0.226791 0.160364 -0.125299 0.273407 0.193604 -0.190178 -0.270297 0.230383 -0.449866 -0.058073 -0.546890
16 -0.291052 -0.394815 0.321334 -0.007588 0.108817 -0.083554 0.312712 0.236071 0.209802 -0.090581 0.288433 0.217126 -0.192877 -0.319087 0.260676 -0.486442 -0.054461 -0.669795
8 -0.262913 -0.431673 0.277575 0.021963 0.084966 -0.024399 0.319252 0.238922 0.225540 -0.070432 0.325270 0.258655 -0.220399 -0.332665 0.241649 -0.445298 -0.008318 -0.575956
3 -0.289818 -0.356574 0.308701 -0.005160 0.119733 -0.067642 0.274389 0.211122 0.147427 -0.101855 0.293087 0.175023 -0.198425 -0.331471 0.203504 -0.451183 -0.003640 -0.607333
2 -0.244470 -0.388766 0.267745 -0.006111 0.112960 -0.056842 0.300490 0.228593 0.171600 -0.106326 0.318981 0.254398 -0.179030 -0.336313 0.224135 -0.462143 -0.058498 -0.593910
15 -0.328566 -0.445740 0.320841 -0.023503 0.139335 -0.023049 0.327278 0.209238 0.222342 -0.119568 0.364573 0.267187 -0.215340 -0.344371 0.251592 -0.490580 -0.060178 -0.659827
13 -0.266904 -0.413081 0.315047 -0.030976 0.105267 -0.056727 0.308778 0.213683 0.232359 -0.078212 0.307122 0.221164 -0.182970 -0.368309 0.244601 -0.453793 -0.037993 -0.651431
5 -0.284755 -0.411903 0.255418 -0.001894 0.180184 -0.079090 0.301172 0.167516 0.185695 -0.143319 0.353771 0.268972 -0.228948 -0.296674 0.229925 -0.468557 -0.068768 -0.624379
4 -0.272554 -0.358393 0.271374 0.014906 0.143749 -0.077372 0.256754 0.229947 0.190017 -0.121455 0.343961 0.247347 -0.182091 -0.309369 0.214291 -0.436929 -0.033814 -0.611962
12 -0.314780 -0.417114 0.287750 -0.018721 0.132426 -0.083181 0.260934 0.185431 0.164919 -0.099133 0.354005 0.266837 -0.209848 -0.297871 0.225043 -0.434474 -0.071909 -0.595126
10 -0.246961 -0.402124 0.250931 0.012525 0.113800 -0.010373 0.311240 0.223881 0.240575 -0.107669 0.327316 0.261147 -0.215225 -0.302457 0.215999 -0.403871 -0.013957 -0.559821
1 -0.297221 -0.400729 0.314272 -0.015950 0.130577 -0.101187 0.261348 0.243353 0.192884 -0.092623 0.272754 0.190960 -0.164147 -0.326457 0.200338 -0.454092 -0.013218 -0.586585
6 -0.254003 -0.363082 0.267270 0.045957 0.125269 -0.055212 0.273188 0.233319 0.170869 -0.090684 0.306806 0.198400 -0.193448 -0.303793 0.209997 -0.410168 -0.042526 -0.549005
17 -0.261564 -0.394448 0.269786 0.017544 0.080831 -0.058102 0.298810 0.222911 0.230818 -0.073015 0.326865 0.276382 -0.181161 -0.293188 0.205124 -0.396091 -0.027533 -0.605613
7 -0.250976 -0.418544 0.286868 -0.019968 0.077161 -0.033609 0.315246 0.240563 0.258127 -0.094028 0.299485 0.245144 -0.189377 -0.373563 0.265669 -0.444082 -0.001883 -0.666760
9 -0.291246 -0.394998 0.253565 0.004458 0.119958 -0.052790 0.283303 0.238384 0.232044 -0.102233 0.332513 0.256169 -0.200236 -0.344845 0.216799 -0.447993 -0.041959 -0.565245
0 -0.277316 -0.396139 0.285706 -0.023267 0.097614 -0.049905 0.261777 0.216079 0.185898 -0.097838 0.321548 0.208010 -0.183633 -0.311488 0.249387 -0.454902 -0.007313 -0.597724
