18 18
16 -0.171664 -0.367279 0.192177 -0.135887 -0.067971 0.052973 0.316391 0.275419 0.286453 -0.110114 0.089018 0.586960 -0.123089 0.055642 0.273275 -0.401099 -0.189975 -0.406218
11 -0.189947 -0.373185 0.186856 -0.113410 -0.038997 0.023633 0.261798 0.296592 0.304459 -0.131141 0.100693 0.556907 -0.118339 0.049970 0.251376 -0.386925 -0.152477 -0.383834
1 -0.181010 -0.403768 0.237281 -0.127767 -0.046403 -0.019911 0.319959 0.348285 0.375585 -0.097289 0.089536 0.603041 -0.064701 0.025574 0.218101 -0.412430 -0.132299 -0.465701
2 -0.133440 -0.367860 0.172127 -0.111003 -0.060304 0.025353 0.318003 0.344957 0.308362 -0.134588 0.115092 0.614059 -0.082198 0.014832 0.234323 -0.409759 -0.168522 -0.395637
7 -0.148911 -0.385961 0.155717 -0.138825 -0.079673 0.048262 0.299401 0.296774 0.340644 -0.115356 0.100053 0.585671 -0.095292 -0.008264 0.260473 -0.375959 -0.149973 -0.405366
15 -0.181647 -0.389169 0.208585 -0.134950 -0.045454 0.024390 0.315361 0.285122 0.336374 -0.114938 0.121234 0.574361 -0.073535 0.028516 0.229485 -0.388487 -0.167024 -0.440412
6 -0.174165 -0.409440 0.196052 -0.113042 -0.049359 0.046333 0.321261 0.324978 0.322755 -0.127656 0.126695 0.599544 -0.116342 0.008994 0.270801 -0.403788 -0.175993 -0.432533
14 -0.182078 -0.417321 0.240858 -0.141872 -0.042825 0.018829 0.315491 0.323192 0.354147 -0.092570 0.090827 0.633594 -0.097589 0.029373 0.239522 -0.392844 -0.135817 -0.465195
8 -0.168719 -0.416007 0.228017 -0.104198 -0.072173 0.026217 0.347039 0.348319 0.364323 -0.095933 0.108702 0.626472 -0.115568 0.032849 0.261651 -0.426197 -0.134660 -0.457480
5 -0.161603 -0.390966 0.168171 -0.108524 -0.030624 -0.008992 0.322740 0.299452 0.374027 -0.127487 0.141176 0.624546 -0.105292 0.046360 0.238700 -0.406250 -0.156599 -0.461638
0 -0.192679 -0.430955 0.183019 -0.184410 -0.092348 0.068519 0.312070 0.303377 0.310539 -0.136966 0.154837 0.653411 -0.108499 0.031551 0.296328 -0.437457 -0.173950 -0.425978
13 -0.108916 -0.344587 0.226771 -0.078579 -0.058853 -0.032382 0.352042 0.381260 0.419851 -0.088702 0.105787 0.619511 -0.052698 0.017703 0.225321 -0.408507 -0.149144 -0.504551
10 -0.144572 -0.340329 0.171286 -0.078285 -0.032551 0.023541 0.314303 0.354255 0.378695 -0.144714 0.141399 0.631118 -0.096810 0.066503 0.200187 -0.361704 -0.122766 -0.413480
4 -0.120742 -0.277784 0.180596 -0.031298 -0.030975 -0.051001 0.285794 0.422245 0.409118 -0.133190 0.165056 0.644671 -0.043040 0.048875 0.179718 -0.373036 -0.103661 -0.477945
17 -0.134026 -0.333134 0.211131 -0.040817 -0.070373 -0.055813 0.336095 0.390546 0.419220 -0.081430 0.136963 0.650128 -0.044126 0.069312 0.178339 -0.360994 -0.121906 -0.505435
12 -0.213453 -0.415118 0.170797 -0.166057 -0.069547 0.032554 0.267805 0.253227 0.280024 -0.109551 0.143871 0.611029 -0.119426 0.030042 0.248388 -0.364316 -0.193811 -0.378557
9 -0.174844 -0.358226 0.152060 -0.121311 -0.049087 0.019240 0.287765 0.315879 0.345845 -0.122137 0.124060 0.609675 -0.095599 0.004887 0.221460 -0.385788 -0.166677 -0.387976
3 -0.195890 -0.378241 0.206813 -0.131197 -0.050627 0.035873 0.311653 0.290642 0.279228 -0.128562 0.119086 0.561756 -0.129616 0.003081 0.238512 -0.412189 -0.138903 -0.415557
