18 18
4 -0.289609 -0.340988 0.206100 -0.060470 -0.052641 -0.145457 0.102544 0.196097 0.517779 -0.006043 0.201756 0.467192 -0.121814 0.031366 0.301876 -0.228068 -0.101271 -0.593993
12 -0.350916 -0.433850 0.222140 -0.096305 -0.087562 -0.159849 0.122115 0.146539 0.557375 0.016595 0.233892 0.542850 -0.164537 0.083260 0.350977 -0.225397 -0.164975 -0.634352
5 -0.287182 -0.410139 0.181983 -0.072330 -0.041259 -0.141908 0.154114 0.122507 0.524462 0.001122 0.194946 0.479160 -0.167132 0.066986 0.317215 -0.234896 -0.130475 -0.583801
11 -0.327871 -0.406718 0.218419 -0.056323 -0.052955 -0.154104 0.112162 0.185231 0.547339 -0.008819 0.180885 0.483865 -0.160628 0.086566 0.338847 -0.241033 -0.150412 -0.583518
17 -0.276812 -0.420628 0.233981 -0.035813 -0.119149 -0.144298 0.160859 0.215214 0.563642 0.109215 0.147571 0.503549 -0.102580 0.038991 0.252968 -0.139354 -0.090810 -0.573388
13 -0.290707 -0.397165 0.235626 -0.079342 -0.079204 -0.154064 0.144633 0.164968 0.543881 0.043253 0.165509 0.460348 -0.132173 0.024448 0.327404 -0.229452 -0.154917 -0.611299
0 -0.298008 -0.385139 0.203586 -0.092975 -0.087154 -0.108931 0.109574 0.165148 0.512361 0.004641 0.205280 0.469324 -0.139523 0.048442 0.333686 -0.223092 -0.094672 -0.573707
9 -0.294411 -0.389226 0.192781 -0.051221 -0.071638 -0.133253 0.144688 0.219080 0.554662 0.049941 0.155165 0.477671 -0.117983 -0.022674 0.258104 -0.196186 -0.114578 -0.535604
10 -0.289592 -0.399498 0.195363 -0.071357 -0.058033 -0.106317 0.147690 0.158418 0.553646 0.002603 0.196482 0.501502 -0.163355 0.076606 0.299289 -0.185839 -0.105826 -0.562209
6 -0.267202 -0.405361 0.228260 -0.003028 -0.070738 -0.125883 0.158477 0.239552 0.514479 0.081709 0.149498 0.449028 -0.124656 -0.019556 0.265133 -0.166319 -0.097334 -0.556181
14 -0.305914 -0.445461 0.253537 -0.088490 -0.063751 -0.126872 0.130979 0.166624 0.526747 0.078538 0.134033 0.503983 -0.150570 0.040180 0.291206 -0.178316 -0.091325 -0.569951
3 -0.324195 -0.363842 0.229241 -0.067726 -0.051814 -0.139319 0.128427 0.158995 0.489975 -0.025320 0.202645 0.443017 -0.177528 0.044261 0.318726 -0.253720 -0.100835 -0.605679
1 -0.313426 -0.426015 0.247315 -0.069314 -0.071947 -0.151715 0.137451 0.228874 0.563784 0.051846 0.147653 0.468229 -0.109254 0.004377 0.275735 -0.207828 -0.082023 -0.586102
8 -0.305432 -0.450434 0.245778 -0.065529 -0.098798 -0.133454 0.158769 0.185589 0.559559 0.066712 0.165965 0.504614 -0.160268 0.048452 0.333522 -0.224173 -0.108630 -0.601517
16 -0.315753 -0.370690 0.218535 -0.079872 -0.075047 -0.136459 0.137103 0.156001 0.526435 -0.004530 0.185124 0.488969 -0.162347 0.076352 0.358239 -0.255701 -0.150453 -0.635972
7 -0.260499 -0.358341 0.170941 -0.078680 -0.089819 -0.105445 0.120028 0.171378 0.536429 -0.006694 0.168678 0.463357 -0.128783 0.026901 0.328674 -0.208350 -0.103869 -0.574650
15 -0.337925 -0.393764 0.223273 -0.097629 -0.059937 -0.106586 0.135308 0.126305 0.521551 -0.029277 0.217447 0.474778 -0.156771 0.085489 0.349511 -0.245235 -0.152482 -0.616264
2 0.021368 -0.003688 -0.004957 -0.007525 -0.007603 0.001755 0.011077 0.016235 -0.024745 -0.003279 -0.008624 0.014563 0.014594 -0.017313 -0.004715 -0.020484 -0.014205 0.014938
