18 18
8 -0.267479 -0.659530 0.302763 -0.421239 -0.110139 0.246997 0.071507 0.013181 0.262731 0.082516 -0.043318 0.378733 -0.188489 -0.048833 0.447564 -0.287160 0.045478 -0.212846
14 -0.336459 -0.698323 0.346926 -0.482736 -0.063543 0.276158 0.027601 -0.023454 0.264130 0.056786 -0.048182 0.426866 -0.209620 -0.008050 0.470407 -0.239077 0.018788 -0.251226
0 -0.282412 -0.595629 0.334805 -0.457317 -0.103481 0.193115 0.040623 0.083350 0.182866 0.034391 -0.031509 0.347144 -0.106945 -0.160137 0.414364 -0.398160 0.090011 -0.258916
2 -0.184803 -0.303380 0.473351 -0.451610 -0.065504 -0.123155 0.069596 0.461092 -0.192158 -0.030117 -0.165842 0.168937 0.198465 -0.712610 0.115144 -0.898926 0.318581 -0.343810
11 -0.332009 -0.702024 0.345481 -0.460328 -0.071961 0.231186 0.031574 0.048538 0.291507 0.030210 -0.037515 0.417851 -0.192161 -0.051389 0.496009 -0.342195 0.017611 -0.266408
5 -0.286073 -0.662134 0.302228 -0.456648 -0.064572 0.189065 0.081909 0.043675 0.267348 0.024204 -0.009441 0.390915 -0.156997 -0.124685 0.433429 -0.385335 0.041189 -0.281493
6 -0.327412 -0.709401 0.392541 -0.480456 -0.089572 0.239981 0.069496 0.079520 0.244550 0.050351 -0.040243 0.407831 -0.171186 -0.132299 0.484733 -0.381515 0.048257 -0.314572
1 -0.246242 -0.425807 0.442352 -0.453049 -0.057945 -0.041339 0.061780 0.328676 -0.006637 0.006142 -0.133151 0.205613 0.095327 -0.511672 0.188298 -0.700546 0.256558 -0.332088
15 -0.340973 -0.687855 0.343857 -0.484863 -0.077094 0.271235 0.062399 -0.014704 0.273044 0.038458 -0.018382 0.409952 -0.183861 -0.031910 0.469654 -0.296683 -0.001452 -0.270503
3 -0.236015 -0.300444 0.501421 -0.441489 -0.049333 -0.118869 0.071816 0.429956 -0.185471 -0.037237 -0.135541 0.137276 0.154297 -0.696054 0.108067 -0.872315 0.342066 -0.378742
4 -0.229937 -0.354171 0.451486 -0.443974 -0.049145 -0.066407 0.038839 0.385927 -0.071356 -0.027565 -0.105408 0.209950 0.133528 -0.583237 0.186546 -0.782775 0.273242 -0.366516
13 -0.242914 -0.576836 0.330376 -0.453339 -0.088707 0.162600 0.066756 0.061636 0.199849 0.066565 -0.065983 0.315167 -0.095171 -0.185947 0.371412 -0.375764 0.063222 -0.251628
9 -0.278920 -0.581549 0.293567 -0.434936 -0.078306 0.178242 0.050933 0.087446 0.229684 0.033825 -0.037312 0.371791 -0.120263 -0.167326 0.384089 -0.375284 0.050965 -0.233772
16 -0.341447 -0.715206 0.340954 -0.483519 -0.093631 0.287726 0.068274 -0.033415 0.311084 0.059916 -0.041735 0.457491 -0.235360 0.029919 0.527423 -0.267802 -0.031414 -0.290645
7 -0.292798 -0.664116 0.331326 -0.486491 -0.111127 0.236906 0.055042 0.066879 0.261937 0.035075 -0.048216 0.397927 -0.148274 -0.147878 0.470508 -0.366264 0.060827 -0.277602
17 -0.248935 -0.469480 0.392490 -0.412121 -0.085198 0.051470 0.066343 0.214048 0.081953 0.037614 -0.079494 0.293664 0.005070 -0.312505 0.254782 -0.500280 0.162829 -0.321660
12 -0.306773 -0.636333 0.331836 -0.464840 -0.098716 0.170757 0.040196 0.054094 0.205609 0.062161 -0.019408 0.387096 -0.129712 -0.130714 0.398800 -0.358274 0.046652 -0.245989
10 -0.255120 -0.563717 0.325635 -0.434339 -0.070330 0.166127 0.071392 0.125221 0.185464 0.016426 -0.042999 0.341928 -0.095362 -0.202101 0.344221 -0.417109 0.117359 -0.243768
