18 18
11 -0.280964 -0.288333 0.380330 0.200395 -0.292571 -0.798212 -0.145521 0.765464 -0.043054 0.140614 0.309612 0.436639 0.058107 0.003816 0.474130 -0.973393 -0.240111 -0.656553
16 -0.253553 -0.266595 0.363058 0.134887 -0.334297 -0.706163 -0.085566 0.676495 -0.054509 0.161144 0.305309 0.469518 0.053045 -0.002837 0.471423 -0.918926 -0.237974 -0.679970
13 -0.199182 -0.236249 0.323871 0.111472 -0.296780 -0.642512 -0.085740 0.575000 -0.055617 0.170920 0.264842 0.366958 0.068419 -0.042999 0.389268 -0.778614 -0.204249 -0.556792
7 -0.211084 -0.845628 0.166097 -1.119379 -0.389753 1.323281 0.230535 0.016406 0.871427 -0.577149 0.291623 1.449343 -0.214246 -0.108760 1.174482 -0.238879 -0.006227 -0.721100
10 -0.223188 -0.847511 0.166745 -1.129507 -0.338619 1.388969 0.248178 -0.032462 0.878035 -0.602837 0.301138 1.455202 -0.245386 -0.062690 1.133835 -0.173877 0.011076 -0.673971
17 -0.249908 -0.275353 0.362833 0.150296 -0.358671 -0.734897 -0.090734 0.686987 -0.054160 0.188385 0.339084 0.473704 0.080726 -0.013349 0.428878 -0.882682 -0.211842 -0.668272
0 -0.212857 -0.256540 0.305182 0.067746 -0.331277 -0.592111 -0.085319 0.584526 -0.059905 0.139321 0.329565 0.424316 0.060219 -0.043823 0.430234 -0.815037 -0.161707 -0.590228
3 -0.251376 -0.257479 0.360022 0.092767 -0.336744 -0.634641 -0.067169 0.619855 -0.094660 0.145619 0.344980 0.441793 0.030210 -0.071866 0.434134 -0.871848 -0.164717 -0.651707
4 -0.218993 -0.226644 0.304208 0.108858 -0.281064 -0.626032 -0.111867 0.635756 -0.030111 0.109537 0.324571 0.439744 0.080912 -0.038960 0.405903 -0.814966 -0.184927 -0.598452
6 -0.231403 -0.265475 0.354925 0.193976 -0.311204 -0.743909 -0.088357 0.712955 -0.074272 0.170950 0.323581 0.411503 0.059436 -0.044033 0.440749 -0.919930 -0.217374 -0.658595
8 -0.226740 -0.295880 0.345207 0.104146 -0.326112 -0.604257 -0.070392 0.624087 -0.036870 0.152673 0.286661 0.444272 0.031425 -0.024929 0.459404 -0.843818 -0.177882 -0.602243
14 -0.238578 -0.811390 0.211071 -1.062088 -0.328982 1.222999 0.195252 -0.000745 0.766748 -0.514481 0.261259 1.358116 -0.213527 -0.079527 1.075066 -0.219659 -0.000330 -0.674083
1 -0.257568 -0.323200 0.345561 0.074947 -0.258954 -0.613007 -0.094831 0.669453 0.053800 0.086829 0.267926 0.456492 0.065325 -0.033838 0.443127 -0.850558 -0.178839 -0.616533
15 -0.244459 -0.812528 0.188750 -1.083896 -0.325623 1.287899 0.230233 -0.045025 0.797079 -0.553932 0.287051 1.341233 -0.208357 -0.068602 1.078675 -0.201731 -0.024638 -0.665563
2 -0.183691 -0.241692 0.295239 0.085731 -0.296200 -0.585481 -0.068902 0.587421 -0.070847 0.126912 0.279284 0.421078 0.071439 -0.051459 0.394517 -0.803068 -0.196909 -0.556846
5 -0.209539 -0.261117 0.278355 0.134981 -0.255872 -0.665033 -0.068310 0.603545 -0.016816 0.114223 0.308913 0.404668 0.043622 -0.025374 0.406896 -0.846119 -0.205418 -0.596421
12 -0.252475 -0.270104 0.327205 0.060831 -0.340533 -0.603286 -0.103336 0.546367 -0.093538 0.168590 0.339065 0.461931 0.042921 -0.018191 0.411237 -0.758669 -0.202128 -0.563179
9 -0.219829 -0.229119 0.277669 0.118254 -0.281894 -0.622831 -0.089343 0.607515 -0.022421 0.133711 0.287000 0.405869 0.060244 -0.050719 0.375659 -0.792747 -0.191519 -0.538931
