18 18
1 -0.338595 -0.329832 0.199859 -0.263960 0.020759 0.029940 0.152060 0.214862 0.218762 -0.245487 0.379547 0.289112 0.044579 -0.256028 0.199315 -0.527327 -0.011889 -0.447862
0 -0.330707 -0.332123 0.199709 -0.299393 -0.032055 0.103012 0.151848 0.183720 0.197069 -0.241917 0.428057 0.305094 0.044590 -0.254131 0.260502 -0.525059 -0.010345 -0.471831
2 -0.297642 -0.317284 0.158203 -0.250972 0.006312 0.051678 0.186663 0.245580 0.206163 -0.276984 0.411305 0.328267 0.042091 -0.303502 0.211143 -0.569254 -0.051230 -0.439147
5 -0.304762 -0.331414 0.144240 -0.241151 0.029035 0.046666 0.185391 0.172767 0.220125 -0.257395 0.399626 0.314693 0.003969 -0.248213 0.226437 -0.537458 -0.038104 -0.464142
9 -0.319568 -0.329421 0.125234 -0.265710 0.006076 0.053624 0.151498 0.236740 0.290259 -0.263325 0.402162 0.358009 0.032500 -0.286838 0.217237 -0.527333 -0.069699 -0.416439
11 -0.336864 -0.347638 0.180283 -0.245692 0.022192 0.039364 0.145208 0.242813 0.259983 -0.278880 0.390002 0.337358 0.017937 -0.245287 0.246892 -0.556211 -0.066528 -0.461988
3 -0.342876 -0.300843 0.208622 -0.244058 0.020985 0.054034 0.185359 0.201390 0.170999 -0.264862 0.411828 0.269085 0.003830 -0.293254 0.204497 -0.553145 0.000916 -0.478315
4 -0.318174 -0.280804 0.185496 -0.234194 0.028867 0.044450 0.149021 0.233443 0.193458 -0.274454 0.424465 0.303947 0.044259 -0.279815 0.213613 -0.544605 -0.021801 -0.482692
7 -0.291717 -0.320736 0.152549 -0.257234 -0.013135 0.073895 0.167163 0.227874 0.253380 -0.259364 0.377732 0.315813 0.037218 -0.294897 0.240583 -0.524999 -0.019888 -0.456967
14 -0.345092 -0.350667 0.238735 -0.292744 -0.004087 0.100223 0.164066 0.168932 0.176587 -0.205912 0.350338 0.311313 0.012220 -0.243453 0.237519 -0.500462 -0.002273 -0.473967
15 -0.346582 -0.334716 0.219394 -0.282128 0.002349 0.100539 0.192527 0.174266 0.193734 -0.252866 0.410174 0.299192 0.034733 -0.255013 0.242003 -0.545441 -0.051480 -0.491163
10 -0.321590 -0.345933 0.143806 -0.260149 0.023536 0.078363 0.177108 0.247331 0.306892 -0.303075 0.434694 0.361375 0.018298 -0.268287 0.223987 -0.534816 -0.043637 -0.435392
16 -0.349748 -0.328114 0.234151 -0.281972 -0.019018 0.089705 0.195482 0.189602 0.200647 -0.236580 0.381183 0.314022 0.019807 -0.242427 0.269001 -0.554748 -0.040213 -0.531815
8 -0.336331 -0.362899 0.217383 -0.266123 -0.017004 0.087897 0.195230 0.212863 0.209715 -0.232991 0.397826 0.313231 0.007990 -0.274158 0.257533 -0.566057 -0.001577 -0.474616
13 -0.301148 -0.323742 0.188467 -0.276167 0.002167 0.047803 0.164095 0.213927 0.249667 -0.245032 0.377709 0.302844 0.048626 -0.288753 0.230022 -0.527889 -0.062874 -0.461666
17 -0.342854 -0.331721 0.216716 -0.256258 -0.027648 0.057002 0.189079 0.214067 0.223971 -0.229048 0.419449 0.329078 0.047047 -0.251519 0.222097 -0.523257 -0.021358 -0.517490
12 -0.353776 -0.344663 0.184969 -0.273965 -0.006498 0.047167 0.150170 0.170939 0.196634 -0.233072 0.430978 0.342726 0.013248 -0.233128 0.218137 -0.502727 -0.066546 -0.445075
6 -0.305020 -0.320818 0.186438 -0.223540 0.005161 0.069503 0.181772 0.236522 0.215405 -0.250111 0.402180 0.300683 0.026849 -0.283352 0.239646 -0.528675 -0.030965 -0.481451
