18 18
7 -0.156953 -0.515006 0.147864 -0.174859 -0.154757 0.281416 0.352428 0.108071 0.488959 -0.009385 0.049734 0.351918 -0.184756 -0.201471 0.470485 -0.257610 -0.173797 -0.431483
11 -0.148248 -0.475680 0.140364 -0.128021 -0.146333 0.219300 0.297429 0.109986 0.426415 -0.016915 0.074511 0.317594 -0.159533 -0.120305 0.446756 -0.255050 -0.199370 -0.383326
17 -0.150896 -0.533098 0.155178 -0.142566 -0.200265 0.266049 0.391193 0.100116 0.504398 0.025652 0.099522 0.392389 -0.165043 -0.140413 0.464397 -0.226587 -0.209425 -0.467072
15 -0.144625 -0.533402 0.157084 -0.180602 -0.195336 0.305214 0.387633 0.052388 0.450629 0.005857 0.115574 0.345406 -0.160935 -0.160774 0.506455 -0.269058 -0.242452 -0.448863
9 -0.222508 -0.538736 0.178043 -0.190393 -0.136578 0.263559 0.369893 0.110447 0.502137 -0.001255 0.071477 0.398416 -0.203865 -0.200364 0.455197 -0.291970 -0.217462 -0.450248
16 -0.192930 -0.466133 0.175475 -0.170345 -0.114735 0.228136 0.343386 0.072096 0.434769 0.000780 0.033544 0.349486 -0.192615 -0.135800 0.414797 -0.268285 -0.193716 -0.436431
2 -0.134375 -0.509948 0.155459 -0.177658 -0.170741 0.253035 0.358629 0.098587 0.426795 0.008720 0.064034 0.361711 -0.148395 -0.177851 0.447086 -0.275824 -0.213538 -0.412991
13 -0.086475 -0.515287 0.150936 -0.178466 -0.224719 0.276746 0.387988 0.061851 0.452874 0.050754 0.080877 0.329073 -0.144004 -0.184555 0.507633 -0.248800 -0.231552 -0.442483
1 -0.343709 -0.561947 0.260414 -0.219138 -0.009961 0.189363 0.313448 0.140057 0.517224 -0.048359 0.006708 0.378506 -0.226173 -0.183528 0.366865 -0.321920 -0.134013 -0.470457
10 -0.174052 -0.544239 0.151478 -0.164798 -0.144284 0.305396 0.373722 0.107117 0.524457 -0.030877 0.093955 0.396314 -0.199899 -0.132751 0.456071 -0.233480 -0.186688 -0.419328
8 -0.079886 -0.526857 0.159448 -0.148621 -0.244917 0.277742 0.391491 0.067868 0.412755 0.077524 0.075178 0.322469 -0.163207 -0.162326 0.514582 -0.249507 -0.188301 -0.424115
6 -0.145163 -0.526221 0.157294 -0.137573 -0.175949 0.285946 0.388871 0.102006 0.462893 0.007122 0.104662 0.357573 -0.189639 -0.173852 0.496316 -0.263047 -0.222149 -0.460808
0 -0.123156 -0.515535 0.128304 -0.174186 -0.209934 0.289626 0.345127 0.083454 0.453785 0.008934 0.111538 0.349936 -0.151240 -0.158171 0.482118 -0.246105 -0.174035 -0.412558
3 -0.271110 -0.548801 0.234677 -0.192794 -0.102612 0.255685 0.394170 0.103507 0.469938 -0.023084 0.070024 0.372221 -0.252818 -0.219584 0.447684 -0.329230 -0.177493 -0.503045
14 -0.316860 -0.548897 0.263492 -0.221358 -0.011346 0.232254 0.303450 0.104700 0.472996 -0.032556 -0.008953 0.379567 -0.247958 -0.175500 0.392058 -0.294977 -0.137707 -0.458920
5 -0.150210 -0.534801 0.129372 -0.166293 -0.135543 0.253066 0.383703 0.060396 0.486530 -0.012357 0.087690 0.373986 -0.202795 -0.155391 0.480261 -0.283273 -0.210561 -0.456017
12 -0.155590 -0.565269 0.167266 -0.189440 -0.231783 0.278602 0.385202 0.051319 0.447087 0.060483 0.119672 0.390005 -0.180834 -0.158995 0.519291 -0.237677 -0.242505 -0.455753
4 -0.000863 0.026536 0.000487 0.011658 0.016931 -0.018308 -0.024615 0.027506 0.003913 -0.015616 0.024595 0.006644 0.019102 -0.007194 -0.007301 -0.006238 0.005807 -0.017039
