18 18
10 -0.331372 -0.559628 0.197861 -0.454616 -0.170326 0.036407 0.062145 0.095260 0.237985 0.014686 0.123369 0.545185 -0.089331 -0.106656 0.403952 -0.480992 -0.081657 -0.325046
14 -0.336218 -0.526614 0.238081 -0.457992 -0.133766 0.018703 -0.004500 0.069533 0.171476 0.044477 0.064357 0.473758 -0.082942 -0.121186 0.368192 -0.454669 -0.056146 -0.281699
2 -0.292238 -0.531515 0.195457 -0.424179 -0.176327 -0.004440 0.060599 0.132215 0.160933 0.027459 0.073933 0.501586 -0.050074 -0.153064 0.383241 -0.503301 -0.099129 -0.301726
0 -0.323315 -0.534526 0.210231 -0.448135 -0.191693 0.020575 0.028511 0.093245 0.171842 0.031386 0.116729 0.490181 -0.061546 -0.118448 0.414037 -0.485943 -0.066471 -0.327596
8 -0.293995 -0.504060 0.198321 -0.388853 -0.151485 0.006433 0.027874 0.083838 0.168417 0.046406 0.056705 0.419789 -0.089092 -0.103945 0.357685 -0.441418 -0.063196 -0.244548
11 -0.361621 -0.565103 0.226895 -0.443029 -0.143374 -0.002995 0.009578 0.101631 0.220741 0.009499 0.098202 0.504107 -0.096398 -0.102814 0.425102 -0.509190 -0.095125 -0.325343
5 -0.321724 -0.534717 0.172458 -0.417770 -0.121734 -0.002904 0.049592 0.058850 0.218379 0.002323 0.134732 0.489037 -0.089061 -0.105214 0.368720 -0.462490 -0.084732 -0.319047
3 -0.345670 -0.516698 0.220284 -0.411799 -0.152997 0.001064 0.058273 0.103831 0.174123 0.013360 0.123468 0.481418 -0.096093 -0.144531 0.368497 -0.487106 -0.053111 -0.339633
13 -0.290286 -0.500418 0.207410 -0.439865 -0.154118 -0.000299 0.034550 0.059120 0.190668 0.044910 0.075863 0.452588 -0.059060 -0.138555 0.392910 -0.474296 -0.110122 -0.312957
6 -0.305404 -0.521542 0.203632 -0.380263 -0.156076 -0.003927 0.062717 0.128389 0.186216 0.027693 0.115974 0.489866 -0.065598 -0.142453 0.405494 -0.483859 -0.104693 -0.357416
15 -0.372275 -0.572062 0.233869 -0.485057 -0.152122 0.040420 0.049614 0.053602 0.218195 0.013343 0.128005 0.511294 -0.080751 -0.114235 0.414369 -0.505040 -0.107694 -0.345805
1 -0.329394 -0.531633 0.218822 -0.424606 -0.140793 -0.029626 0.039867 0.114342 0.208986 0.027844 0.072563 0.456952 -0.045351 -0.134304 0.351297 -0.469969 -0.065278 -0.317317
4 -0.335539 -0.499139 0.214802 -0.418080 -0.148497 -0.028819 0.011853 0.125383 0.198927 0.011812 0.144942 0.507259 -0.039990 -0.128000 0.388901 -0.493650 -0.086849 -0.368966
17 -0.334399 -0.527030 0.203700 -0.406979 -0.193125 -0.022319 0.056029 0.107889 0.235980 0.041494 0.152103 0.540938 -0.048388 -0.102155 0.380453 -0.455823 -0.089408 -0.387875
9 -0.310445 -0.494586 0.166460 -0.412553 -0.145986 0.000749 0.028503 0.098617 0.202817 0.020201 0.092320 0.468203 -0.061990 -0.141628 0.347166 -0.452510 -0.089687 -0.261816
16 -0.329049 -0.523034 0.209014 -0.421439 -0.162752 -0.007657 0.058800 0.082037 0.195533 0.029114 0.083607 0.500529 -0.087464 -0.087726 0.419652 -0.504038 -0.126433 -0.357144
7 -0.291501 -0.509461 0.173205 -0.413089 -0.180625 0.013132 0.049684 0.113899 0.216695 0.018499 0.101196 0.499793 -0.060886 -0.153191 0.398759 -0.462850 -0.080696 -0.331389
12 -0.339362 -0.528279 0.202170 -0.437961 -0.164799 -0.008689 0.006819 0.052425 0.167751 0.049244 0.115912 0.491287 -0.076077 -0.095257 0.377925 -0.439224 -0.112930 -0.290688
