18 18
16 -0.407159 -0.392251 0.396446 -0.058351 -0.077443 -0.129052 0.179055 0.267428 0.317123 0.118737 0.136913 0.465805 -0.176471 -0.152237 0.285952 -0.342294 -0.212351 -0.590521
14 -0.534353 -0.429149 0.527122 -0.161943 0.044171 -0.044664 0.137021 0.262534 0.332408 0.067489 0.023531 0.370145 -0.240551 -0.265231 0.297004 -0.386942 -0.122359 -0.589925
11 -0.433960 -0.399717 0.409865 -0.058403 -0.017141 -0.099984 0.133237 0.267086 0.315440 0.066965 0.114788 0.398379 -0.203627 -0.150079 0.278271 -0.333114 -0.164720 -0.524944
3 -0.480577 -0.379498 0.466514 -0.094803 0.006355 -0.071631 0.174097 0.253343 0.294853 0.052860 0.097269 0.336674 -0.227976 -0.239924 0.262865 -0.381413 -0.119398 -0.574563
4 -0.347969 -0.408853 0.338614 0.013437 -0.141044 -0.213905 0.171777 0.310303 0.311079 0.166902 0.271655 0.579561 -0.122761 -0.118655 0.250655 -0.298275 -0.233346 -0.607755
13 -0.409759 -0.397397 0.424893 -0.091623 -0.048819 -0.105116 0.172454 0.246910 0.323471 0.112784 0.106633 0.401112 -0.179380 -0.204933 0.281556 -0.345735 -0.191869 -0.568346
15 -0.519835 -0.434382 0.492023 -0.140118 0.014050 -0.046517 0.173834 0.248325 0.342854 0.057780 0.094580 0.381104 -0.210914 -0.227244 0.294978 -0.393074 -0.165845 -0.598935
6 -0.377930 -0.401407 0.388133 -0.017143 -0.074557 -0.124786 0.183419 0.281084 0.291595 0.125438 0.169891 0.443504 -0.180303 -0.172324 0.269578 -0.315854 -0.187369 -0.573256
5 -0.268169 -0.416411 0.240125 0.038624 -0.177021 -0.217834 0.218954 0.235668 0.283560 0.176237 0.299778 0.592922 -0.126153 -0.060149 0.242176 -0.270418 -0.258139 -0.559701
12 -0.307959 -0.413734 0.280886 0.010033 -0.196490 -0.209935 0.166406 0.232098 0.244282 0.206200 0.283501 0.582321 -0.118660 -0.059255 0.219824 -0.218854 -0.248113 -0.511941
1 -0.478695 -0.421318 0.462305 -0.122647 0.001745 -0.109554 0.150908 0.274998 0.340260 0.079890 0.071446 0.375625 -0.178409 -0.220004 0.250840 -0.374309 -0.131792 -0.569511
17 -0.308201 -0.410108 0.302578 0.023165 -0.196459 -0.212659 0.198206 0.273842 0.294510 0.207007 0.253790 0.584670 -0.106939 -0.078306 0.216382 -0.240733 -0.231660 -0.562793
9 -0.445638 -0.394859 0.401550 -0.090232 -0.024281 -0.089335 0.150423 0.274173 0.346313 0.083065 0.105281 0.416458 -0.188455 -0.209559 0.259481 -0.343076 -0.166378 -0.524278
7 -0.384966 -0.387257 0.369165 -0.082718 -0.063835 -0.081793 0.166047 0.257749 0.328846 0.086468 0.117104 0.419803 -0.168170 -0.208643 0.277393 -0.324581 -0.164383 -0.545824
8 -0.339925 -0.426072 0.352003 0.002672 -0.147586 -0.159058 0.190786 0.278189 0.284048 0.178023 0.193341 0.510035 -0.160718 -0.113164 0.258571 -0.295465 -0.187772 -0.538491
2 -0.279005 -0.418682 0.289676 0.017670 -0.194613 -0.204972 0.199330 0.293340 0.250954 0.193522 0.256536 0.596262 -0.102515 -0.108628 0.231313 -0.279814 -0.255018 -0.533888
10 -0.386334 -0.408315 0.367084 -0.026855 -0.064266 -0.110380 0.180198 0.268350 0.326212 0.103079 0.182756 0.485649 -0.192852 -0.113950 0.247128 -0.283456 -0.176309 -0.529778
0 -0.005399 -0.014495 0.001279 -0.026652 -0.021820 0.016369 -0.010898 -0.008016 -0.006711 0.000758 0.022893 0.001004 0.004839 -0.000095 0.023655 -0.011355 0.019530 -0.003746
