18 18
0 -0.299089 -0.502494 0.252970 -0.410267 -0.248165 0.234425 0.144265 -0.014452 0.197621 0.093118 0.158733 0.395971 -0.271836 -0.151836 0.414827 -0.293709 0.160498 -0.325017
4 -0.329134 -0.509517 0.311442 -0.291850 -0.113587 0.120387 0.155186 0.160123 0.223642 -0.017651 0.155869 0.400544 -0.291395 -0.211742 0.444752 -0.447691 0.143973 -0.472413
1 -0.305084 -0.516443 0.267205 -0.417017 -0.235722 0.209249 0.146211 0.002344 0.240569 0.110339 0.105139 0.389063 -0.252630 -0.172198 0.383708 -0.286332 0.156262 -0.306714
10 -0.283818 -0.513387 0.242460 -0.381923 -0.224770 0.246107 0.176710 0.015772 0.251134 0.076113 0.151639 0.434925 -0.307599 -0.159790 0.410337 -0.290097 0.152252 -0.322020
9 -0.263286 -0.500728 0.193299 -0.444359 -0.304526 0.282844 0.151087 -0.031187 0.258648 0.149364 0.149752 0.470013 -0.277713 -0.188192 0.410149 -0.248913 0.136973 -0.243292
11 -0.323428 -0.509331 0.282514 -0.314200 -0.148704 0.151330 0.140284 0.101418 0.234544 0.007841 0.123930 0.388908 -0.298594 -0.166116 0.438621 -0.385690 0.122979 -0.395631
8 -0.230871 -0.516013 0.199938 -0.450753 -0.359668 0.323372 0.163198 -0.076510 0.241021 0.201865 0.129448 0.458501 -0.298502 -0.154890 0.440307 -0.219532 0.153406 -0.213977
16 -0.301176 -0.496262 0.259975 -0.399422 -0.247832 0.228199 0.170435 -0.004925 0.220659 0.099214 0.125493 0.423111 -0.292216 -0.145520 0.432446 -0.308412 0.124875 -0.352472
12 -0.291230 -0.540533 0.210376 -0.515467 -0.370850 0.319376 0.136737 -0.126625 0.225091 0.208354 0.171693 0.498776 -0.291785 -0.139271 0.428288 -0.186236 0.131039 -0.220921
2 -0.286873 -0.521033 0.274541 -0.374319 -0.209313 0.200705 0.178708 0.057152 0.196411 0.062715 0.124508 0.418037 -0.280336 -0.193571 0.423521 -0.366149 0.128607 -0.364503
5 -0.324316 -0.554498 0.278078 -0.330119 -0.140005 0.149128 0.199314 0.079865 0.252488 0.005824 0.155465 0.420294 -0.326723 -0.192387 0.456656 -0.430197 0.127418 -0.456456
3 -0.363087 -0.535938 0.337840 -0.327573 -0.146423 0.154417 0.191776 0.104758 0.208593 0.007977 0.148105 0.380366 -0.341554 -0.228485 0.439654 -0.439355 0.174759 -0.469865
7 -0.217604 -0.484716 0.167760 -0.454480 -0.342663 0.315919 0.152972 -0.063382 0.261737 0.159146 0.135496 0.455403 -0.267941 -0.180916 0.429114 -0.205641 0.141604 -0.233216
14 -0.273280 -0.512477 0.246909 -0.442756 -0.267592 0.272607 0.136515 -0.045875 0.213712 0.149399 0.108533 0.443458 -0.287003 -0.159194 0.414922 -0.242929 0.151904 -0.273301
6 -0.309395 -0.529473 0.294451 -0.325362 -0.175402 0.185134 0.177971 0.083453 0.218711 0.046582 0.137289 0.393213 -0.303255 -0.189751 0.444201 -0.364902 0.131085 -0.414334
13 -0.256001 -0.528380 0.239039 -0.468775 -0.321968 0.283424 0.174586 -0.054781 0.261639 0.166368 0.143850 0.455591 -0.296373 -0.204622 0.464109 -0.276319 0.123712 -0.309752
17 -0.292822 -0.531551 0.245846 -0.430240 -0.322959 0.256388 0.173694 -0.030834 0.255726 0.165426 0.155859 0.474049 -0.279853 -0.146182 0.409616 -0.239097 0.154925 -0.314980
15 -0.279502 -0.488706 0.226901 -0.443957 -0.283605 0.291691 0.158160 -0.084489 0.216241 0.136154 0.149300 0.411775 -0.259819 -0.131952 0.400982 -0.229060 0.119597 -0.266351
