18 18
16 -0.515310 -0.276864 0.458975 -0.265537 -0.101293 0.075978 0.184937 -0.023368 -0.054735 0.016409 0.317733 0.166827 -0.198449 -0.238152 0.245054 -0.397538 -0.077839 -0.532673
4 -0.421718 -0.215038 0.418425 -0.275689 0.012982 -0.093191 0.100260 0.154274 0.092274 -0.051222 0.251345 0.297706 -0.136086 -0.359942 0.228378 -0.519620 -0.137100 -0.554222
14 -0.514629 -0.305001 0.490234 -0.319869 -0.034595 0.014400 0.129818 0.051636 0.018250 -0.002221 0.264916 0.247457 -0.189898 -0.311041 0.244851 -0.457397 -0.080031 -0.539975
10 -0.496190 -0.288647 0.450377 -0.296068 -0.026332 0.003518 0.165213 0.081743 0.078741 -0.037812 0.299599 0.279099 -0.200857 -0.319931 0.233521 -0.475556 -0.099299 -0.534749
9 -0.478181 -0.272343 0.403516 -0.296312 -0.088536 0.042702 0.153628 0.020238 0.001116 0.013915 0.301582 0.228219 -0.180098 -0.332475 0.225474 -0.425398 -0.101609 -0.473257
2 -0.448355 -0.276005 0.428787 -0.291022 -0.065181 0.015595 0.150087 0.059216 -0.009651 -0.010418 0.266444 0.231822 -0.154224 -0.308656 0.230669 -0.457818 -0.104792 -0.494665
15 -0.533827 -0.304849 0.449314 -0.254894 -0.116012 0.158911 0.191965 -0.079690 -0.086780 0.002794 0.370061 0.097030 -0.185821 -0.190023 0.223742 -0.327114 -0.022547 -0.477020
0 -0.528627 -0.318738 0.447472 -0.269768 -0.147732 0.147195 0.162921 -0.054528 -0.102065 0.019502 0.396072 0.117927 -0.195407 -0.217982 0.232645 -0.329167 0.034400 -0.478328
6 -0.520759 -0.307244 0.447985 -0.215948 -0.119237 0.136969 0.197642 -0.038886 -0.098718 0.017095 0.384732 0.104180 -0.201115 -0.222104 0.221360 -0.324402 -0.006977 -0.506852
11 -0.509930 -0.296083 0.487878 -0.312938 0.007709 -0.078301 0.105664 0.148114 0.118864 -0.053862 0.237048 0.300616 -0.175206 -0.336718 0.286500 -0.564531 -0.153739 -0.587076
13 -0.480186 -0.286829 0.458545 -0.311189 -0.089690 0.040533 0.170621 -0.005323 -0.006544 0.026537 0.291656 0.185126 -0.177135 -0.325792 0.245048 -0.430975 -0.102200 -0.523952
8 -0.505702 -0.318218 0.470092 -0.290481 -0.114208 0.072112 0.184022 0.004561 -0.034286 0.038326 0.310496 0.203089 -0.218717 -0.311445 0.257320 -0.436314 -0.062396 -0.505843
7 -0.445883 -0.268629 0.419869 -0.301879 -0.072489 0.017145 0.154555 0.063850 0.049312 -0.014780 0.260816 0.241150 -0.168880 -0.350755 0.261780 -0.463459 -0.105133 -0.532348
3 -0.554434 -0.283296 0.451086 -0.215696 -0.106812 0.135514 0.195032 -0.071382 -0.134222 0.003209 0.394110 0.073787 -0.233791 -0.218304 0.176752 -0.315024 0.035679 -0.483436
12 -0.542887 -0.315456 0.437346 -0.265616 -0.119952 0.096887 0.158692 -0.078538 -0.103815 0.037074 0.378670 0.152421 -0.207530 -0.215169 0.204055 -0.314950 -0.044771 -0.471778
5 -0.450489 -0.292914 0.389869 -0.279707 -0.027375 -0.012295 0.166553 0.033214 0.059137 -0.029390 0.294821 0.256699 -0.185112 -0.296527 0.238123 -0.466746 -0.111584 -0.525757
1 -0.523033 -0.307171 0.493270 -0.304905 -0.005683 -0.052840 0.125032 0.105693 0.080138 -0.028434 0.241353 0.226779 -0.149411 -0.301442 0.227009 -0.497222 -0.083393 -0.560306
17 -0.517636 -0.298482 0.445446 -0.220303 -0.144888 0.104698 0.195404 -0.028889 -0.062710 0.036111 0.370184 0.144155 -0.176053 -0.198905 0.192676 -0.305274 -0.007745 -0.502289
