18 18
9 -0.194429 -0.457563 -0.060467 -0.218247 -0.097341 0.238511 0.049142 0.185994 0.460682 -0.145213 0.433902 0.616862 -0.170352 -0.163371 0.426134 -0.202518 0.015793 -0.313905
7 -0.176266 -0.565975 -0.011481 -0.356381 -0.137687 0.291993 0.127306 0.074150 0.455049 -0.081115 0.309003 0.641711 -0.157797 -0.189855 0.421493 -0.225937 0.046359 -0.310370
12 -0.227963 -0.498535 0.003492 -0.247590 -0.113029 0.215004 0.045561 0.123033 0.387128 -0.095440 0.416508 0.600749 -0.176868 -0.118247 0.417103 -0.186615 0.013149 -0.328582
3 -0.213537 -0.466388 -0.008445 -0.237157 -0.092544 0.243651 0.103213 0.129759 0.396342 -0.132870 0.395997 0.591237 -0.209229 -0.171898 0.386984 -0.217023 0.051874 -0.337992
4 -0.179929 -0.323375 -0.064087 -0.049357 -0.057169 0.164994 -0.044115 0.320797 0.437734 -0.213779 0.533645 0.545478 -0.151306 -0.110137 0.441480 -0.172357 0.033913 -0.380690
2 -0.170090 -0.519619 -0.000847 -0.354029 -0.110980 0.306275 0.129893 0.065171 0.361065 -0.097138 0.319693 0.637618 -0.141249 -0.170048 0.377304 -0.220508 0.001701 -0.276957
16 -0.193981 -0.405817 -0.036360 -0.161074 -0.101634 0.206825 0.057224 0.184603 0.420740 -0.144021 0.418062 0.580894 -0.193808 -0.098341 0.435424 -0.195889 0.001594 -0.361735
0 -0.173379 -0.319953 -0.075722 -0.035438 -0.093004 0.157336 -0.048753 0.302870 0.419724 -0.197871 0.542011 0.499987 -0.164913 -0.087805 0.460056 -0.164543 0.049963 -0.366239
11 -0.202333 -0.378242 -0.047968 -0.044189 -0.059747 0.154166 -0.043103 0.325565 0.462929 -0.211498 0.494919 0.527219 -0.187575 -0.093689 0.477589 -0.196549 0.030528 -0.367452
6 -0.177740 -0.325690 -0.059773 0.035477 -0.063660 0.147186 -0.046950 0.355341 0.416200 -0.205637 0.552140 0.479677 -0.183837 -0.100273 0.477541 -0.158537 0.027326 -0.395062
14 -0.228053 -0.669632 0.083037 -0.491299 -0.069138 0.355071 0.143757 -0.005854 0.412791 -0.053402 0.237915 0.692371 -0.154463 -0.188640 0.388426 -0.245546 0.060876 -0.293007
5 -0.185303 -0.488826 -0.045715 -0.242017 -0.069714 0.226322 0.096806 0.103270 0.430367 -0.135012 0.392935 0.594112 -0.182756 -0.131873 0.402126 -0.218041 0.018373 -0.327355
8 -0.206966 -0.674903 0.077696 -0.419838 -0.116488 0.311318 0.174168 0.036160 0.428763 -0.024476 0.237286 0.637409 -0.170445 -0.191868 0.407297 -0.282286 0.082855 -0.291323
13 -0.175420 -0.501926 0.002675 -0.269903 -0.113233 0.229717 0.082046 0.127664 0.433436 -0.091668 0.365542 0.574297 -0.152490 -0.170395 0.429729 -0.217329 0.018465 -0.338667
17 -0.190608 -0.432205 -0.033697 -0.167494 -0.115555 0.199700 0.064238 0.190833 0.450055 -0.123124 0.426747 0.602184 -0.163167 -0.111363 0.394648 -0.167599 0.032800 -0.355552
10 -0.178400 -0.382221 -0.060737 -0.102734 -0.070247 0.216463 0.018073 0.240068 0.444196 -0.187535 0.478569 0.553331 -0.186672 -0.086461 0.421375 -0.149048 0.038287 -0.328274
15 -0.247656 -0.587132 0.042018 -0.401068 -0.085965 0.356451 0.130043 0.043259 0.415702 -0.121488 0.372264 0.673213 -0.164522 -0.152894 0.432433 -0.241603 0.004031 -0.341475
1 -0.246082 -0.666298 0.073791 -0.393945 -0.093376 0.255888 0.130219 0.108042 0.480313 -0.067203 0.301974 0.642370 -0.147991 -0.201286 0.406615 -0.283391 0.089683 -0.340899
