18 18
9 -0.283716 -0.214266 0.236666 -0.167599 -0.082420 -0.077359 0.241709 0.361574 0.348509 -0.063407 0.265248 0.412336 0.079213 -0.438738 0.093556 -0.450193 -0.074928 -0.578469
4 -0.238096 -0.163463 0.266486 -0.137447 -0.073260 -0.075227 0.237893 0.390094 0.293018 -0.056736 0.235292 0.361665 0.118746 -0.456400 0.077432 -0.454286 -0.009792 -0.605838
10 -0.310581 -0.304493 0.263326 -0.194247 -0.070750 -0.078318 0.287755 0.322396 0.407938 -0.092958 0.341647 0.465833 0.015262 -0.361077 0.136737 -0.438327 -0.125783 -0.618711
6 -0.228486 -0.168373 0.287928 -0.119072 -0.094565 -0.032105 0.297039 0.408921 0.266626 -0.027718 0.181973 0.326672 0.108959 -0.517509 0.076724 -0.466795 0.030437 -0.624516
3 -0.261684 -0.188874 0.300911 -0.146640 -0.084300 -0.046915 0.294606 0.365102 0.245034 -0.055229 0.223693 0.309026 0.060009 -0.505807 0.069880 -0.479045 0.046661 -0.596415
1 -0.277624 -0.219505 0.282864 -0.173981 -0.070027 -0.083736 0.248086 0.365111 0.300831 -0.045996 0.204332 0.338939 0.095298 -0.449679 0.062220 -0.448030 0.005186 -0.561093
14 -0.285420 -0.234612 0.321544 -0.190446 -0.078384 -0.048208 0.281050 0.371361 0.300333 -0.029208 0.203952 0.393048 0.080030 -0.490983 0.087078 -0.473571 0.008325 -0.637381
5 -0.267258 -0.270310 0.226861 -0.177529 -0.056792 -0.078126 0.295812 0.298558 0.367437 -0.081091 0.284028 0.413478 0.031308 -0.393943 0.124258 -0.453117 -0.094049 -0.600959
17 -0.258003 -0.199587 0.293391 -0.138057 -0.120855 -0.076337 0.301294 0.402492 0.323038 -0.014629 0.217707 0.388359 0.116558 -0.473372 0.066022 -0.451841 -0.002002 -0.645617
13 -0.286722 -0.310874 0.277217 -0.223173 -0.074854 -0.103975 0.273591 0.263485 0.382677 -0.058032 0.311815 0.415059 0.017432 -0.370113 0.160864 -0.434416 -0.171487 -0.614297
11 -0.327094 -0.311831 0.274275 -0.184317 -0.064136 -0.113173 0.225052 0.327718 0.389267 -0.088857 0.309586 0.448713 0.011992 -0.332055 0.172038 -0.452840 -0.145395 -0.614102
16 -0.248219 -0.172880 0.268980 -0.143578 -0.092051 -0.063311 0.276386 0.358155 0.300297 -0.033325 0.187770 0.371005 0.088577 -0.417767 0.097353 -0.453113 -0.040408 -0.610661
15 -0.283005 -0.218913 0.291806 -0.181675 -0.081961 -0.033288 0.282762 0.338844 0.296519 -0.060282 0.244166 0.361199 0.089633 -0.445918 0.097497 -0.469883 -0.035223 -0.607671
7 -0.208605 -0.185962 0.267514 -0.160967 -0.117544 -0.014246 0.310188 0.390307 0.284665 -0.047068 0.181341 0.325891 0.102123 -0.549601 0.090525 -0.473960 0.052178 -0.594017
2 -0.217246 -0.208160 0.256792 -0.164180 -0.099504 -0.044981 0.290267 0.367246 0.254330 -0.055820 0.207388 0.353237 0.090687 -0.484127 0.086336 -0.472930 -0.021345 -0.548570
0 -0.266970 -0.207700 0.285804 -0.185640 -0.114099 -0.037784 0.262211 0.367578 0.275722 -0.039710 0.238724 0.355233 0.102625 -0.480188 0.095267 -0.477320 0.035454 -0.605979
12 -0.355032 -0.356458 0.255084 -0.223622 -0.078246 -0.125576 0.209053 0.238017 0.383002 -0.064212 0.384398 0.498870 -0.018800 -0.268679 0.178077 -0.389594 -0.219543 -0.597815
8 -0.248192 -0.242436 0.284961 -0.156127 -0.100292 -0.046862 0.284883 0.349390 0.289986 -0.029971 0.218766 0.351028 0.058480 -0.445338 0.114728 -0.463552 -0.010090 -0.574837
