18 18
15 -0.256794 -0.610515 0.143114 -0.244399 0.027617 0.451463 0.271014 0.037792 0.179681 -0.223965 0.240568 0.414253 -0.282203 0.000484 0.446887 -0.322624 -0.270149 -0.116284
11 -0.233508 -0.554675 0.023862 -0.195428 0.078694 0.404489 0.136231 0.086010 0.271562 -0.284890 0.231200 0.438411 -0.285361 0.073665 0.500317 -0.304400 -0.273347 -0.055411
6 -0.188485 -0.547795 -0.005831 -0.152048 0.060984 0.419959 0.187020 0.098624 0.259654 -0.258175 0.268893 0.439121 -0.295539 0.006966 0.495041 -0.287893 -0.263472 -0.078198
10 -0.202567 -0.556326 0.030118 -0.187513 0.064301 0.445865 0.207923 0.066323 0.258891 -0.262715 0.242607 0.444330 -0.296878 0.064356 0.457370 -0.264331 -0.249149 -0.051338
2 -0.264078 -0.658229 0.294451 -0.263615 -0.023836 0.390645 0.400488 0.078040 0.063616 -0.150593 0.193043 0.393825 -0.269794 -0.123277 0.324855 -0.378395 -0.239427 -0.157923
12 -0.286249 -0.650012 0.185375 -0.270247 -0.005273 0.410991 0.274482 0.038144 0.142556 -0.180991 0.245438 0.446099 -0.291538 -0.018830 0.416858 -0.320023 -0.280249 -0.109599
7 -0.209541 -0.589720 0.104002 -0.228749 -0.000542 0.441520 0.268268 0.074450 0.223955 -0.218711 0.211974 0.425049 -0.277670 -0.041158 0.456217 -0.311694 -0.244975 -0.113214
13 -0.239573 -0.677245 0.357050 -0.256080 -0.060731 0.384911 0.501287 0.046922 0.062539 -0.089701 0.203426 0.363792 -0.287306 -0.193770 0.303824 -0.375225 -0.243874 -0.229656
3 -0.297704 -0.668428 0.397663 -0.242703 -0.046633 0.398353 0.509282 0.056941 0.011877 -0.117359 0.217747 0.346197 -0.325509 -0.187880 0.276096 -0.390076 -0.184712 -0.246502
8 -0.226434 -0.633924 0.168715 -0.219657 -0.013688 0.439523 0.314688 0.071855 0.175408 -0.178673 0.209863 0.415961 -0.305362 -0.035360 0.447080 -0.341340 -0.230004 -0.123809
0 -0.193736 -0.521465 -0.011709 -0.207105 0.028630 0.399885 0.154041 0.077848 0.256647 -0.243206 0.267161 0.428010 -0.252996 0.003881 0.466566 -0.284910 -0.234112 -0.058669
14 -0.254430 -0.642590 0.143029 -0.255118 0.039319 0.449339 0.239009 0.061998 0.193809 -0.211786 0.199654 0.455103 -0.303806 0.000904 0.468966 -0.317246 -0.248097 -0.099065
1 -0.289008 -0.635906 0.190569 -0.251510 0.030991 0.372700 0.269440 0.079994 0.199921 -0.197090 0.207720 0.412945 -0.264617 -0.027172 0.396889 -0.334961 -0.244808 -0.134312
16 -0.231408 -0.558209 0.109644 -0.218827 0.019990 0.406030 0.243886 0.053529 0.204996 -0.209962 0.189965 0.415528 -0.277888 0.043107 0.453732 -0.308972 -0.272977 -0.118266
9 -0.208544 -0.506563 -0.021141 -0.191496 0.046637 0.372440 0.177664 0.106410 0.282546 -0.239417 0.258446 0.448589 -0.250758 -0.051007 0.405334 -0.283704 -0.253636 -0.044827
5 -0.184638 -0.555653 -0.012273 -0.179133 0.066966 0.390577 0.213903 0.057986 0.274132 -0.255451 0.255642 0.448899 -0.293883 0.009258 0.470098 -0.307968 -0.259366 -0.091580
17 -0.254514 -0.651132 0.308426 -0.214719 -0.068164 0.386482 0.460087 0.078915 0.114253 -0.108066 0.224394 0.407562 -0.280126 -0.115206 0.309530 -0.332821 -0.221087 -0.227424
4 -0.000863 0.026536 0.000487 0.011658 0.016931 -0.018308 -0.024615 0.027506 0.003913 -0.015616 0.024595 0.006644 0.019102 -0.007194 -0.007301 -0.006238 0.005807 -0.017039
