18 18
16 -0.095895 -0.508909 0.363820 -0.314120 -0.180380 0.141695 0.307216 0.064882 0.354404 0.248949 0.006685 0.455404 -0.036122 -0.135835 0.412238 -0.220027 -0.242741 -0.517777
17 -0.090412 -0.484565 0.343748 -0.265653 -0.186864 0.115839 0.287994 0.099008 0.354754 0.245776 0.030332 0.438205 0.002205 -0.133291 0.335177 -0.165567 -0.203617 -0.474436
13 -0.060842 -0.513877 0.363915 -0.329398 -0.170145 0.141719 0.320980 0.028239 0.359824 0.254242 -0.001819 0.388409 -0.025772 -0.159880 0.400434 -0.211533 -0.224020 -0.494313
1 -0.112541 -0.509930 0.364847 -0.306790 -0.141368 0.102947 0.271579 0.095589 0.349721 0.221810 -0.009015 0.390205 -0.005142 -0.158211 0.348753 -0.219961 -0.171423 -0.470965
4 -0.098249 -0.501372 0.374597 -0.312543 -0.172206 0.122218 0.262386 0.141475 0.373794 0.234967 0.060123 0.479102 0.028962 -0.193379 0.370914 -0.210703 -0.230645 -0.508616
6 -0.090083 -0.522602 0.367463 -0.285997 -0.156214 0.147971 0.304737 0.084816 0.344568 0.240566 0.018884 0.417417 -0.038151 -0.162966 0.405171 -0.214239 -0.209602 -0.507545
7 -0.070116 -0.498894 0.319771 -0.306839 -0.194039 0.157513 0.288332 0.086525 0.379383 0.239162 0.014018 0.447585 -0.010113 -0.187566 0.391976 -0.187693 -0.212172 -0.468286
8 -0.106161 -0.572632 0.404948 -0.314561 -0.185361 0.161981 0.325964 0.082079 0.358646 0.270532 -0.003721 0.444688 -0.045294 -0.154682 0.433553 -0.246913 -0.200831 -0.523384
12 -0.128347 -0.521960 0.347545 -0.315620 -0.179754 0.122658 0.252459 0.052654 0.317990 0.255026 0.049085 0.453818 -0.025739 -0.141928 0.372342 -0.176113 -0.240371 -0.453615
9 -0.115153 -0.530387 0.345898 -0.321836 -0.165335 0.133577 0.285540 0.094488 0.383586 0.242380 0.020118 0.455663 -0.019920 -0.189365 0.376318 -0.213590 -0.226727 -0.463100
0 -0.090853 -0.518861 0.359787 -0.325776 -0.188010 0.163997 0.292515 0.040775 0.330122 0.243963 0.029125 0.411086 -0.032416 -0.132602 0.416517 -0.215907 -0.183581 -0.494959
15 -0.129489 -0.547154 0.392434 -0.332622 -0.160910 0.172100 0.317793 0.025847 0.342510 0.238663 0.016853 0.419945 -0.037131 -0.123550 0.411019 -0.222507 -0.229373 -0.517936
10 -0.081265 -0.502484 0.331957 -0.292127 -0.157165 0.163962 0.301409 0.074630 0.368214 0.216550 0.041696 0.438906 -0.036447 -0.133369 0.368420 -0.178869 -0.197549 -0.458009
2 -0.079244 -0.524223 0.353290 -0.321096 -0.183509 0.139369 0.297463 0.115890 0.336837 0.235027 0.022988 0.463709 0.011599 -0.187035 0.366378 -0.222441 -0.236956 -0.458885
5 -0.086925 -0.535787 0.326575 -0.306909 -0.148277 0.131827 0.317296 0.051340 0.379580 0.217088 0.041026 0.446885 -0.042035 -0.145847 0.401386 -0.233133 -0.219062 -0.510635
14 -0.119587 -0.533960 0.388938 -0.322700 -0.139643 0.150253 0.276288 0.055733 0.327042 0.254223 -0.018183 0.433262 -0.044931 -0.144877 0.388342 -0.204685 -0.184468 -0.493110
11 -0.022755 -0.017997 0.010402 0.008892 0.014438 -0.011029 -0.020096 0.023319 0.018649 -0.022508 -0.004615 0.005927 -0.014992 0.016644 0.025927 -0.023252 -0.010098 -0.005158
3 -0.024675 0.005665 0.025365 0.004601 0.007865 -0.001883 0.014761 -0.000233 -0.026227 -0.010111 0.011993 -0.020661 -0.026950 -0.026588 -0.012274 -0.019090 0.026092 -0.020014
