18 18
2 -0.395343 -0.588206 0.161579 -0.429049 0.089896 0.147258 -0.012274 0.059665 0.132396 -0.141471 0.189737 0.678656 -0.208873 -0.145642 0.200581 -0.243678 -0.169408 -0.079790
12 -0.436149 -0.593774 0.168109 -0.436294 0.076314 0.122737 -0.043149 -0.001352 0.147440 -0.107645 0.229860 0.690610 -0.223066 -0.071995 0.196206 -0.178320 -0.179030 -0.091780
0 -0.428444 -0.617661 0.162608 -0.460210 0.076905 0.165506 -0.026598 0.004005 0.204905 -0.148741 0.266440 0.716888 -0.234349 -0.020655 0.246783 -0.212873 -0.130126 -0.132257
13 -0.381600 -0.559906 0.166287 -0.430944 0.083305 0.125406 -0.011914 0.016657 0.178091 -0.110821 0.185550 0.640336 -0.201611 -0.131510 0.201956 -0.208137 -0.177840 -0.109447
4 -0.407376 -0.531976 0.163683 -0.406293 0.112135 0.103418 -0.030907 0.054278 0.186794 -0.150937 0.245936 0.673256 -0.196354 -0.106751 0.191930 -0.229722 -0.152701 -0.153878
17 -0.396358 -0.564192 0.163237 -0.389456 0.055936 0.109453 0.007151 0.019935 0.218323 -0.101740 0.228003 0.681124 -0.202330 -0.019819 0.187970 -0.165159 -0.146313 -0.154478
11 -0.435099 -0.602097 0.170888 -0.413146 0.103233 0.126676 -0.041263 0.052734 0.202687 -0.156592 0.207178 0.690540 -0.235144 -0.059600 0.235140 -0.230178 -0.171333 -0.113606
10 -0.399306 -0.587197 0.143080 -0.413158 0.101522 0.175817 -0.007818 0.024959 0.216041 -0.158337 0.224816 0.696419 -0.237223 -0.022914 0.200025 -0.169344 -0.129880 -0.085510
9 -0.390829 -0.528927 0.126540 -0.389134 0.100445 0.131280 -0.019841 0.065893 0.175856 -0.144670 0.190239 0.633309 -0.201121 -0.155279 0.174807 -0.223627 -0.152510 -0.070482
16 -0.411920 -0.571244 0.173059 -0.420918 0.084571 0.130777 0.003655 0.011864 0.187210 -0.124438 0.197846 0.682455 -0.234082 -0.041311 0.226931 -0.220307 -0.173511 -0.147601
15 -0.407037 -0.555924 0.168964 -0.420722 0.098141 0.162278 -0.007935 0.012498 0.158323 -0.144085 0.207040 0.630419 -0.204756 -0.098194 0.203735 -0.217125 -0.166642 -0.106260
1 -0.429259 -0.579638 0.189808 -0.408534 0.101079 0.094243 -0.030417 0.063567 0.186640 -0.121793 0.171634 0.626487 -0.187586 -0.098875 0.166518 -0.206266 -0.120986 -0.111113
3 -0.418840 -0.540310 0.182683 -0.403364 0.100195 0.124652 -0.000962 0.030505 0.133433 -0.141756 0.217895 0.622538 -0.234261 -0.138131 0.180775 -0.233200 -0.131436 -0.131525
5 -0.392309 -0.574426 0.129162 -0.409328 0.116251 0.118460 0.009936 0.009736 0.199631 -0.156203 0.232349 0.676330 -0.236691 -0.095606 0.214258 -0.241213 -0.171282 -0.139215
14 -0.389922 -0.566201 0.171926 -0.413378 0.099230 0.149574 -0.041639 0.026834 0.156545 -0.113772 0.158802 0.646481 -0.215058 -0.076811 0.196836 -0.177844 -0.125871 -0.080977
8 -0.379887 -0.561916 0.164188 -0.380736 0.073602 0.143287 -0.013076 0.048867 0.156150 -0.112868 0.169858 0.617738 -0.222038 -0.096616 0.209372 -0.216883 -0.125666 -0.078678
7 -0.358286 -0.523941 0.127226 -0.395877 0.067301 0.137214 -0.014096 0.044534 0.162501 -0.134427 0.177712 0.616769 -0.196984 -0.158666 0.205642 -0.212343 -0.152550 -0.098800
6 -0.394629 -0.567210 0.164580 -0.363348 0.093220 0.137425 -0.006439 0.070126 0.159269 -0.128831 0.193034 0.623177 -0.217911 -0.124789 0.201118 -0.204765 -0.151605 -0.106098
