18 18
9 -0.361683 -0.322662 0.129244 -0.251511 0.001789 0.225639 0.242277 0.103344 0.522806 -0.098516 0.126986 0.377106 -0.218762 -0.337671 0.413589 -0.449410 -0.250342 -0.409241
17 -0.347953 -0.321515 0.162774 -0.209682 -0.019292 0.179751 0.256076 0.098528 0.501368 -0.071813 0.126546 0.361978 -0.202602 -0.276979 0.404354 -0.423137 -0.239930 -0.462707
6 -0.345237 -0.329963 0.166653 -0.213245 0.019143 0.220984 0.245793 0.104987 0.478406 -0.097510 0.129447 0.334646 -0.225457 -0.303979 0.419749 -0.428893 -0.235971 -0.435141
13 -0.363472 -0.302966 0.198500 -0.272834 0.012903 0.195385 0.214603 0.059062 0.454094 -0.085565 0.102601 0.304371 -0.192525 -0.304173 0.405891 -0.436111 -0.263148 -0.427396
15 -0.426636 -0.335991 0.221678 -0.282899 0.036478 0.239642 0.222630 0.056263 0.451183 -0.128556 0.132692 0.312298 -0.211797 -0.277532 0.413448 -0.453556 -0.247633 -0.440791
11 -0.396501 -0.314784 0.209014 -0.219633 0.079357 0.197756 0.146103 0.109488 0.409317 -0.162468 0.109085 0.265389 -0.215554 -0.218282 0.369835 -0.402234 -0.176633 -0.365106
10 -0.415920 -0.333838 0.200908 -0.253113 0.073678 0.262947 0.211510 0.093952 0.473083 -0.171148 0.147965 0.325047 -0.243715 -0.253159 0.385612 -0.412559 -0.190511 -0.400667
4 -0.357131 -0.275190 0.176005 -0.222392 0.040416 0.181272 0.178159 0.106127 0.432202 -0.117554 0.136640 0.310413 -0.185764 -0.279716 0.378719 -0.422026 -0.210892 -0.413344
8 -0.328438 -0.333456 0.156088 -0.219710 -0.007340 0.209402 0.247863 0.088764 0.474978 -0.074870 0.111747 0.344658 -0.240726 -0.292345 0.428781 -0.448940 -0.222202 -0.408541
5 -0.336606 -0.345293 0.128977 -0.226679 0.032400 0.188567 0.251112 0.064501 0.500884 -0.112279 0.142327 0.363344 -0.244327 -0.280580 0.432347 -0.459597 -0.245262 -0.439203
16 -0.368848 -0.309784 0.174494 -0.235129 0.009697 0.202233 0.246326 0.073237 0.466390 -0.101284 0.112150 0.342786 -0.231510 -0.261313 0.427258 -0.450659 -0.256739 -0.449986
1 -0.369615 -0.312233 0.193855 -0.236731 0.045760 0.168346 0.182216 0.099771 0.426069 -0.109467 0.098343 0.278517 -0.180871 -0.261903 0.343593 -0.403137 -0.174922 -0.385124
12 -0.393572 -0.353400 0.172364 -0.262822 -0.007662 0.188681 0.220138 0.060695 0.478494 -0.076707 0.159175 0.390678 -0.232792 -0.288822 0.439616 -0.447731 -0.284238 -0.438996
0 -0.368555 -0.336791 0.170371 -0.272970 -0.004216 0.218659 0.201422 0.072415 0.456387 -0.101521 0.146112 0.335657 -0.211273 -0.292880 0.437541 -0.453848 -0.217635 -0.419641
3 -0.431145 -0.312228 0.230944 -0.249052 0.062231 0.228171 0.200993 0.085816 0.396839 -0.152404 0.140683 0.276281 -0.246258 -0.286889 0.363916 -0.431264 -0.158689 -0.416236
14 -0.423061 -0.350585 0.241617 -0.287317 0.060185 0.236110 0.181323 0.080118 0.437136 -0.114802 0.100454 0.329330 -0.232261 -0.279535 0.409065 -0.429838 -0.199018 -0.421918
7 -0.341960 -0.309687 0.155897 -0.241688 0.008238 0.221579 0.211187 0.087934 0.461042 -0.115180 0.107289 0.315818 -0.209437 -0.295344 0.402827 -0.410482 -0.200417 -0.401643
2 0.021368 -0.003688 -0.004957 -0.007525 -0.007603 0.001755 0.011077 0.016235 -0.024745 -0.003279 -0.008624 0.014563 0.014594 -0.017313 -0.004715 -0.020484 -0.014205 0.014938
