18 18
9 -0.290313 -0.340856 -0.109357 -0.175259 0.171476 -0.085893 0.140094 0.003809 0.497133 -0.173718 0.342596 0.579496 -0.200597 -0.100245 0.177563 -0.294778 -0.239589 -0.346381
10 -0.210344 -0.330638 -0.178272 -0.095700 0.255114 -0.105749 0.175428 0.073533 0.484177 -0.302749 0.396432 0.533067 -0.222243 -0.155296 0.154080 -0.332043 -0.147753 -0.368565
14 -0.270498 -0.381491 -0.100832 -0.178091 0.202586 -0.093237 0.145516 0.044503 0.464716 -0.220268 0.332425 0.570430 -0.216828 -0.157518 0.194810 -0.343622 -0.168768 -0.383695
1 -0.211416 -0.367811 -0.139740 -0.118995 0.204892 -0.159644 0.184055 0.170187 0.450826 -0.310834 0.339776 0.474376 -0.174494 -0.272693 0.155129 -0.427718 -0.072263 -0.392392
2 -0.154586 -0.346452 -0.182185 -0.107974 0.175675 -0.135790 0.196346 0.204441 0.385130 -0.333671 0.345026 0.482898 -0.166674 -0.332795 0.157149 -0.453972 -0.068556 -0.355539
5 -0.152088 -0.313853 -0.224004 -0.054037 0.270143 -0.156746 0.180709 0.086540 0.413013 -0.326768 0.373456 0.444639 -0.198342 -0.196750 0.155151 -0.379278 -0.130031 -0.359253
3 -0.212972 -0.353916 -0.147886 -0.093346 0.213878 -0.141461 0.208293 0.164776 0.416386 -0.337100 0.377511 0.473716 -0.224229 -0.306352 0.165861 -0.447053 -0.052865 -0.419126
12 -0.266459 -0.392300 -0.134140 -0.161882 0.170173 -0.122358 0.151615 0.055993 0.458423 -0.234928 0.397980 0.566329 -0.205339 -0.160336 0.193593 -0.351991 -0.179984 -0.369738
8 -0.295352 -0.443083 -0.069149 -0.175291 0.118810 -0.092595 0.205520 0.065382 0.520337 -0.185415 0.358792 0.595573 -0.227919 -0.138492 0.252754 -0.399382 -0.170919 -0.437605
16 -0.284831 -0.350584 -0.045871 -0.158793 0.119099 -0.086007 0.187860 0.012045 0.485099 -0.140350 0.294400 0.578922 -0.219185 -0.052428 0.233414 -0.326970 -0.248239 -0.428641
4 -0.174225 -0.298125 -0.184697 -0.062920 0.236706 -0.163485 0.148865 0.169142 0.412507 -0.331492 0.388277 0.466900 -0.165471 -0.255579 0.152259 -0.402135 -0.089779 -0.392755
15 -0.233112 -0.326570 -0.108447 -0.129500 0.190112 -0.083535 0.164784 0.044314 0.417309 -0.242439 0.340533 0.468287 -0.180193 -0.143437 0.170658 -0.329591 -0.161640 -0.360837
11 -0.231929 -0.333981 -0.135881 -0.106518 0.218902 -0.129026 0.132754 0.107569 0.456294 -0.282973 0.332723 0.501431 -0.205133 -0.167019 0.189154 -0.373291 -0.160336 -0.368734
0 -0.230269 -0.384542 -0.123709 -0.166841 0.133652 -0.092605 0.169311 0.110341 0.436749 -0.263606 0.370036 0.502058 -0.181874 -0.218707 0.214068 -0.403552 -0.082055 -0.385973
13 -0.251437 -0.344708 -0.088174 -0.181169 0.154087 -0.101716 0.162106 0.016013 0.479171 -0.175314 0.325943 0.542786 -0.186196 -0.139701 0.193250 -0.322377 -0.223664 -0.386665
17 -0.303515 -0.404644 -0.072105 -0.161001 0.119536 -0.116574 0.200542 0.054604 0.544798 -0.167324 0.379665 0.640732 -0.203136 -0.103214 0.209853 -0.339407 -0.217058 -0.462541
7 -0.169739 -0.355844 -0.190111 -0.119210 0.176349 -0.113449 0.192883 0.165631 0.463069 -0.324341 0.342822 0.493183 -0.190151 -0.309013 0.187088 -0.412910 -0.063564 -0.382941
6 -0.182536 -0.330210 -0.172161 -0.065305 0.240599 -0.122110 0.175970 0.115234 0.424071 -0.295175 0.379324 0.473217 -0.198814 -0.214668 0.172876 -0.362990 -0.138081 -0.377612
