18 18
6 -0.165898 -0.615284 0.371950 -0.241898 0.007440 0.371981 0.090295 0.019177 -0.030583 0.067959 0.011532 0.402174 -0.389167 -0.204930 0.460517 -0.164420 0.163417 -0.314236
11 -0.192312 -0.579537 0.330746 -0.228924 0.033491 0.302480 0.042275 0.045483 0.027069 0.014673 0.017482 0.401819 -0.349887 -0.157600 0.435892 -0.190254 0.134267 -0.292558
13 -0.187992 -0.641493 0.349960 -0.291461 0.029157 0.342417 0.107921 -0.018424 0.047770 0.033812 0.023999 0.430754 -0.373433 -0.218987 0.474002 -0.221005 0.115413 -0.356231
7 -0.151966 -0.609254 0.329015 -0.262346 -0.006105 0.360423 0.086890 0.018652 0.032317 0.052509 -0.004096 0.429757 -0.368145 -0.222389 0.463164 -0.165993 0.166549 -0.321305
14 -0.190774 -0.633925 0.382084 -0.277531 0.026551 0.362530 0.060023 0.012230 -0.023140 0.074773 -0.019753 0.437046 -0.385078 -0.197110 0.429697 -0.151407 0.182173 -0.286666
5 -0.237167 -0.710268 0.332196 -0.283193 0.066150 0.338678 0.122432 -0.030307 0.070772 0.009308 0.067654 0.502688 -0.419661 -0.185349 0.485501 -0.248090 0.107187 -0.376925
10 -0.188834 -0.664133 0.372617 -0.270644 0.031557 0.412771 0.107995 0.014190 0.013314 0.029994 0.026339 0.453784 -0.422235 -0.192842 0.440609 -0.155713 0.193751 -0.293275
2 -0.181018 -0.617391 0.326116 -0.265308 0.028258 0.343271 0.099658 0.018364 -0.004467 0.018462 0.027555 0.432741 -0.350280 -0.196224 0.419234 -0.213697 0.110167 -0.283394
3 -0.216419 -0.615202 0.370696 -0.262223 0.039749 0.348787 0.100084 0.011502 -0.010307 0.017930 0.029656 0.401642 -0.400130 -0.229262 0.431908 -0.218145 0.173050 -0.329568
8 -0.165463 -0.628867 0.376335 -0.245873 -0.006002 0.371422 0.096077 0.017141 -0.032524 0.077218 0.001292 0.401351 -0.399633 -0.188380 0.453105 -0.184049 0.190141 -0.288200
17 -0.208278 -0.644356 0.349951 -0.246351 -0.000621 0.317809 0.089394 0.022468 0.054637 0.066962 0.040664 0.480144 -0.355100 -0.158098 0.425202 -0.155117 0.140391 -0.339951
9 -0.228872 -0.647246 0.319220 -0.277834 0.038451 0.340507 0.084386 0.018119 0.061995 0.025683 0.040481 0.477606 -0.374902 -0.217679 0.437056 -0.210580 0.112165 -0.299978
12 -0.219626 -0.663134 0.369732 -0.281921 0.000498 0.349434 0.066606 -0.021929 -0.021292 0.080636 0.044898 0.466918 -0.397313 -0.172598 0.453697 -0.152665 0.125402 -0.302137
4 -0.199880 -0.629766 0.372792 -0.260006 0.036322 0.349151 0.056285 0.043962 0.007122 0.036158 0.045174 0.454811 -0.377845 -0.206638 0.451572 -0.188235 0.176577 -0.330496
0 -0.181507 -0.600266 0.330176 -0.275541 -0.002111 0.349948 0.065389 0.006668 0.003330 0.041138 0.035349 0.406956 -0.347954 -0.183262 0.437511 -0.182120 0.177077 -0.292731
15 -0.249158 -0.692340 0.375182 -0.304216 0.046305 0.382192 0.112259 -0.031280 0.039539 0.018744 0.049290 0.467660 -0.399630 -0.186938 0.488299 -0.228613 0.108160 -0.362571
16 -0.003066 0.009981 0.006043 0.000869 -0.007381 -0.001770 0.017455 -0.006904 0.000948 0.004908 -0.016488 0.011175 -0.012361 0.022003 0.021550 -0.015661 -0.025305 -0.027720
1 -0.027660 -0.027217 0.026180 -0.019122 0.012075 -0.026796 -0.004699 0.019366 0.022084 0.001540 -0.016522 -0.005216 0.015504 -0.011155 -0.013895 -0.016653 0.015775 -0.011908
