18 18
2 0.041408 -0.343717 -0.144207 -0.241718 -0.315099 0.250018 0.304162 0.064027 0.472429 -0.045905 0.197884 0.560901 -0.175920 -0.218659 0.400842 -0.149334 -0.207273 -0.228524
0 -0.003318 -0.344679 -0.169497 -0.259851 -0.305203 0.268144 0.245742 0.017202 0.493326 -0.059417 0.238581 0.557436 -0.203164 -0.150558 0.399156 -0.088376 -0.193277 -0.186147
13 0.013910 -0.345108 -0.169587 -0.261739 -0.297661 0.262151 0.276640 0.009364 0.550501 -0.043272 0.211422 0.588582 -0.212491 -0.172392 0.419849 -0.081411 -0.272512 -0.206727
7 0.058513 -0.314304 -0.179364 -0.235432 -0.323134 0.269221 0.292409 0.051774 0.519813 -0.056258 0.184638 0.532819 -0.183717 -0.247903 0.421054 -0.114152 -0.185045 -0.240998
10 -0.104112 -0.363467 -0.249313 -0.240552 -0.190760 0.307792 0.183811 -0.058822 0.615260 -0.122812 0.286028 0.705225 -0.330656 0.071802 0.357416 0.088308 -0.344941 -0.025088
15 -0.026757 -0.350538 -0.148484 -0.256484 -0.274072 0.282702 0.276682 0.003913 0.528623 -0.067151 0.224933 0.573630 -0.212112 -0.143869 0.414250 -0.094013 -0.264178 -0.210248
3 0.000180 -0.341277 -0.118173 -0.242442 -0.310866 0.261704 0.319451 0.051558 0.497374 -0.057660 0.212988 0.539060 -0.224425 -0.249772 0.417848 -0.155347 -0.186389 -0.271921
1 -0.032540 -0.355436 -0.134307 -0.247843 -0.257804 0.217811 0.244912 0.043287 0.527020 -0.053561 0.190300 0.555035 -0.194655 -0.151462 0.376116 -0.099271 -0.217579 -0.205726
9 -0.032320 -0.322996 -0.202353 -0.234888 -0.256100 0.254507 0.231377 0.019261 0.550160 -0.070117 0.228154 0.603555 -0.225716 -0.124028 0.368827 -0.050030 -0.259911 -0.141338
8 0.031607 -0.343547 -0.125882 -0.220536 -0.311626 0.247193 0.298578 0.053505 0.481219 -0.026616 0.186111 0.524882 -0.197711 -0.213871 0.417360 -0.145526 -0.174888 -0.241953
5 0.029207 -0.357897 -0.173733 -0.234378 -0.279032 0.248548 0.320542 0.018597 0.538526 -0.069924 0.221044 0.569398 -0.222798 -0.203722 0.434914 -0.147836 -0.220691 -0.270486
4 -0.025724 -0.317526 -0.173182 -0.230029 -0.260269 0.248482 0.230640 0.043983 0.545372 -0.080438 0.254124 0.611645 -0.215309 -0.134140 0.391773 -0.068030 -0.250144 -0.195858
17 -0.005244 -0.311899 -0.147156 -0.196187 -0.283752 0.217733 0.256095 0.037168 0.504332 -0.031099 0.208809 0.550148 -0.182496 -0.122830 0.345733 -0.050023 -0.201693 -0.206225
16 -0.060023 -0.339425 -0.182547 -0.239388 -0.249742 0.263999 0.229814 -0.013837 0.545405 -0.074893 0.222367 0.631391 -0.270803 -0.034872 0.405514 -0.036947 -0.309918 -0.153175
6 0.010270 -0.326906 -0.145221 -0.195672 -0.270939 0.252702 0.275452 0.049641 0.495590 -0.049437 0.208842 0.540687 -0.215723 -0.176785 0.403509 -0.090565 -0.221864 -0.224646
12 -0.115379 -0.362900 -0.199909 -0.251189 -0.217190 0.243521 0.155265 -0.064671 0.523014 -0.072193 0.274226 0.646681 -0.280573 0.028113 0.351604 0.044237 -0.329983 -0.064599
11 -0.087569 -0.374732 -0.187140 -0.237357 -0.223322 0.262485 0.193162 0.004388 0.584116 -0.104191 0.240156 0.641382 -0.284161 -0.025079 0.409751 -0.027721 -0.311361 -0.121708
14 -0.018463 -0.351338 -0.127797 -0.252042 -0.259664 0.262884 0.247602 0.022333 0.503886 -0.043095 0.185085 0.580784 -0.224430 -0.161070 0.397685 -0.077403 -0.214412 -0.204151
