18 18
0 -0.458976 -0.540536 0.333436 -0.257015 0.118549 -0.036348 0.125529 0.157055 0.240785 -0.109834 0.199024 0.303317 -0.178824 -0.304601 0.228185 -0.397212 -0.050206 -0.451570
3 -0.446442 -0.498288 0.331982 -0.194893 0.159688 -0.066662 0.158489 0.194525 0.235926 -0.126725 0.179448 0.272586 -0.211220 -0.368686 0.189586 -0.426689 -0.043971 -0.470636
1 -0.366761 -0.509453 0.236970 -0.167840 0.127014 -0.101854 0.188336 0.258826 0.342514 -0.093595 0.121543 0.273859 -0.132570 -0.426404 0.173274 -0.434929 -0.065473 -0.416619
11 -0.499978 -0.523047 0.366007 -0.250522 0.170687 -0.058062 0.050811 0.137710 0.211039 -0.127242 0.172938 0.293256 -0.193805 -0.210498 0.211057 -0.350746 -0.089333 -0.402803
15 -0.534620 -0.545862 0.410822 -0.296637 0.177206 -0.027873 0.098503 0.092275 0.192325 -0.126857 0.212725 0.306616 -0.201792 -0.240035 0.208029 -0.375054 -0.097419 -0.476811
10 -0.488173 -0.583030 0.343710 -0.237626 0.179065 -0.042883 0.168906 0.190262 0.308029 -0.138208 0.203571 0.350752 -0.220562 -0.327426 0.201510 -0.404319 -0.079072 -0.470242
6 -0.247330 -0.526061 0.106907 -0.028823 0.096801 -0.089883 0.325847 0.426423 0.471911 -0.074722 0.108014 0.288015 -0.152121 -0.679636 0.228701 -0.550070 -0.092225 -0.430812
2 -0.371570 -0.547813 0.252715 -0.172144 0.134679 -0.075621 0.222314 0.288902 0.330527 -0.114641 0.148400 0.331757 -0.170163 -0.470512 0.209023 -0.485941 -0.093867 -0.448507
8 -0.269411 -0.538011 0.144622 -0.083925 0.068775 -0.078026 0.293443 0.363971 0.434207 -0.050459 0.085588 0.293303 -0.154443 -0.588116 0.232199 -0.523750 -0.073961 -0.404210
7 -0.316945 -0.493151 0.195818 -0.149824 0.093491 -0.061379 0.219949 0.280455 0.372253 -0.101584 0.123676 0.291036 -0.145503 -0.487482 0.221480 -0.448862 -0.077533 -0.434546
9 -0.294539 -0.520406 0.114981 -0.097662 0.097808 -0.101027 0.273889 0.374889 0.465159 -0.080610 0.107893 0.319348 -0.135335 -0.606009 0.190609 -0.517286 -0.099762 -0.387257
5 -0.325101 -0.477090 0.194956 -0.128027 0.149958 -0.077172 0.217063 0.215071 0.324764 -0.121761 0.159632 0.287563 -0.183259 -0.397758 0.192007 -0.434821 -0.074695 -0.439291
17 -0.427868 -0.499915 0.315797 -0.191218 0.124921 -0.079657 0.150017 0.175000 0.269215 -0.086453 0.176034 0.312645 -0.167031 -0.285886 0.165586 -0.347530 -0.069704 -0.457127
4 -0.370681 -0.469501 0.246888 -0.147522 0.148205 -0.094644 0.166703 0.274124 0.327520 -0.122384 0.171295 0.300332 -0.147222 -0.421008 0.189993 -0.440035 -0.068473 -0.452650
13 -0.445501 -0.491434 0.357911 -0.269205 0.147072 -0.059685 0.091097 0.103552 0.206454 -0.090071 0.160447 0.268813 -0.162010 -0.256337 0.184799 -0.337807 -0.101906 -0.421487
14 -0.511539 -0.554021 0.399442 -0.290774 0.177683 -0.031337 0.075168 0.115682 0.192774 -0.094685 0.165338 0.312012 -0.207541 -0.268242 0.206824 -0.353486 -0.069172 -0.438077
12 -0.523169 -0.566181 0.372780 -0.288736 0.147455 -0.065946 0.084977 0.110849 0.210123 -0.091476 0.216675 0.335668 -0.199218 -0.271975 0.204799 -0.360723 -0.110059 -0.447337
16 -0.445498 -0.534246 0.318764 -0.213129 0.135334 -0.074202 0.177442 0.213630 0.303792 -0.102070 0.152743 0.321785 -0.189191 -0.362793 0.235176 -0.445159 -0.110874 -0.487665
