18 18
3 -0.306368 -0.352797 0.450022 -0.211155 -0.065800 0.121118 0.211499 0.155366 0.313926 -0.026192 0.106213 0.189366 -0.215591 -0.308935 0.360236 -0.349267 0.196988 -0.683309
8 -0.261597 -0.461820 0.428552 -0.201864 -0.210447 0.193898 0.168536 0.112153 0.245042 0.029423 0.106980 0.199565 -0.171465 -0.148019 0.553253 -0.359856 0.031801 -0.618989
15 -0.311678 -0.460293 0.445999 -0.238055 -0.164706 0.209281 0.166956 0.087095 0.269612 -0.021592 0.144384 0.203474 -0.157041 -0.145285 0.555394 -0.366336 -0.008872 -0.662611
7 -0.244143 -0.392026 0.393715 -0.222342 -0.170266 0.187416 0.162635 0.148423 0.316580 -0.017439 0.098511 0.206310 -0.144181 -0.231955 0.505609 -0.337097 0.063834 -0.641202
11 -0.293143 -0.443871 0.406836 -0.165372 -0.187757 0.168197 0.094593 0.124790 0.223577 -0.017689 0.139970 0.204029 -0.159052 -0.068129 0.585407 -0.349969 -0.048073 -0.608370
9 -0.319490 -0.344808 0.419228 -0.208096 -0.060249 0.113780 0.187978 0.209127 0.368995 -0.037491 0.119827 0.233603 -0.202264 -0.325392 0.363854 -0.361245 0.182043 -0.667143
4 -0.295695 -0.332297 0.439557 -0.204339 -0.087521 0.120426 0.156115 0.215374 0.327704 -0.043982 0.134668 0.201136 -0.157419 -0.293087 0.408394 -0.367632 0.147589 -0.675706
0 -0.265134 -0.417225 0.407276 -0.224973 -0.192924 0.189582 0.131753 0.115297 0.233329 -0.003015 0.134520 0.177462 -0.134075 -0.158437 0.516046 -0.339975 0.040618 -0.583065
10 -0.282614 -0.367385 0.399382 -0.193457 -0.050511 0.142626 0.204977 0.133880 0.350324 -0.038461 0.122795 0.233895 -0.215027 -0.227652 0.363726 -0.297046 0.165301 -0.641254
1 -0.317383 -0.377150 0.450742 -0.230331 -0.055322 0.095357 0.181624 0.189703 0.362195 -0.025313 0.088571 0.200619 -0.173488 -0.299416 0.350013 -0.345108 0.195041 -0.665769
13 -0.245733 -0.400749 0.427667 -0.254672 -0.150619 0.168545 0.175405 0.111417 0.318882 0.005668 0.089097 0.182867 -0.144504 -0.250134 0.476499 -0.337647 0.070091 -0.644350
17 -0.305165 -0.433258 0.443377 -0.206361 -0.147894 0.133409 0.190143 0.128938 0.338618 0.015174 0.138527 0.250230 -0.168968 -0.184234 0.442506 -0.309256 0.095608 -0.691557
14 -0.317063 -0.415744 0.453674 -0.233992 -0.077789 0.144880 0.162927 0.103422 0.297696 0.002689 0.103657 0.234092 -0.204579 -0.218968 0.429237 -0.320029 0.133863 -0.675946
5 -0.277546 -0.401633 0.365002 -0.195848 -0.070185 0.115791 0.183728 0.083348 0.316735 -0.032794 0.141515 0.230788 -0.186827 -0.171821 0.415666 -0.322048 0.073966 -0.634662
16 -0.289268 -0.419696 0.443706 -0.203063 -0.168350 0.171482 0.183849 0.127309 0.264403 0.001859 0.100332 0.216475 -0.186555 -0.157279 0.544857 -0.377019 0.014534 -0.672173
2 -0.264157 -0.464110 0.434781 -0.229554 -0.198729 0.202654 0.165378 0.133096 0.245757 -0.006151 0.121906 0.225501 -0.145684 -0.170945 0.571372 -0.385461 -0.007582 -0.645411
6 -0.256188 -0.372626 0.392063 -0.157895 -0.126053 0.157230 0.153798 0.135556 0.240231 -0.011433 0.127964 0.177143 -0.160331 -0.177038 0.465127 -0.316280 0.036986 -0.601047
12 -0.309556 -0.434381 0.429090 -0.231671 -0.154797 0.150002 0.151266 0.104440 0.277665 0.009233 0.144577 0.233284 -0.176288 -0.187949 0.477974 -0.318868 0.049245 -0.640144
