18 18
9 -0.331804 -0.527374 0.032962 -0.215631 0.004073 -0.035212 0.023759 0.350817 0.509654 -0.169777 0.134158 0.513823 -0.056525 -0.101791 0.180922 -0.418138 -0.100160 -0.016852
17 -0.281175 -0.533955 0.046504 -0.207453 -0.048077 -0.008376 0.058904 0.354096 0.550833 -0.138295 0.116790 0.546255 -0.033591 -0.080271 0.206808 -0.392354 -0.088180 -0.063593
2 -0.335556 -0.552609 0.071804 -0.225911 -0.001217 -0.062595 0.016434 0.385108 0.465150 -0.173278 0.123893 0.504791 -0.024904 -0.092001 0.175996 -0.450421 -0.097623 -0.025349
7 -0.085151 -0.461199 -0.038250 -0.274867 -0.083303 0.246747 0.124087 0.205831 0.566476 -0.133745 0.041419 0.538630 -0.072110 -0.161692 0.317652 -0.307950 -0.062704 -0.026483
4 -0.327792 -0.555173 0.044564 -0.230047 0.006273 -0.022738 0.011528 0.401295 0.585955 -0.200244 0.153946 0.574683 -0.040939 -0.099185 0.234877 -0.461728 -0.082623 -0.063276
1 -0.387679 -0.549131 0.102013 -0.215802 0.024700 -0.106141 -0.008390 0.385742 0.494371 -0.171024 0.119275 0.454268 -0.028368 -0.070416 0.155990 -0.437319 -0.060120 -0.052034
11 -0.388283 -0.560732 0.075021 -0.179801 0.030807 -0.099539 -0.023135 0.419442 0.529389 -0.207601 0.130794 0.506820 -0.068055 -0.042894 0.209266 -0.464952 -0.089022 -0.048871
10 -0.167648 -0.560649 -0.021273 -0.298524 -0.047796 0.242225 0.153001 0.212469 0.621727 -0.163167 0.109226 0.613704 -0.118619 -0.117506 0.300315 -0.336790 -0.076383 -0.016625
8 -0.287133 -0.605818 0.057264 -0.269064 -0.045711 0.074584 0.086015 0.311316 0.558026 -0.143145 0.113523 0.569247 -0.094627 -0.119127 0.273361 -0.440154 -0.073694 -0.041892
13 -0.056724 -0.507628 -0.000000 -0.356577 -0.096901 0.301480 0.161408 0.139056 0.587487 -0.088941 0.022051 0.573704 -0.076558 -0.201712 0.357555 -0.320314 -0.098371 -0.040681
0 -0.295543 -0.546674 0.031179 -0.253385 -0.031790 0.030532 0.038104 0.315061 0.519129 -0.167131 0.146887 0.520911 -0.053823 -0.089532 0.237439 -0.416982 -0.068084 -0.037224
15 -0.247057 -0.551182 0.035723 -0.295870 -0.030430 0.152219 0.097667 0.249267 0.555305 -0.162783 0.107362 0.552433 -0.070511 -0.115490 0.277006 -0.391078 -0.101762 -0.040650
5 -0.298050 -0.543923 0.013345 -0.209100 0.008299 -0.030566 0.062839 0.301680 0.523664 -0.175827 0.150836 0.517388 -0.073289 -0.075613 0.208934 -0.424448 -0.097703 -0.063095
12 -0.548828 -0.730743 0.144922 -0.299115 -0.000678 -0.148339 -0.012617 0.358448 0.502536 -0.159247 0.236693 0.592235 -0.107728 -0.077725 0.185780 -0.505053 -0.115780 -0.066184
14 -0.152468 -0.560719 0.024127 -0.349726 -0.059568 0.265340 0.122996 0.192034 0.570169 -0.112971 0.036301 0.615577 -0.103965 -0.173822 0.328298 -0.342039 -0.068908 -0.023893
3 -0.602291 -0.764200 0.191168 -0.303098 0.013996 -0.155062 0.021820 0.397113 0.515224 -0.190188 0.247501 0.586443 -0.146647 -0.123732 0.179271 -0.571656 -0.068634 -0.104838
16 -0.003066 0.009981 0.006043 0.000869 -0.007381 -0.001770 0.017455 -0.006904 0.000948 0.004908 -0.016488 0.011175 -0.012361 0.022003 0.021550 -0.015661 -0.025305 -0.027720
6 0.007299 -0.006988 0.006429 0.025394 0.003018 0.008962 0.013628 0.017139 -0.003415 0.002961 0.009307 -0.005691 -0.008572 -0.012634 0.015137 0.000585 -0.007433 -0.019036
