18 18
4 -0.413844 -0.447346 0.405622 -0.276497 0.120286 0.265443 0.269787 -0.086084 0.251233 -0.072752 0.352546 0.299340 -0.076949 -0.046853 0.271259 -0.285431 -0.252512 -0.505473
13 -0.355968 -0.437119 0.367308 -0.288746 0.095654 0.243419 0.275063 -0.125463 0.259437 -0.049751 0.279353 0.271466 -0.082967 -0.044511 0.286755 -0.277221 -0.272520 -0.472526
6 -0.384204 -0.462610 0.408415 -0.253381 0.107887 0.285745 0.297180 -0.081728 0.221388 -0.059615 0.312151 0.253379 -0.105777 -0.073635 0.291194 -0.286830 -0.243971 -0.491318
15 -0.397128 -0.455048 0.393109 -0.299255 0.083596 0.296475 0.284454 -0.140462 0.216183 -0.051524 0.291547 0.263107 -0.090394 -0.023234 0.279248 -0.268825 -0.240330 -0.464221
10 -0.352164 -0.426536 0.317735 -0.246588 0.095849 0.263536 0.297256 -0.111267 0.279273 -0.070227 0.304490 0.339679 -0.108568 0.035117 0.258541 -0.238439 -0.251844 -0.447278
17 -0.363909 -0.424522 0.318937 -0.210773 0.057277 0.185056 0.288384 -0.093476 0.285831 -0.017112 0.310204 0.366075 -0.079118 0.054337 0.223139 -0.206962 -0.258608 -0.479124
12 -0.419211 -0.479575 0.388451 -0.307379 0.088517 0.261576 0.268777 -0.141648 0.235106 -0.042341 0.327813 0.322687 -0.107733 -0.018056 0.286415 -0.264150 -0.277053 -0.473827
14 -0.372893 -0.458137 0.367431 -0.293612 0.104621 0.274308 0.269464 -0.132917 0.254270 -0.052268 0.256409 0.328651 -0.114647 0.007075 0.303549 -0.266553 -0.245057 -0.480458
2 -0.358639 -0.465927 0.356100 -0.281619 0.095423 0.254775 0.321380 -0.102108 0.253769 -0.068101 0.302882 0.357329 -0.090369 -0.013954 0.290923 -0.312735 -0.300328 -0.494943
3 -0.412732 -0.445822 0.408138 -0.270333 0.105327 0.258298 0.296992 -0.109614 0.215298 -0.064840 0.320344 0.266659 -0.119447 -0.058351 0.254595 -0.288012 -0.219271 -0.494080
7 -0.350286 -0.469831 0.355009 -0.311815 0.084269 0.317273 0.300522 -0.106594 0.303215 -0.091908 0.266906 0.307669 -0.104132 -0.060611 0.359671 -0.320762 -0.259746 -0.499791
8 -0.352942 -0.454389 0.366525 -0.261868 0.070009 0.276358 0.289301 -0.108217 0.234126 -0.040015 0.264351 0.292131 -0.119814 -0.008709 0.312888 -0.293236 -0.227006 -0.463798
16 -0.335097 -0.403485 0.299607 -0.236558 0.086292 0.199505 0.294996 -0.121572 0.277218 -0.051787 0.257667 0.365250 -0.109428 0.074110 0.297378 -0.275995 -0.312843 -0.494556
9 -0.377593 -0.431824 0.339561 -0.273172 0.093184 0.261903 0.267038 -0.092034 0.257854 -0.061089 0.295184 0.297508 -0.088436 -0.055690 0.266465 -0.273968 -0.253551 -0.436034
0 -0.381985 -0.454580 0.392152 -0.303702 0.058236 0.306665 0.267159 -0.115607 0.192242 -0.046351 0.328731 0.256893 -0.087044 -0.062154 0.292039 -0.276414 -0.198384 -0.463761
5 -0.351861 -0.450824 0.299875 -0.240902 0.115057 0.219773 0.309245 -0.128919 0.298322 -0.077853 0.321893 0.343152 -0.113531 0.023630 0.287435 -0.284756 -0.279901 -0.499563
1 -0.387662 -0.451498 0.385765 -0.282436 0.102744 0.223381 0.257272 -0.080175 0.242811 -0.053829 0.268552 0.254716 -0.073278 -0.055182 0.245957 -0.279574 -0.211245 -0.453089
11 -0.372749 -0.447605 0.369266 -0.274174 0.103832 0.254660 0.234859 -0.089539 0.247968 -0.088849 0.248316 0.258671 -0.114167 -0.020399 0.322887 -0.305839 -0.236405 -0.447708
