18 18
9 -0.200756 -0.585243 0.077753 -0.235275 -0.209317 0.017115 0.278770 -0.124125 0.365128 0.162244 0.211060 0.540312 -0.200746 -0.032649 0.334708 -0.271370 -0.174055 -0.347718
5 -0.163551 -0.564526 0.039629 -0.209020 -0.158606 0.027196 0.295831 -0.157904 0.338696 0.117229 0.220398 0.511861 -0.227760 -0.017233 0.331004 -0.273355 -0.163200 -0.344877
12 -0.221398 -0.614731 0.082992 -0.261441 -0.212261 -0.001585 0.259385 -0.164113 0.340189 0.167755 0.260292 0.554756 -0.206523 -0.020031 0.341381 -0.255247 -0.188103 -0.346442
17 -0.185136 -0.559348 0.101721 -0.182896 -0.222106 0.002055 0.289198 -0.107195 0.345328 0.168332 0.204182 0.510451 -0.185943 0.020260 0.309477 -0.234539 -0.143143 -0.381747
2 -0.165473 -0.616937 0.063052 -0.260299 -0.226938 0.028061 0.307483 -0.131943 0.334938 0.158335 0.226136 0.578652 -0.198505 -0.049343 0.348700 -0.301489 -0.184244 -0.335161
15 -0.194631 -0.568714 0.096210 -0.247259 -0.178840 0.069066 0.300575 -0.171286 0.319710 0.134200 0.203959 0.499865 -0.208734 -0.007043 0.339775 -0.272502 -0.170775 -0.351856
10 -0.202069 -0.665835 0.063907 -0.245908 -0.189951 0.047814 0.348652 -0.138912 0.428704 0.121562 0.264880 0.597847 -0.264659 -0.031214 0.365051 -0.302577 -0.149640 -0.382164
13 -0.156162 -0.570485 0.088926 -0.245742 -0.217992 0.023127 0.292007 -0.153659 0.333572 0.172611 0.197495 0.488232 -0.188108 -0.051252 0.338133 -0.262751 -0.168751 -0.353879
8 -0.183529 -0.606058 0.086821 -0.221050 -0.206458 0.033324 0.293999 -0.128377 0.337271 0.157555 0.213693 0.521659 -0.233031 -0.025023 0.353150 -0.290124 -0.130864 -0.343174
3 -0.208723 -0.562401 0.113869 -0.218460 -0.171419 0.028522 0.301477 -0.136137 0.311408 0.129201 0.218446 0.488493 -0.239735 -0.052338 0.322786 -0.293035 -0.124636 -0.383311
16 -0.192460 -0.546894 0.116086 -0.213258 -0.210539 0.019153 0.291731 -0.142321 0.321483 0.165656 0.160198 0.504214 -0.211073 0.031746 0.362464 -0.276640 -0.185561 -0.394858
7 -0.160482 -0.591483 0.052637 -0.242614 -0.220663 0.047358 0.299225 -0.130173 0.378799 0.139676 0.210556 0.538949 -0.210903 -0.058320 0.362903 -0.273344 -0.146812 -0.354770
4 -0.195200 -0.557305 0.088819 -0.215546 -0.174508 -0.003245 0.255246 -0.099724 0.353473 0.126104 0.236786 0.522094 -0.189298 -0.027769 0.335145 -0.285659 -0.149902 -0.380842
11 -0.218513 -0.607177 0.111053 -0.210043 -0.186631 0.015160 0.271357 -0.113596 0.362717 0.131947 0.202024 0.531539 -0.230399 0.020166 0.373649 -0.296945 -0.168202 -0.383153
14 -0.200647 -0.628345 0.101131 -0.263139 -0.177196 0.051754 0.291334 -0.159169 0.347758 0.155021 0.199614 0.562807 -0.240196 -0.021783 0.354488 -0.274460 -0.146260 -0.360566
0 -0.177894 -0.580287 0.063570 -0.251130 -0.218561 0.053485 0.264697 -0.135938 0.330619 0.136331 0.238180 0.512864 -0.201632 -0.025539 0.352781 -0.270079 -0.123522 -0.328823
1 -0.230605 -0.662362 0.106295 -0.276612 -0.191118 -0.012900 0.299917 -0.115719 0.413443 0.144353 0.230878 0.556010 -0.203524 -0.055232 0.345159 -0.319207 -0.141291 -0.392965
6 -0.175776 -0.554150 0.094166 -0.186291 -0.180307 0.026121 0.285804 -0.117311 0.318466 0.147772 0.207761 0.484533 -0.207704 -0.026937 0.337294 -0.257702 -0.169333 -0.369650
