18 18
2 -0.205701 -0.442644 0.429735 -0.299946 -0.008232 0.285461 0.284693 -0.089805 0.000224 0.060012 0.024285 0.259439 -0.198641 -0.217168 0.394308 -0.330899 -0.114713 -0.500940
4 -0.222636 -0.417392 0.438989 -0.272570 0.044644 0.282597 0.262382 -0.057777 0.037902 0.015382 0.071581 0.263457 -0.197594 -0.211524 0.399098 -0.348730 -0.098274 -0.531930
8 -0.240412 -0.530541 0.455965 -0.317485 -0.027672 0.339750 0.301792 -0.093580 0.058505 0.063160 0.020112 0.238277 -0.246021 -0.210455 0.447691 -0.355814 -0.080354 -0.487719
14 -0.241369 -0.458907 0.449934 -0.306254 0.027403 0.295505 0.253784 -0.108793 0.018286 0.060340 0.013373 0.261210 -0.236005 -0.192521 0.400133 -0.312955 -0.084802 -0.496827
9 -0.247805 -0.468747 0.415631 -0.319504 -0.008080 0.303398 0.264450 -0.085011 0.075819 0.053879 0.027891 0.279381 -0.222409 -0.225623 0.420854 -0.340927 -0.127755 -0.476622
0 -0.256559 -0.497076 0.417735 -0.349811 -0.030320 0.320127 0.220278 -0.090497 0.052552 0.030370 0.054119 0.211364 -0.200613 -0.198584 0.414368 -0.330280 -0.052778 -0.426398
15 -0.226285 -0.414256 0.400643 -0.272649 -0.006556 0.293066 0.273279 -0.124064 0.027406 0.048969 0.027446 0.222087 -0.201015 -0.148743 0.374210 -0.288902 -0.112197 -0.472520
13 -0.222409 -0.460558 0.468654 -0.332039 -0.027892 0.281806 0.304456 -0.164694 0.027116 0.121758 0.006316 0.262729 -0.223474 -0.221291 0.436795 -0.315684 -0.146514 -0.586711
16 -0.228152 -0.438053 0.439813 -0.287776 -0.031863 0.286048 0.306692 -0.133835 0.028953 0.094368 -0.000523 0.273283 -0.238567 -0.157290 0.442534 -0.329157 -0.138682 -0.566042
6 -0.225572 -0.457207 0.429505 -0.276951 0.005923 0.301388 0.269103 -0.079879 0.036028 0.046488 0.042462 0.225921 -0.212036 -0.202091 0.402091 -0.309486 -0.097964 -0.488357
17 -0.227331 -0.460580 0.448939 -0.277514 -0.072610 0.280560 0.327187 -0.133543 0.056551 0.136200 0.020072 0.304556 -0.220089 -0.158565 0.418522 -0.281806 -0.126835 -0.593198
7 -0.186607 -0.402400 0.366646 -0.263513 -0.013306 0.292621 0.265848 -0.085015 0.052641 0.033386 0.022574 0.222787 -0.200448 -0.207906 0.389923 -0.295486 -0.084978 -0.469133
3 -0.253521 -0.418269 0.444208 -0.273196 0.028076 0.270707 0.276819 -0.090294 0.005222 0.031273 0.051940 0.227922 -0.241771 -0.227252 0.375416 -0.336192 -0.076691 -0.521680
1 -0.293846 -0.509378 0.463479 -0.364744 -0.008572 0.254281 0.226385 -0.086471 0.072562 0.068610 0.011871 0.239137 -0.192852 -0.211479 0.375919 -0.322144 -0.074560 -0.463400
12 -0.275291 -0.519123 0.458009 -0.338198 -0.030899 0.298449 0.273480 -0.132306 0.026927 0.090588 0.057504 0.297444 -0.239817 -0.199512 0.429815 -0.309392 -0.138986 -0.506783
5 -0.228387 -0.468869 0.402249 -0.289773 0.023850 0.267072 0.292390 -0.124177 0.057571 0.043215 0.054668 0.273215 -0.237643 -0.190717 0.407132 -0.335432 -0.117832 -0.522466
10 -0.267813 -0.550060 0.469110 -0.358261 0.004065 0.382466 0.311668 -0.113062 0.086230 0.027429 0.052298 0.284583 -0.264513 -0.206182 0.458063 -0.354548 -0.095423 -0.515355
11 -0.259986 -0.492268 0.432301 -0.297705 0.008589 0.303284 0.246698 -0.066569 0.077834 0.015446 0.025494 0.248813 -0.236599 -0.176484 0.436072 -0.352696 -0.101429 -0.472448
