18 18
17 -0.316129 -0.521048 0.452927 -0.002428 -0.103693 -0.048768 0.183320 0.023974 0.307357 0.343719 -0.016863 0.543793 -0.221728 0.255791 0.173313 0.151757 -0.093427 -0.538034
14 -0.333610 -0.619853 0.479979 -0.108072 -0.072237 -0.029925 0.139810 0.010254 0.299488 0.321066 -0.066978 0.595347 -0.260602 0.194311 0.272583 0.057851 -0.070635 -0.564052
1 -0.312358 -0.611646 0.424628 -0.182868 -0.083030 -0.066058 0.107592 0.059262 0.295246 0.233084 -0.072161 0.509037 -0.189719 0.075475 0.281696 -0.085095 -0.020932 -0.517896
6 -0.300530 -0.560624 0.461068 -0.033953 -0.088618 -0.001080 0.182958 0.035985 0.282354 0.314286 -0.011068 0.538350 -0.245683 0.194367 0.243824 0.101594 -0.098001 -0.542192
5 -0.297000 -0.602203 0.388400 -0.106241 -0.051928 -0.050286 0.156807 -0.007218 0.315084 0.249407 -0.024171 0.562083 -0.255355 0.162671 0.290568 -0.015283 -0.092203 -0.550086
13 -0.261410 -0.538364 0.444553 -0.138571 -0.117332 -0.001460 0.145073 0.021378 0.240745 0.279259 -0.052312 0.466940 -0.186814 0.101421 0.261490 0.007165 -0.070308 -0.495337
12 -0.315668 -0.580593 0.401210 -0.111830 -0.095661 -0.057928 0.126498 -0.015284 0.272909 0.293036 -0.008633 0.558472 -0.228134 0.173176 0.259679 0.037247 -0.115319 -0.516377
2 -0.255900 -0.567058 0.439620 -0.174621 -0.135047 0.021983 0.138613 0.066687 0.207967 0.247436 -0.059491 0.519390 -0.182867 0.072401 0.285798 -0.044934 -0.041682 -0.477441
7 -0.264466 -0.597847 0.423384 -0.163128 -0.141303 0.002284 0.140447 0.055344 0.297532 0.258263 -0.068072 0.553737 -0.204218 0.077721 0.322702 -0.026511 -0.043119 -0.543890
4 -0.322251 -0.583518 0.439301 -0.100687 -0.057637 -0.067249 0.116239 0.048594 0.304375 0.262874 -0.016516 0.579616 -0.229639 0.155670 0.279472 -0.009773 -0.071759 -0.577006
16 -0.299619 -0.537521 0.451248 -0.083589 -0.112630 -0.011644 0.174779 0.018759 0.270152 0.300011 -0.043046 0.535688 -0.228036 0.199825 0.261649 0.044231 -0.102913 -0.542778
8 -0.284093 -0.561513 0.405151 -0.076951 -0.094944 -0.033411 0.149618 0.018368 0.275608 0.284659 -0.040822 0.523004 -0.238134 0.171216 0.266150 0.010788 -0.070651 -0.506789
0 -0.267728 -0.544070 0.431457 -0.153663 -0.154164 0.033826 0.131559 0.038455 0.233342 0.269563 -0.019720 0.493645 -0.179555 0.120383 0.273643 0.013105 -0.022452 -0.483017
11 -0.322274 -0.601097 0.468971 -0.127809 -0.090660 -0.012938 0.113469 0.065966 0.270262 0.243946 -0.056049 0.537560 -0.241299 0.141099 0.313950 -0.028023 -0.060703 -0.519977
3 -0.339657 -0.622132 0.530576 -0.171541 -0.118826 0.017965 0.154677 0.052057 0.228232 0.266657 -0.053739 0.519135 -0.255102 0.076663 0.296646 -0.040463 0.001064 -0.545190
15 -0.331119 -0.548602 0.457826 -0.079117 -0.084399 0.003121 0.165784 -0.004422 0.269981 0.290581 -0.015637 0.513701 -0.222364 0.211576 0.230064 0.070528 -0.100935 -0.521621
10 -0.283664 -0.498700 0.429396 -0.026112 -0.082720 0.038061 0.190333 0.010889 0.283944 0.286267 0.002427 0.511731 -0.242667 0.247029 0.174227 0.166221 -0.070613 -0.443105
9 -0.008402 0.003844 -0.023332 -0.006576 0.000593 0.000225 -0.003692 0.013429 0.026437 -0.004111 0.005667 0.021814 0.003016 -0.025362 -0.007905 -0.006482 -0.012628 0.018993
