18 18
0 -0.287349 -0.328853 -0.048222 -0.109171 -0.120744 0.019564 0.151809 0.066148 0.390443 -0.109160 0.472405 0.498274 -0.192455 -0.096014 0.297335 -0.272986 -0.115054 -0.365419
7 -0.254435 -0.339689 -0.074909 -0.071131 -0.105401 0.017118 0.186318 0.116280 0.424583 -0.134634 0.439076 0.493023 -0.200434 -0.145102 0.284233 -0.275110 -0.106058 -0.358666
15 -0.319573 -0.335726 -0.059193 -0.077114 -0.012979 0.014910 0.206271 0.058162 0.478495 -0.189165 0.494133 0.518297 -0.207995 -0.028378 0.315176 -0.322606 -0.222264 -0.470391
3 -0.319963 -0.345536 -0.042218 -0.059838 -0.057616 -0.000142 0.205571 0.104802 0.419431 -0.164952 0.490203 0.502259 -0.247344 -0.126900 0.279646 -0.319369 -0.114556 -0.416219
8 -0.278324 -0.355314 -0.038608 -0.069142 -0.094572 0.005261 0.185219 0.095386 0.407001 -0.103918 0.432935 0.485919 -0.210592 -0.092638 0.294028 -0.296243 -0.131771 -0.368513
17 -0.293435 -0.324024 -0.068193 -0.040142 -0.066263 -0.028052 0.188908 0.100006 0.471593 -0.137045 0.479455 0.531966 -0.192694 -0.039289 0.278005 -0.272304 -0.176143 -0.433777
5 -0.267618 -0.318724 -0.114614 -0.042570 0.033387 -0.017271 0.207163 0.055176 0.482499 -0.221669 0.483930 0.519261 -0.225447 0.002677 0.306504 -0.326658 -0.213734 -0.458468
4 -0.276856 -0.285830 -0.079156 -0.035162 0.002879 -0.025603 0.152771 0.111625 0.446554 -0.196785 0.497054 0.503865 -0.184901 -0.051500 0.275790 -0.297654 -0.171217 -0.428514
1 -0.318047 -0.356320 -0.054004 -0.066296 -0.003050 -0.033863 0.194030 0.119045 0.494879 -0.190211 0.464748 0.513655 -0.205438 -0.062562 0.288644 -0.340129 -0.169850 -0.452220
9 -0.285812 -0.309909 -0.099358 -0.059545 -0.019418 -0.002202 0.182971 0.094156 0.474456 -0.177823 0.464435 0.511392 -0.204256 -0.073300 0.276698 -0.299187 -0.188797 -0.396757
13 -0.279931 -0.328899 -0.057295 -0.093058 -0.067842 -0.016972 0.186351 0.065648 0.472572 -0.130870 0.475875 0.515615 -0.195629 -0.085425 0.303864 -0.297533 -0.194769 -0.429413
12 -0.304521 -0.345562 -0.058354 -0.094317 -0.094799 -0.005785 0.148036 0.055214 0.402754 -0.110326 0.491803 0.527626 -0.203506 -0.069242 0.282847 -0.246561 -0.173089 -0.366160
10 -0.309666 -0.337852 -0.097557 -0.032751 0.022711 0.008424 0.215363 0.090015 0.533474 -0.231501 0.523553 0.561637 -0.245310 0.011737 0.309240 -0.309115 -0.211457 -0.469624
11 -0.294774 -0.306850 -0.081589 -0.018511 0.043378 -0.032600 0.157533 0.107955 0.483500 -0.227248 0.462249 0.493289 -0.209281 0.014133 0.307066 -0.322295 -0.221978 -0.445345
2 -0.270621 -0.357311 -0.057647 -0.084696 -0.100335 0.000435 0.191817 0.117200 0.389143 -0.128975 0.463792 0.529151 -0.194970 -0.127363 0.281746 -0.314216 -0.148999 -0.365677
16 -0.310436 -0.313227 -0.082514 -0.037474 0.003977 -0.023107 0.220016 0.092548 0.512932 -0.209433 0.477057 0.550511 -0.233666 0.006357 0.335370 -0.348744 -0.249227 -0.510437
6 -0.301422 -0.363075 -0.079768 -0.032438 -0.014091 0.003535 0.222067 0.116291 0.491549 -0.193706 0.517488 0.541169 -0.235056 -0.076118 0.328886 -0.333226 -0.203156 -0.479398
14 -0.011733 -0.016220 0.026785 -0.021827 0.014521 0.009558 -0.015588 -0.009492 -0.015071 0.014490 -0.026914 0.011819 -0.010079 -0.001944 0.000728 0.009641 0.015475 -0.000266
