18 18
8 -0.263148 -0.322447 0.364720 -0.077220 -0.275936 -0.057018 0.160257 0.245202 0.146886 0.168881 0.043689 0.396788 -0.201436 -0.275985 0.389882 -0.377384 -0.221920 -0.499320
17 -0.274410 -0.310607 0.346224 -0.051718 -0.289869 -0.080108 0.185379 0.257219 0.191590 0.163008 0.082922 0.438727 -0.181253 -0.250237 0.349996 -0.332375 -0.241117 -0.535379
3 -0.327773 -0.312673 0.392884 -0.077015 -0.273019 -0.068120 0.181003 0.238597 0.134585 0.144907 0.093143 0.399616 -0.233641 -0.294531 0.362018 -0.380459 -0.203618 -0.551169
9 -0.274834 -0.296042 0.312627 -0.076354 -0.261019 -0.065072 0.167756 0.254749 0.192390 0.135619 0.060381 0.432944 -0.193412 -0.281926 0.353368 -0.364822 -0.246505 -0.483980
12 -0.312619 -0.339788 0.365524 -0.095860 -0.282456 -0.077421 0.153498 0.217751 0.147245 0.166710 0.093449 0.447920 -0.219158 -0.257835 0.396302 -0.362828 -0.275407 -0.530553
2 -0.266397 -0.327039 0.366058 -0.094768 -0.292018 -0.071654 0.187104 0.270678 0.138012 0.154611 0.049564 0.451065 -0.187336 -0.298559 0.391897 -0.418312 -0.276689 -0.527403
6 -0.262012 -0.315516 0.362149 -0.056010 -0.253739 -0.054622 0.160522 0.263321 0.142054 0.151683 0.059971 0.396908 -0.203352 -0.287939 0.390337 -0.365044 -0.241283 -0.517435
7 -0.261358 -0.317752 0.339391 -0.094241 -0.295457 -0.046212 0.170782 0.251776 0.179461 0.144757 0.054199 0.430305 -0.196928 -0.299609 0.412289 -0.382052 -0.244915 -0.528811
0 -0.310510 -0.332281 0.371682 -0.114923 -0.300769 -0.055323 0.161403 0.231158 0.150224 0.148951 0.101946 0.432700 -0.204104 -0.264093 0.422383 -0.408348 -0.233543 -0.557826
11 -0.307761 -0.333174 0.381609 -0.070723 -0.253243 -0.085168 0.140415 0.268360 0.167627 0.134229 0.055642 0.417706 -0.226796 -0.268178 0.407757 -0.400051 -0.245935 -0.532777
16 -0.289033 -0.283470 0.336920 -0.088233 -0.280655 -0.083123 0.245133 0.174296 0.194089 0.143708 0.041865 0.446340 -0.229543 -0.188301 0.434525 -0.425593 -0.325792 -0.624157
4 -0.278007 -0.286089 0.361923 -0.085192 -0.240643 -0.076735 0.125809 0.248251 0.147346 0.135576 0.079224 0.406085 -0.179412 -0.273398 0.379555 -0.377041 -0.234504 -0.527911
14 -0.283935 -0.332201 0.384598 -0.103733 -0.250196 -0.054274 0.141030 0.233245 0.142347 0.172317 0.024726 0.431224 -0.209725 -0.272083 0.381537 -0.351758 -0.231530 -0.509086
15 -0.285971 -0.299380 0.340832 -0.107890 -0.247483 -0.037382 0.187722 0.179877 0.157366 0.125986 0.065058 0.392079 -0.183651 -0.224984 0.375277 -0.373236 -0.267073 -0.519760
5 -0.277631 -0.326266 0.302838 -0.081716 -0.240740 -0.087063 0.241834 0.166456 0.222006 0.115490 0.079883 0.457004 -0.246232 -0.205754 0.429066 -0.426015 -0.311103 -0.605236
10 -0.276166 -0.322684 0.335922 -0.066960 -0.249939 -0.033262 0.167515 0.240505 0.180170 0.122396 0.098862 0.427384 -0.224968 -0.245866 0.364422 -0.330923 -0.219164 -0.483520
13 -0.240461 -0.287886 0.341906 -0.109814 -0.252265 -0.062941 0.165929 0.193249 0.165247 0.155909 0.031613 0.367663 -0.179855 -0.283491 0.374429 -0.362221 -0.252757 -0.503871
1 -0.027660 -0.027217 0.026180 -0.019122 0.012075 -0.026796 -0.004699 0.019366 0.022084 0.001540 -0.016522 -0.005216 0.015504 -0.011155 -0.013895 -0.016653 0.015775 -0.011908
