18 18
10 -0.254414 -0.394634 0.191380 -0.121141 0.094597 0.282707 0.407760 0.011124 0.227139 -0.288215 0.277838 0.441772 -0.484228 0.109778 0.285075 -0.349883 -0.017198 -0.361442
2 -0.239026 -0.409613 0.211587 -0.132530 0.069934 0.238233 0.410661 0.077055 0.177460 -0.279707 0.244169 0.437368 -0.440090 0.005901 0.320303 -0.451814 -0.039389 -0.405056
0 -0.255570 -0.411430 0.209064 -0.139680 0.051641 0.249296 0.386898 0.050136 0.194367 -0.263591 0.266066 0.417750 -0.442516 0.034197 0.339151 -0.426368 -0.005814 -0.408174
5 -0.199885 -0.380011 0.136679 -0.080320 0.074284 0.152067 0.383386 0.080681 0.215026 -0.248409 0.221732 0.372368 -0.378914 -0.035744 0.311260 -0.448723 -0.028332 -0.418839
6 -0.208943 -0.390712 0.188711 -0.080431 0.067697 0.212206 0.404187 0.108545 0.198499 -0.255228 0.224794 0.372596 -0.414307 -0.049937 0.337152 -0.442735 -0.024411 -0.427600
11 -0.298785 -0.419143 0.230360 -0.121051 0.101007 0.246219 0.354075 0.034372 0.211186 -0.299057 0.266314 0.428469 -0.485353 0.118477 0.322691 -0.380785 -0.040712 -0.364283
1 -0.261611 -0.417216 0.205554 -0.124789 0.085351 0.186071 0.367240 0.079216 0.235715 -0.258540 0.211743 0.391775 -0.400535 0.021886 0.289121 -0.404991 -0.011963 -0.387633
16 -0.229166 -0.347590 0.197958 -0.102832 0.054192 0.202951 0.386733 0.064131 0.178904 -0.237671 0.203180 0.390161 -0.415046 0.029315 0.314574 -0.422003 -0.039581 -0.415182
3 -0.288197 -0.375318 0.253782 -0.111672 0.071133 0.205989 0.422815 0.072899 0.134178 -0.268514 0.265987 0.399707 -0.462800 -0.016028 0.278751 -0.466838 0.011421 -0.440561
8 -0.248850 -0.409161 0.235687 -0.103055 0.051945 0.204004 0.413960 0.104834 0.179103 -0.249074 0.231782 0.407444 -0.441971 -0.019285 0.335163 -0.490571 -0.004605 -0.444215
14 -0.280573 -0.429360 0.233483 -0.153908 0.103689 0.281689 0.383148 -0.001452 0.204586 -0.265963 0.241959 0.446165 -0.487216 0.099508 0.308153 -0.356476 -0.020280 -0.373008
13 -0.242917 -0.388458 0.228914 -0.140039 0.069987 0.211390 0.387263 0.037997 0.187491 -0.246533 0.231444 0.385017 -0.421029 0.011021 0.306571 -0.414597 -0.049296 -0.404286
15 -0.274052 -0.391971 0.226059 -0.139266 0.086800 0.254035 0.378040 0.011801 0.184894 -0.269164 0.254083 0.390100 -0.432835 0.070216 0.300419 -0.384439 -0.044586 -0.381952
12 -0.290341 -0.403223 0.220016 -0.141260 0.065699 0.223579 0.354395 0.007991 0.164228 -0.245770 0.277387 0.430044 -0.450367 0.083757 0.286974 -0.358767 -0.047762 -0.361401
7 -0.205019 -0.396955 0.169065 -0.107058 0.044569 0.216305 0.405348 0.107463 0.235841 -0.267120 0.217606 0.393223 -0.399746 -0.057003 0.341737 -0.444065 -0.014630 -0.428041
4 -0.252816 -0.361365 0.225138 -0.099224 0.084584 0.180172 0.377264 0.125593 0.178275 -0.282270 0.267856 0.411793 -0.408546 -0.031537 0.307273 -0.476268 -0.013100 -0.455600
17 -0.245295 -0.390794 0.212990 -0.084993 0.027241 0.187470 0.412547 0.098040 0.212222 -0.226811 0.242846 0.430930 -0.407353 0.018544 0.301905 -0.417428 -0.020375 -0.450727
9 -0.219133 -0.370269 0.149833 -0.106060 0.065700 0.195750 0.366681 0.094914 0.222581 -0.248636 0.218253 0.387560 -0.376556 -0.047410 0.294282 -0.411910 -0.036721 -0.366084
