18 18
0 -0.444656 -0.596089 0.390350 -0.446706 -0.076786 0.090934 -0.046198 0.059477 0.289078 0.012460 0.149435 0.381018 -0.061758 -0.182055 0.357017 -0.256343 0.039014 -0.430455
4 -0.426356 -0.537303 0.399634 -0.403427 -0.012754 0.044323 -0.069766 0.143811 0.240137 -0.040738 0.187134 0.410767 -0.029305 -0.268413 0.339439 -0.297943 0.014649 -0.496266
1 -0.435364 -0.556908 0.394193 -0.404440 -0.025832 0.026602 -0.045732 0.099831 0.277170 0.006615 0.105306 0.345694 -0.033002 -0.210461 0.279101 -0.241025 0.031499 -0.420207
10 -0.441422 -0.579698 0.375265 -0.420697 -0.015283 0.088044 -0.041833 0.088274 0.353545 -0.032953 0.136170 0.416114 -0.084266 -0.182954 0.326088 -0.226593 0.007255 -0.425352
2 -0.421208 -0.589088 0.411271 -0.436724 -0.045023 0.073992 -0.024998 0.121737 0.228206 -0.016306 0.154686 0.430495 -0.031652 -0.272424 0.352697 -0.317328 -0.000675 -0.487406
13 -0.402889 -0.543822 0.376886 -0.418935 -0.040813 0.050472 -0.041761 0.061939 0.304927 0.017567 0.092005 0.351893 -0.048072 -0.208845 0.323202 -0.233666 -0.019899 -0.424590
7 -0.379716 -0.530065 0.338898 -0.391485 -0.059617 0.078635 -0.031721 0.086316 0.286628 -0.004875 0.116915 0.370800 -0.047792 -0.220195 0.326804 -0.231031 0.012820 -0.420999
15 -0.448256 -0.566230 0.401827 -0.422468 -0.056272 0.093382 -0.016917 0.031351 0.265337 0.023136 0.117985 0.347705 -0.051901 -0.154202 0.302562 -0.223666 0.007952 -0.411924
11 -0.431076 -0.544500 0.349443 -0.372578 -0.021811 0.042517 -0.074634 0.092070 0.336754 -0.023493 0.097724 0.363902 -0.075602 -0.139725 0.326033 -0.228624 -0.008386 -0.383026
12 -0.436434 -0.561148 0.367240 -0.416188 -0.053647 0.049515 -0.065909 0.059933 0.275159 0.013761 0.145878 0.397087 -0.061781 -0.178781 0.322312 -0.220472 -0.016549 -0.407601
9 -0.443713 -0.567656 0.366110 -0.422496 -0.045725 0.064529 -0.041628 0.088689 0.308995 0.002350 0.137446 0.405104 -0.059838 -0.223887 0.317779 -0.253147 -0.002364 -0.417685
3 -0.443576 -0.553681 0.421346 -0.404379 -0.029220 0.054961 -0.026800 0.110956 0.203264 -0.019851 0.165429 0.371115 -0.067324 -0.284501 0.327994 -0.302394 0.031012 -0.492591
17 -0.430422 -0.566325 0.382040 -0.386626 -0.084563 0.050800 -0.014555 0.069273 0.309820 0.042780 0.125512 0.385867 -0.045931 -0.145798 0.295931 -0.206589 0.016266 -0.431067
8 -0.428293 -0.586578 0.395926 -0.402582 -0.058375 0.073730 -0.031185 0.086056 0.290258 0.018773 0.117341 0.380629 -0.081116 -0.191877 0.341927 -0.258170 0.030832 -0.425664
6 -0.426231 -0.579513 0.398805 -0.395483 -0.039255 0.073652 -0.029530 0.105739 0.263033 0.003889 0.147223 0.385324 -0.059249 -0.231847 0.344602 -0.259648 0.001580 -0.464512
14 -0.446953 -0.583686 0.416657 -0.434459 -0.035395 0.072485 -0.053955 0.073385 0.265898 0.023478 0.105073 0.396701 -0.066160 -0.203610 0.324020 -0.237088 0.028023 -0.444536
5 -0.404121 -0.550121 0.339699 -0.387072 -0.021427 0.052943 -0.011727 0.048781 0.268103 -0.014708 0.153404 0.372102 -0.074374 -0.187088 0.316025 -0.258230 -0.001563 -0.436201
16 -0.427116 -0.545218 0.388540 -0.400518 -0.050763 0.059797 -0.020695 0.071361 0.273500 0.015276 0.101968 0.376631 -0.068563 -0.170866 0.330147 -0.250037 -0.010805 -0.444195
