18 18
1 -0.208749 -0.644247 0.325721 -0.295460 0.018404 -0.094816 0.237257 -0.009873 0.409078 0.189953 0.000952 0.431973 -0.237121 -0.142570 0.305011 -0.323084 -0.019919 -0.487366
10 -0.172964 -0.592226 0.264922 -0.263049 0.031969 -0.037441 0.240238 -0.048445 0.402656 0.150391 0.047260 0.450523 -0.269371 -0.092046 0.318254 -0.282940 -0.041734 -0.446255
14 -0.164328 -0.581967 0.345856 -0.294914 0.046237 -0.015195 0.182754 -0.062278 0.299544 0.191675 -0.084526 0.332134 -0.238403 -0.119676 0.318304 -0.268497 -0.023919 -0.379148
4 -0.186184 -0.551466 0.283349 -0.262110 0.050334 -0.108845 0.185891 -0.033742 0.341506 0.153071 0.086790 0.452017 -0.246230 -0.122770 0.344564 -0.333629 -0.069297 -0.506281
2 -0.169925 -0.608448 0.281931 -0.293691 0.015062 -0.079641 0.237293 -0.043273 0.340662 0.173833 0.049807 0.478111 -0.261369 -0.138694 0.352683 -0.347704 -0.077682 -0.490443
9 -0.197065 -0.661891 0.296192 -0.307454 -0.014800 -0.048180 0.245770 0.003309 0.461253 0.207987 0.003849 0.488282 -0.245511 -0.168002 0.333423 -0.319509 -0.043927 -0.458680
11 -0.167577 -0.514778 0.259275 -0.221244 0.052240 -0.061142 0.164003 -0.037963 0.308619 0.113747 0.006780 0.340046 -0.236731 -0.073655 0.323423 -0.288848 -0.064817 -0.393472
0 -0.179402 -0.592876 0.286664 -0.291043 -0.011494 -0.041182 0.204683 -0.039708 0.348585 0.180710 0.034641 0.412671 -0.237281 -0.120182 0.341340 -0.304364 -0.023781 -0.446204
13 -0.145452 -0.582307 0.316364 -0.295902 0.019346 -0.043341 0.219011 -0.066005 0.360276 0.197253 -0.040597 0.356388 -0.227468 -0.141980 0.336241 -0.294941 -0.066109 -0.425118
16 -0.213635 -0.660377 0.319443 -0.305513 0.009267 -0.086101 0.267468 -0.056150 0.425506 0.201898 0.037491 0.522593 -0.303422 -0.104098 0.407187 -0.368011 -0.090824 -0.564726
6 -0.155284 -0.567460 0.290256 -0.240260 0.025607 -0.044223 0.218444 -0.023401 0.332357 0.173130 0.011097 0.380804 -0.240672 -0.134578 0.328749 -0.293995 -0.053592 -0.447254
17 -0.203138 -0.648369 0.295329 -0.272689 -0.028675 -0.087643 0.260424 -0.012907 0.454276 0.208635 0.061806 0.524558 -0.252535 -0.107168 0.335733 -0.303329 -0.047075 -0.530581
12 -0.196563 -0.561103 0.256213 -0.270256 0.008589 -0.079915 0.181957 -0.074819 0.321096 0.177672 0.083146 0.448362 -0.243006 -0.089882 0.319138 -0.274763 -0.087612 -0.446073
5 -0.173876 -0.601377 0.237745 -0.262586 0.045983 -0.084355 0.244684 -0.076736 0.395201 0.147563 0.072406 0.467437 -0.277450 -0.102472 0.350885 -0.331937 -0.078509 -0.503850
3 -0.199893 -0.567679 0.298003 -0.262148 0.040208 -0.081649 0.230001 -0.058166 0.320270 0.156812 0.060035 0.410281 -0.282394 -0.140228 0.318283 -0.327791 -0.043687 -0.490092
8 -0.169757 -0.652143 0.334907 -0.290562 -0.002712 -0.029988 0.238658 -0.034926 0.381635 0.217204 -0.029478 0.415508 -0.265571 -0.136378 0.364122 -0.324641 -0.030388 -0.444620
7 -0.142579 -0.550023 0.233234 -0.259237 0.000217 -0.045521 0.213257 -0.040117 0.364894 0.148248 0.020924 0.415538 -0.240979 -0.127742 0.345407 -0.290959 -0.048477 -0.448299
15 -0.176554 -0.549885 0.297313 -0.272486 0.038315 -0.013210 0.202487 -0.072386 0.321319 0.145250 -0.002369 0.344782 -0.223568 -0.094072 0.324419 -0.287725 -0.066762 -0.406706
