18 18
1 -0.252096 -0.507905 0.168212 -0.364263 0.008839 -0.020221 0.181659 0.198308 0.648884 -0.006200 0.024423 0.412051 0.004215 -0.405341 0.262913 -0.377841 -0.079789 -0.452958
12 -0.224618 -0.473642 0.131824 -0.339837 -0.031035 0.006481 0.162603 0.118192 0.588302 0.030817 0.065592 0.426928 -0.027474 -0.347841 0.286502 -0.301682 -0.132743 -0.419360
13 -0.194985 -0.473190 0.140005 -0.352369 -0.005697 0.004371 0.206769 0.144995 0.665605 0.025433 0.013022 0.401463 -0.001929 -0.394180 0.293468 -0.340691 -0.131307 -0.450919
6 -0.209353 -0.493519 0.141959 -0.314123 0.017447 0.037285 0.215722 0.177810 0.667399 0.010966 0.030260 0.422633 -0.031424 -0.387634 0.312906 -0.340236 -0.132927 -0.461422
2 -0.179475 -0.440228 0.116582 -0.342513 -0.011719 0.001579 0.176627 0.214684 0.558889 -0.051154 0.034870 0.405976 0.011908 -0.430291 0.244707 -0.390670 -0.076124 -0.392426
8 -0.212120 -0.497578 0.151156 -0.317589 -0.032647 0.004940 0.187226 0.197834 0.609757 0.012883 0.017896 0.396194 -0.023537 -0.362300 0.291051 -0.363566 -0.071393 -0.418691
11 -0.233514 -0.479429 0.137750 -0.327667 -0.002116 -0.015138 0.152695 0.210180 0.608904 -0.044661 0.033016 0.401311 -0.016089 -0.366444 0.282577 -0.376298 -0.084518 -0.408665
14 -0.200666 -0.439137 0.146903 -0.327090 0.027324 0.023492 0.154816 0.148428 0.578432 0.010378 -0.002931 0.384935 -0.019449 -0.359611 0.259395 -0.313467 -0.083362 -0.404917
16 -0.199944 -0.425661 0.128172 -0.299018 -0.018716 0.001069 0.190249 0.142920 0.580722 0.015636 0.018320 0.386767 -0.024347 -0.307370 0.278307 -0.321605 -0.119986 -0.431093
0 -0.230776 -0.510679 0.143106 -0.371406 -0.033998 0.026465 0.179476 0.168126 0.651593 0.010329 0.059044 0.423716 -0.004736 -0.378712 0.312584 -0.355447 -0.082012 -0.449951
5 -0.219356 -0.518026 0.114293 -0.340509 0.021794 -0.000484 0.222337 0.141331 0.673878 -0.011290 0.040533 0.429973 -0.037949 -0.347101 0.301174 -0.364688 -0.120301 -0.455686
10 -0.199211 -0.473097 0.113867 -0.326300 0.025421 0.048639 0.197883 0.169078 0.665716 -0.026837 0.025286 0.415449 -0.028331 -0.345359 0.262291 -0.317076 -0.089845 -0.391952
4 -0.218656 -0.444030 0.137163 -0.330449 0.002326 -0.024107 0.153726 0.231899 0.618144 -0.044862 0.074518 0.429431 0.010746 -0.434771 0.276448 -0.393740 -0.077469 -0.472813
9 -0.204376 -0.432629 0.094864 -0.317632 0.006990 0.008273 0.178524 0.167746 0.622231 -0.009270 0.035948 0.403127 -0.008558 -0.373919 0.246840 -0.321272 -0.106717 -0.374096
17 -0.219417 -0.484421 0.141207 -0.306086 -0.048853 -0.012949 0.193797 0.183139 0.650134 0.032853 0.053638 0.441126 -0.002182 -0.341366 0.272748 -0.316085 -0.100986 -0.469413
7 -0.178120 -0.435032 0.096823 -0.325351 -0.031705 0.019733 0.173664 0.191248 0.616806 -0.027567 0.029832 0.399331 0.002908 -0.409478 0.276954 -0.339210 -0.071794 -0.413745
3 -0.226211 -0.430321 0.153471 -0.324363 -0.008143 -0.008071 0.180057 0.191538 0.564994 -0.036794 0.063645 0.393355 -0.030377 -0.448830 0.262117 -0.396223 -0.056978 -0.469647
15 -0.207174 -0.419745 0.138032 -0.309037 0.019711 0.042938 0.181376 0.112664 0.553814 -0.006167 0.032690 0.357226 -0.017751 -0.323557 0.264043 -0.310006 -0.120258 -0.399583
