18 18
8 -0.198335 -0.620923 0.320195 -0.341725 -0.192372 0.114455 0.192950 -0.041848 -0.041515 0.163795 0.079112 0.400325 -0.108028 -0.123031 0.370199 -0.323003 -0.126618 -0.349845
0 -0.230963 -0.646822 0.324489 -0.384577 -0.217821 0.083291 0.146585 -0.024616 -0.031147 0.145367 0.169398 0.423810 -0.064445 -0.130634 0.356830 -0.315600 -0.096580 -0.369650
2 -0.201691 -0.642873 0.325691 -0.367769 -0.199768 0.081674 0.187483 -0.005310 -0.062104 0.141364 0.132318 0.444166 -0.065392 -0.155182 0.338393 -0.336057 -0.143489 -0.360970
7 -0.184069 -0.625873 0.290502 -0.364464 -0.208688 0.127504 0.210381 -0.034252 -0.013262 0.146210 0.080488 0.449562 -0.103170 -0.172708 0.388411 -0.321685 -0.142058 -0.388391
5 -0.197298 -0.636628 0.275980 -0.342045 -0.159478 0.085254 0.215676 -0.055297 -0.005982 0.120868 0.127340 0.440700 -0.120263 -0.123347 0.363721 -0.339249 -0.150829 -0.381906
17 -0.214106 -0.612113 0.316807 -0.321893 -0.212888 0.041791 0.175150 0.007493 -0.003685 0.156739 0.152659 0.437926 -0.053826 -0.116530 0.303291 -0.279185 -0.116925 -0.381096
4 -0.221861 -0.604816 0.333248 -0.345033 -0.174971 0.063484 0.152555 -0.001068 -0.041248 0.133012 0.170452 0.431566 -0.060658 -0.145943 0.345063 -0.323944 -0.140454 -0.402354
12 -0.242070 -0.631251 0.324526 -0.374361 -0.200828 0.077837 0.148354 -0.059849 -0.063613 0.158877 0.163601 0.425043 -0.084321 -0.118632 0.340871 -0.287632 -0.149162 -0.351891
3 -0.236745 -0.626248 0.347574 -0.351221 -0.180898 0.090569 0.206375 -0.038073 -0.069520 0.136512 0.148276 0.406935 -0.121316 -0.166285 0.347216 -0.342150 -0.117848 -0.403588
13 -0.202293 -0.622721 0.335095 -0.383989 -0.201204 0.072732 0.173028 -0.042656 -0.034788 0.163586 0.122364 0.409629 -0.056248 -0.155921 0.354232 -0.316916 -0.164452 -0.382799
6 -0.200975 -0.601652 0.319119 -0.316335 -0.181063 0.094956 0.187086 -0.018071 -0.045717 0.145561 0.134251 0.393602 -0.088569 -0.139965 0.352074 -0.302621 -0.142387 -0.379877
15 -0.236313 -0.608382 0.338153 -0.371485 -0.178148 0.124279 0.182523 -0.066616 -0.057504 0.136492 0.136363 0.399850 -0.077214 -0.124959 0.358276 -0.313342 -0.162594 -0.382782
1 -0.235383 -0.643641 0.335647 -0.363159 -0.175512 0.036032 0.161707 0.017449 0.001951 0.135996 0.123453 0.415475 -0.046035 -0.143834 0.302222 -0.321448 -0.098676 -0.365158
16 -0.203339 -0.578522 0.309891 -0.348105 -0.183585 0.108069 0.198944 -0.054195 -0.050250 0.146999 0.074763 0.417080 -0.106712 -0.108966 0.369898 -0.321094 -0.171010 -0.378735
11 -0.233854 -0.634271 0.326756 -0.339220 -0.168024 0.061148 0.143655 0.010178 -0.010461 0.116261 0.122593 0.416129 -0.084238 -0.117225 0.351875 -0.328305 -0.128041 -0.358824
14 -0.212743 -0.638070 0.331119 -0.383216 -0.166641 0.125047 0.180291 -0.059245 -0.052622 0.165539 0.042535 0.440502 -0.116567 -0.137147 0.371124 -0.313761 -0.135988 -0.359627
9 -0.221278 -0.643371 0.300107 -0.382327 -0.190432 0.112674 0.197906 -0.033170 -0.009576 0.150460 0.097939 0.472487 -0.101964 -0.165465 0.376879 -0.343582 -0.171523 -0.368436
10 -0.217951 -0.657771 0.319450 -0.371433 -0.187472 0.107101 0.203710 -0.027630 -0.006693 0.128334 0.166219 0.464284 -0.098297 -0.125782 0.347666 -0.312062 -0.129944 -0.373226
