18 18
16 -0.071946 -0.182306 -0.151314 -0.154141 -0.104744 0.215879 0.246860 0.004606 0.610185 -0.126049 0.336615 0.643141 -0.105053 0.055912 0.403351 -0.143767 -0.291316 -0.456369
15 -0.110434 -0.223136 -0.141427 -0.164991 -0.070168 0.224608 0.231181 -0.018366 0.588825 -0.138513 0.367014 0.608818 -0.086416 0.031750 0.366544 -0.133208 -0.280148 -0.424715
9 -0.090227 -0.232402 -0.186954 -0.117045 -0.069405 0.203436 0.219072 0.068410 0.606726 -0.143269 0.371255 0.636820 -0.094429 -0.039484 0.371967 -0.152821 -0.313068 -0.404598
17 -0.066094 -0.199374 -0.144082 -0.096868 -0.097980 0.177718 0.231991 0.054283 0.572774 -0.102764 0.338417 0.597847 -0.066670 0.014607 0.321695 -0.101661 -0.257914 -0.408657
5 -0.072455 -0.246610 -0.178134 -0.078518 -0.030626 0.153108 0.236849 0.042481 0.553222 -0.150601 0.369898 0.595417 -0.105851 -0.005173 0.364506 -0.171901 -0.311684 -0.432393
6 -0.073834 -0.281832 -0.132942 -0.008853 -0.010756 0.176931 0.242436 0.151011 0.497063 -0.169096 0.398619 0.597275 -0.108577 -0.051821 0.391543 -0.198333 -0.384726 -0.433797
8 -0.071339 -0.238251 -0.137177 -0.113873 -0.091370 0.207587 0.239539 0.043573 0.567248 -0.117256 0.330148 0.599746 -0.107054 0.011487 0.384854 -0.161382 -0.267225 -0.411986
12 -0.105267 -0.249314 -0.156838 -0.098958 -0.062717 0.156479 0.193104 0.042274 0.521221 -0.128173 0.385011 0.609966 -0.103124 0.008519 0.359253 -0.136638 -0.331136 -0.387852
10 -0.065224 -0.209058 -0.179395 -0.130555 -0.070654 0.240955 0.250225 0.031235 0.625599 -0.167480 0.382901 0.652414 -0.110727 0.044099 0.369880 -0.116828 -0.277573 -0.398748
14 -0.096794 -0.235193 -0.119714 -0.140426 -0.047563 0.200616 0.192873 0.030572 0.529811 -0.119643 0.320531 0.597543 -0.095648 0.001556 0.349652 -0.127065 -0.265849 -0.396295
11 -0.116151 -0.245054 -0.146874 -0.093470 -0.035476 0.169208 0.190832 0.079084 0.573702 -0.170661 0.365115 0.609986 -0.107901 0.017020 0.381428 -0.174861 -0.319327 -0.402797
7 -0.038251 -0.212582 -0.187411 -0.116273 -0.097204 0.209192 0.233811 0.043974 0.592093 -0.141362 0.328210 0.587311 -0.083411 -0.022750 0.380627 -0.134752 -0.266658 -0.414989
13 -0.044293 -0.200665 -0.151732 -0.147795 -0.092118 0.209142 0.243550 0.011395 0.592325 -0.121335 0.339888 0.593731 -0.084133 -0.001607 0.379964 -0.137275 -0.293132 -0.418632
0 -0.072823 -0.207038 -0.151652 -0.134593 -0.092366 0.197392 0.198430 0.025828 0.534667 -0.129343 0.348716 0.562434 -0.085400 0.015401 0.365519 -0.141481 -0.241617 -0.383294
2 -0.063699 -0.267701 -0.141435 -0.075344 -0.037357 0.191396 0.245276 0.118316 0.499408 -0.164921 0.373197 0.629855 -0.082005 -0.043527 0.376554 -0.204467 -0.373474 -0.417178
4 -0.080455 -0.206173 -0.165907 -0.108342 -0.056709 0.179505 0.205350 0.071770 0.592824 -0.152044 0.394569 0.632827 -0.072765 -0.014469 0.369200 -0.154517 -0.294510 -0.449548
1 -0.027660 -0.027217 0.026180 -0.019122 0.012075 -0.026796 -0.004699 0.019366 0.022084 0.001540 -0.016522 -0.005216 0.015504 -0.011155 -0.013895 -0.016653 0.015775 -0.011908
3 -0.024675 0.005665 0.025365 0.004601 0.007865 -0.001883 0.014761 -0.000233 -0.026227 -0.010111 0.011993 -0.020661 -0.026950 -0.026588 -0.012274 -0.019090 0.026092 -0.020014
