18 18
4 -0.347584 -0.496177 0.382715 -0.255205 -0.141317 -0.026549 0.125659 0.256433 0.319905 0.098485 0.192221 0.304716 0.038307 -0.214531 0.378638 -0.496332 -0.031477 -0.540198
8 -0.277226 -0.450826 0.327874 -0.218087 -0.120736 -0.001953 0.143823 0.227392 0.286188 0.087366 0.092771 0.224121 -0.062601 -0.241187 0.350389 -0.487262 0.028315 -0.397976
10 -0.304753 -0.486382 0.341902 -0.248141 -0.115637 0.031290 0.184491 0.218137 0.352682 0.069100 0.145828 0.279833 -0.039625 -0.212108 0.349467 -0.463202 -0.004260 -0.461069
11 -0.354556 -0.501364 0.365016 -0.246662 -0.096553 -0.014229 0.111822 0.240691 0.330639 0.046430 0.130568 0.272831 -0.030307 -0.184038 0.407508 -0.512517 -0.048911 -0.482232
6 -0.322236 -0.476502 0.367788 -0.212177 -0.104238 0.014639 0.161181 0.234682 0.316681 0.071216 0.146642 0.250075 -0.009908 -0.198304 0.387738 -0.466995 -0.053212 -0.506302
1 -0.347862 -0.495705 0.375544 -0.271243 -0.146908 -0.032042 0.146997 0.214975 0.312338 0.115403 0.148769 0.251825 0.038939 -0.204163 0.338427 -0.467340 -0.017511 -0.484651
13 -0.297720 -0.476133 0.361688 -0.268922 -0.131403 -0.006850 0.164122 0.203157 0.324588 0.100592 0.111038 0.234907 -0.012622 -0.249975 0.373482 -0.498476 -0.035231 -0.471964
3 -0.321165 -0.437787 0.343843 -0.230101 -0.109581 0.002914 0.167272 0.216565 0.273695 0.054155 0.141452 0.220235 -0.056119 -0.260297 0.330839 -0.510807 0.026458 -0.455402
15 -0.369657 -0.512615 0.389901 -0.281912 -0.143291 0.020000 0.151821 0.175397 0.293967 0.101035 0.179465 0.273540 0.028826 -0.161768 0.378138 -0.458386 -0.066683 -0.507564
0 -0.341033 -0.518297 0.361127 -0.305184 -0.196089 0.000169 0.118772 0.180091 0.269642 0.131841 0.191204 0.284039 0.036946 -0.176972 0.373057 -0.448016 -0.019661 -0.460412
17 -0.352633 -0.532772 0.378951 -0.269694 -0.221292 -0.027843 0.157643 0.198933 0.307755 0.167582 0.201973 0.328870 0.067927 -0.145241 0.338868 -0.403774 -0.052531 -0.514452
7 -0.304847 -0.474739 0.335905 -0.251239 -0.143303 0.015894 0.150229 0.223189 0.340428 0.077966 0.135875 0.273040 0.010709 -0.215389 0.392358 -0.466063 -0.041914 -0.502619
14 -0.311808 -0.482383 0.351536 -0.269134 -0.116466 0.003594 0.111636 0.190466 0.272266 0.101372 0.108552 0.280173 -0.015888 -0.193010 0.346482 -0.435442 -0.018355 -0.439095
16 -0.333487 -0.465425 0.369805 -0.239153 -0.123467 -0.003074 0.159671 0.209696 0.320696 0.085102 0.131192 0.273028 -0.000420 -0.157501 0.397639 -0.477180 -0.076463 -0.531640
2 -0.327778 -0.517884 0.360318 -0.287738 -0.193540 -0.010901 0.154314 0.210130 0.259314 0.127534 0.187249 0.305715 0.059871 -0.197347 0.347112 -0.468768 -0.054084 -0.464059
12 -0.347430 -0.506239 0.346463 -0.278609 -0.187851 -0.027050 0.109247 0.164226 0.256015 0.146445 0.199031 0.311213 0.036256 -0.151866 0.333133 -0.389651 -0.064703 -0.447609
9 -0.330791 -0.477234 0.326988 -0.259747 -0.134688 -0.004019 0.146335 0.241628 0.336640 0.081154 0.156602 0.286390 -0.014676 -0.260196 0.360800 -0.512229 -0.019407 -0.451849
5 -0.331172 -0.521187 0.336014 -0.262668 -0.118388 -0.013643 0.162194 0.193709 0.335715 0.076610 0.172670 0.300825 -0.014439 -0.192120 0.393848 -0.502208 -0.053676 -0.509787
