18 18
1 -0.343760 -0.626416 0.253860 -0.337908 -0.132083 -0.072196 0.223003 0.179971 0.298229 0.009870 0.106902 0.385179 -0.027478 -0.129061 0.196745 -0.472294 0.025290 -0.334111
0 -0.308970 -0.607777 0.217519 -0.337820 -0.155602 -0.021268 0.218838 0.145439 0.286695 -0.006043 0.161418 0.409875 -0.037589 -0.104578 0.248819 -0.462949 0.009882 -0.342003
5 -0.313149 -0.588626 0.192924 -0.342872 -0.042427 -0.012532 0.205786 0.004727 0.309030 -0.048634 0.204832 0.436573 -0.128821 -0.073707 0.302093 -0.416716 -0.105898 -0.404681
4 -0.348504 -0.587466 0.253909 -0.322443 -0.075061 -0.032230 0.226731 0.155821 0.329558 -0.071420 0.228160 0.443343 -0.057835 -0.110661 0.267393 -0.480599 -0.052616 -0.442556
11 -0.301947 -0.539154 0.201417 -0.303919 -0.066254 -0.028954 0.141094 0.048424 0.276647 -0.026542 0.145590 0.386761 -0.095617 -0.044963 0.274303 -0.367973 -0.093015 -0.330242
10 -0.320475 -0.575705 0.228521 -0.314624 -0.078700 0.007645 0.236235 0.105780 0.326237 -0.056130 0.199726 0.435162 -0.086853 -0.074060 0.253868 -0.407850 -0.064165 -0.377605
15 -0.349852 -0.584859 0.245246 -0.327484 -0.076607 0.001771 0.234024 0.077542 0.290924 -0.050295 0.194261 0.399238 -0.076630 -0.079005 0.256545 -0.426465 -0.076546 -0.390237
2 -0.303288 -0.620390 0.223082 -0.333844 -0.139643 -0.032821 0.256711 0.167688 0.284762 -0.020958 0.151299 0.447051 -0.038981 -0.124294 0.239350 -0.488625 -0.036752 -0.349923
13 -0.308320 -0.588150 0.241195 -0.390642 -0.078162 -0.013059 0.181145 -0.025625 0.287987 0.008745 0.175720 0.433248 -0.103414 -0.096822 0.319910 -0.391593 -0.150138 -0.408543
12 -0.343046 -0.606715 0.227118 -0.379856 -0.093480 -0.017235 0.164095 -0.006323 0.258654 0.008950 0.199963 0.453252 -0.114041 -0.075993 0.293192 -0.379046 -0.116264 -0.365961
7 -0.286070 -0.577590 0.200936 -0.321718 -0.137194 -0.014954 0.227971 0.128229 0.310445 -0.014555 0.134570 0.403800 -0.053293 -0.127699 0.255273 -0.431278 -0.026059 -0.357144
17 -0.307129 -0.560576 0.222252 -0.286440 -0.124314 -0.045821 0.218275 0.106436 0.298213 0.005419 0.181134 0.422420 -0.049852 -0.067023 0.221858 -0.382817 -0.051674 -0.379906
3 -0.353569 -0.580148 0.266176 -0.318722 -0.095903 -0.026266 0.234961 0.112352 0.263358 -0.031308 0.185724 0.390414 -0.094227 -0.126331 0.236965 -0.450843 -0.017507 -0.399064
8 -0.284094 -0.583306 0.225534 -0.289535 -0.150730 -0.025349 0.239760 0.160949 0.264560 0.017413 0.109117 0.378394 -0.054612 -0.113031 0.224515 -0.447067 0.012310 -0.311228
9 -0.321365 -0.589180 0.202159 -0.326295 -0.123116 -0.033523 0.217255 0.140594 0.313596 -0.011424 0.153933 0.425321 -0.051905 -0.130438 0.228412 -0.437999 -0.046355 -0.323723
16 -0.291199 -0.555316 0.212830 -0.289921 -0.132982 -0.032195 0.248846 0.150722 0.294756 -0.012656 0.131196 0.415679 -0.052041 -0.074556 0.245419 -0.449715 -0.038810 -0.367650
6 -0.334316 -0.603101 0.257747 -0.307653 -0.073099 0.001044 0.243700 0.116278 0.303530 -0.048174 0.216488 0.424705 -0.089869 -0.111317 0.285767 -0.428134 -0.086515 -0.425678
14 -0.321751 -0.588431 0.248607 -0.369819 -0.060541 0.001021 0.155674 0.003732 0.267007 0.005828 0.155337 0.446238 -0.108670 -0.069222 0.293184 -0.357866 -0.100903 -0.377855
