18 18
14 0.088097 -0.473820 0.213152 -0.260497 -0.204278 0.130983 0.318369 0.208493 0.195658 0.133379 0.092392 0.437696 -0.035491 -0.440442 0.414741 -0.484137 -0.089940 -0.436137
5 0.098554 -0.445960 0.151157 -0.190254 -0.180602 0.077617 0.364757 0.173378 0.223490 0.103746 0.120858 0.396776 -0.068058 -0.400074 0.389451 -0.481064 -0.110973 -0.444712
4 0.082420 -0.407557 0.205191 -0.191431 -0.164144 0.076665 0.343238 0.240036 0.212486 0.083899 0.149419 0.390283 -0.013100 -0.428353 0.358458 -0.492472 -0.095854 -0.471793
7 0.119510 -0.432174 0.147889 -0.241800 -0.218022 0.141306 0.335140 0.228811 0.242900 0.094553 0.096057 0.411709 -0.007802 -0.467942 0.397292 -0.466373 -0.097552 -0.390784
8 0.089132 -0.443013 0.209399 -0.194646 -0.227543 0.102982 0.350863 0.190921 0.178520 0.152200 0.081487 0.371549 -0.060639 -0.394332 0.401312 -0.474789 -0.084087 -0.435837
3 0.020626 -0.393853 0.281397 -0.126210 -0.159349 0.035586 0.430535 0.192375 0.136610 0.125557 0.091803 0.281019 -0.106955 -0.445302 0.293391 -0.502434 -0.036533 -0.517707
6 0.068871 -0.443088 0.242225 -0.200594 -0.186687 0.114751 0.384348 0.235969 0.196585 0.116978 0.106403 0.372823 -0.024965 -0.440829 0.370550 -0.490673 -0.109333 -0.464455
2 0.061340 -0.441323 0.252399 -0.251342 -0.188677 0.114494 0.405386 0.258488 0.178351 0.099168 0.087920 0.397726 0.027525 -0.470315 0.327427 -0.533791 -0.122229 -0.430399
15 0.020784 -0.452633 0.258427 -0.281316 -0.166754 0.144042 0.387800 0.217714 0.218365 0.078424 0.120078 0.395799 0.026897 -0.449619 0.351228 -0.521048 -0.135815 -0.448680
16 0.061633 -0.403804 0.244879 -0.165024 -0.209239 0.059735 0.411496 0.176998 0.161459 0.152882 0.061200 0.349108 -0.091616 -0.399644 0.371235 -0.505379 -0.095112 -0.523705
13 0.111061 -0.408256 0.205463 -0.209470 -0.202902 0.084746 0.369203 0.184310 0.194704 0.136693 0.077965 0.344210 -0.033458 -0.440863 0.370593 -0.477700 -0.108101 -0.454040
12 0.057404 -0.466408 0.201452 -0.242097 -0.226386 0.095855 0.315631 0.185605 0.184270 0.142872 0.125560 0.426181 -0.037650 -0.405516 0.390733 -0.450609 -0.122315 -0.417349
9 0.052994 -0.437991 0.189931 -0.262797 -0.179871 0.124149 0.357585 0.249753 0.252427 0.085560 0.110655 0.427646 0.014214 -0.482970 0.342079 -0.505763 -0.118503 -0.395926
0 0.084330 -0.438837 0.198101 -0.236594 -0.224543 0.118749 0.331757 0.199777 0.188468 0.120188 0.126260 0.387492 -0.026052 -0.422035 0.398499 -0.483842 -0.072880 -0.446765
17 0.047445 -0.412186 0.251981 -0.126640 -0.216120 0.029336 0.413917 0.194039 0.182186 0.171013 0.084081 0.345379 -0.071522 -0.390241 0.316540 -0.456412 -0.069514 -0.523388
10 0.092091 -0.452888 0.176255 -0.243825 -0.188924 0.151255 0.359660 0.218366 0.246846 0.083381 0.130671 0.435539 -0.027136 -0.422962 0.375671 -0.464754 -0.096877 -0.402882
1 0.015160 -0.430599 0.250772 -0.257494 -0.144617 0.087246 0.349202 0.244821 0.222456 0.079126 0.077349 0.357670 0.042913 -0.429104 0.289463 -0.488629 -0.094551 -0.409398
11 0.058962 -0.450847 0.196809 -0.220953 -0.186339 0.101672 0.302876 0.229466 0.223167 0.091735 0.092176 0.400372 -0.035201 -0.394022 0.401133 -0.474355 -0.116165 -0.399833
