18 18
6 -0.624450 -0.937837 0.405447 -0.611139 0.099621 0.268803 0.160186 -0.560006 0.065232 0.236093 0.288383 0.613520 -0.542585 -0.121811 0.484177 -0.070154 -0.411884 -0.427786
5 -0.599403 -0.899538 0.370465 -0.592176 0.118222 0.240471 0.177264 -0.542578 0.062507 0.162484 0.282814 0.573389 -0.534353 -0.139001 0.457286 -0.126404 -0.368125 -0.428308
14 -0.554743 -0.784603 0.386422 -0.579255 0.064650 0.232659 0.115551 -0.463549 -0.017387 0.176728 0.215892 0.502332 -0.498914 -0.214456 0.400693 -0.120654 -0.254955 -0.362417
1 -0.632365 -0.898817 0.416763 -0.617422 0.112686 0.187655 0.130464 -0.480683 0.070507 0.186614 0.233021 0.561706 -0.475900 -0.140362 0.416067 -0.130913 -0.345161 -0.406130
16 -0.567445 -0.798538 0.362237 -0.578843 0.062698 0.217194 0.133667 -0.489999 0.033119 0.191292 0.231846 0.552820 -0.485021 -0.121510 0.426980 -0.113867 -0.345353 -0.382615
9 -0.606297 -0.850263 0.341539 -0.620023 0.077363 0.237744 0.124403 -0.510390 0.070346 0.195878 0.282808 0.594769 -0.503082 -0.179976 0.413529 -0.102048 -0.344640 -0.351789
13 -0.590735 -0.893870 0.389347 -0.632991 0.093062 0.246392 0.163527 -0.562071 0.079984 0.216742 0.259355 0.565888 -0.503513 -0.156965 0.453385 -0.094411 -0.400427 -0.407453
11 -0.271635 -0.662013 0.581696 -0.017500 0.246389 0.145163 0.309556 1.241103 -0.563467 -1.224519 -0.116335 0.029063 -0.646416 -1.352212 0.750862 -1.913124 0.132974 -0.461739
3 -0.562398 0.154916 0.507804 -0.239228 -0.149223 0.646582 1.002190 -0.528917 -0.407742 -0.367444 0.483612 -0.780124 -1.142516 -1.879633 -0.049982 -0.403507 1.226205 -1.159194
2 -0.297362 -0.724905 0.617261 -0.091312 0.232206 0.190174 0.377329 1.182903 -0.611211 -1.200236 -0.087363 0.068422 -0.686229 -1.441256 0.758508 -1.938028 0.124133 -0.504465
7 -0.536560 0.117005 0.488173 -0.270410 -0.178193 0.687000 1.014684 -0.503442 -0.374824 -0.398259 0.465145 -0.753601 -1.149199 -1.944056 0.013573 -0.439199 1.220708 -1.173686
8 -0.552062 -0.810173 0.365360 -0.559696 0.050180 0.233933 0.139558 -0.483006 0.032459 0.207982 0.234771 0.520282 -0.494660 -0.151979 0.415552 -0.104524 -0.292707 -0.354751
15 -0.579366 -0.816417 0.376442 -0.554422 0.111890 0.256162 0.174313 -0.496142 0.055673 0.136826 0.259019 0.488587 -0.469957 -0.138909 0.407771 -0.112470 -0.338619 -0.399246
12 -0.546356 -0.744763 0.350849 -0.535803 0.047902 0.210027 0.128566 -0.427644 -0.021039 0.133143 0.257347 0.471005 -0.480764 -0.229713 0.378213 -0.139582 -0.259275 -0.354955
10 -0.523798 -0.749650 0.322739 -0.509627 0.090919 0.246903 0.162461 -0.437723 0.050237 0.114605 0.260483 0.485367 -0.480819 -0.157894 0.368320 -0.099204 -0.264374 -0.345815
0 -0.568529 -0.808255 0.350704 -0.601946 0.046134 0.245736 0.127460 -0.507905 0.023111 0.179904 0.288287 0.519729 -0.484534 -0.174788 0.419890 -0.111724 -0.278884 -0.371373
17 -0.002915 -0.006397 0.005624 0.018021 -0.026928 -0.018564 0.015689 0.014203 0.025956 0.022864 0.010492 0.027524 0.013101 0.016295 -0.014503 0.021066 0.000664 -0.026546
4 -0.000863 0.026536 0.000487 0.011658 0.016931 -0.018308 -0.024615 0.027506 0.003913 -0.015616 0.024595 0.006644 0.019102 -0.007194 -0.007301 -0.006238 0.005807 -0.017039
