18 18
12 -0.232561 -0.544075 0.142233 -0.341206 0.065945 -0.137709 0.041272 0.172460 0.408394 -0.011710 0.167874 0.662513 -0.033868 -0.298482 0.230746 -0.248488 -0.139125 -0.480180
3 -0.253491 -0.540905 0.200205 -0.351226 0.080506 -0.120098 0.069366 0.183686 0.380682 -0.032091 0.149896 0.613645 -0.063899 -0.361626 0.232282 -0.304776 -0.068884 -0.516093
5 -0.176564 -0.504165 0.086837 -0.286290 0.083590 -0.100000 0.104034 0.155361 0.426363 -0.050685 0.162897 0.597952 -0.066062 -0.278166 0.242140 -0.280604 -0.113454 -0.467872
9 -0.159206 -0.453259 0.044369 -0.279917 0.070403 -0.091743 0.084310 0.228364 0.482457 -0.041652 0.136313 0.620426 -0.033199 -0.342835 0.211549 -0.256443 -0.119561 -0.408416
1 -0.183855 -0.448664 0.121819 -0.271688 0.072416 -0.113471 0.052756 0.198805 0.389698 -0.027341 0.096182 0.515658 -0.017318 -0.288716 0.182626 -0.238908 -0.066601 -0.400614
17 -0.207094 -0.531244 0.136434 -0.306946 0.050529 -0.130361 0.082172 0.220870 0.464089 -0.010221 0.150359 0.668271 -0.028855 -0.309215 0.224105 -0.253680 -0.102435 -0.505946
7 -0.176451 -0.502371 0.118959 -0.321395 0.054526 -0.094446 0.051543 0.171287 0.399307 -0.032497 0.126952 0.600039 -0.029071 -0.314658 0.238766 -0.240953 -0.096414 -0.455706
14 -0.238073 -0.535648 0.205102 -0.358702 0.093286 -0.116989 0.017979 0.143841 0.332559 -0.004601 0.113428 0.612355 -0.041994 -0.285837 0.221925 -0.250201 -0.080803 -0.477393
10 -0.173438 -0.482728 0.089755 -0.276433 0.077924 -0.077209 0.077979 0.179456 0.428281 -0.050120 0.151864 0.606543 -0.059877 -0.254946 0.207247 -0.212689 -0.096154 -0.406714
4 -0.215106 -0.510237 0.150405 -0.317530 0.094570 -0.143364 0.035471 0.221090 0.421892 -0.043119 0.165642 0.649525 -0.022954 -0.326971 0.232873 -0.285029 -0.101180 -0.511165
11 -0.231182 -0.503575 0.152593 -0.284284 0.090003 -0.136656 0.018552 0.179779 0.369370 -0.048817 0.134782 0.572989 -0.047419 -0.230509 0.221928 -0.253994 -0.110135 -0.438627
13 -0.180039 -0.516568 0.150412 -0.339958 0.069720 -0.117853 0.073434 0.166857 0.415802 -0.010542 0.127597 0.609828 -0.028042 -0.329150 0.241903 -0.268330 -0.127858 -0.496023
6 -0.178312 -0.509202 0.109287 -0.275490 0.076406 -0.093678 0.083098 0.227096 0.440371 -0.033715 0.148837 0.627693 -0.050777 -0.333082 0.245109 -0.255453 -0.112594 -0.474760
16 -0.191727 -0.477724 0.120831 -0.296819 0.062236 -0.106165 0.080326 0.188857 0.421252 -0.026059 0.115059 0.616933 -0.055061 -0.282299 0.245969 -0.272565 -0.123429 -0.462764
8 -0.229124 -0.574841 0.190834 -0.341621 0.056363 -0.103563 0.074541 0.190001 0.401286 -0.002487 0.127326 0.639498 -0.069564 -0.322336 0.270929 -0.310369 -0.078061 -0.494569
15 -0.197226 -0.490054 0.134081 -0.308894 0.076274 -0.070835 0.086577 0.145140 0.391699 -0.041714 0.147317 0.575458 -0.037671 -0.274078 0.232431 -0.255907 -0.126938 -0.462842
2 -0.167364 -0.484706 0.124359 -0.300059 0.067882 -0.113326 0.063848 0.188089 0.347537 -0.031906 0.124348 0.596122 -0.018369 -0.296432 0.207483 -0.268332 -0.116102 -0.427205
0 -0.180435 -0.478345 0.109065 -0.301340 0.046843 -0.069694 0.051047 0.169622 0.368988 -0.033535 0.155144 0.556994 -0.033577 -0.274847 0.233086 -0.245665 -0.072369 -0.414921
