18 18
11 -0.294107 -0.481979 0.151937 -0.006086 0.244339 -0.075693 0.045297 0.074372 0.173564 -0.245610 0.203905 0.362275 -0.354007 0.087174 0.409762 -0.427244 -0.337822 -0.299220
3 -0.265040 -0.422605 0.140425 0.110921 0.185283 -0.198963 0.141650 0.189002 0.138859 -0.218394 0.320536 0.323921 -0.309617 -0.038448 0.260997 -0.477792 -0.119424 -0.428389
10 -0.292355 -0.514282 0.139897 -0.002109 0.221569 -0.061217 0.103545 0.079569 0.200111 -0.234245 0.253821 0.402534 -0.362051 0.070443 0.385154 -0.414068 -0.298477 -0.322056
9 -0.301041 -0.513290 0.135803 0.017820 0.183001 -0.107529 0.128305 0.145313 0.231027 -0.199463 0.246251 0.405354 -0.344966 -0.009933 0.378589 -0.479025 -0.242454 -0.380786
1 -0.307356 -0.538682 0.168819 0.050985 0.143079 -0.191362 0.157875 0.215938 0.235439 -0.164469 0.263928 0.395434 -0.308848 -0.028097 0.330952 -0.501240 -0.138047 -0.458712
6 -0.279486 -0.503230 0.156690 0.024689 0.201210 -0.082990 0.102412 0.113126 0.177025 -0.207826 0.250479 0.386479 -0.352804 0.037101 0.408483 -0.437832 -0.296675 -0.371206
8 -0.268830 -0.513020 0.141301 0.111351 0.144288 -0.197970 0.178323 0.229065 0.201020 -0.182326 0.307739 0.375371 -0.324289 -0.040646 0.320600 -0.529489 -0.103658 -0.451429
17 -0.281876 -0.504347 0.157222 0.064116 0.137979 -0.155138 0.136829 0.173714 0.222497 -0.161901 0.274861 0.419284 -0.312052 0.024429 0.349954 -0.438790 -0.212613 -0.442352
14 -0.295150 -0.512590 0.187388 -0.057317 0.217607 -0.036997 0.055805 0.044420 0.159434 -0.183898 0.163860 0.382299 -0.352209 0.065084 0.411190 -0.393643 -0.310278 -0.311127
2 -0.256906 -0.507577 0.141218 0.049183 0.148264 -0.160657 0.142062 0.193353 0.169168 -0.190655 0.267553 0.394744 -0.300465 -0.023993 0.335631 -0.494212 -0.192432 -0.403470
5 -0.250041 -0.465678 0.079731 0.119419 0.206416 -0.230805 0.163678 0.189140 0.208895 -0.243266 0.345340 0.389695 -0.321872 -0.015201 0.296641 -0.512247 -0.162983 -0.456937
12 -0.328786 -0.563610 0.163226 -0.038222 0.181040 -0.091175 0.070935 0.064093 0.167799 -0.183891 0.242026 0.426874 -0.363689 0.069769 0.423855 -0.427191 -0.336214 -0.333280
15 -0.305357 -0.500156 0.170316 -0.062839 0.214853 -0.018393 0.077100 0.012786 0.163591 -0.204994 0.191741 0.357581 -0.335530 0.083960 0.409483 -0.393304 -0.350998 -0.295635
0 -0.282181 -0.510828 0.144823 0.031398 0.123216 -0.141836 0.129574 0.173981 0.205994 -0.175627 0.296640 0.390365 -0.313678 -0.012045 0.369577 -0.488438 -0.148189 -0.431667
4 -0.262926 -0.425344 0.120857 0.105925 0.193059 -0.224226 0.108806 0.224305 0.175589 -0.230703 0.354748 0.384260 -0.279009 -0.022600 0.288517 -0.488691 -0.155070 -0.441668
16 -0.344104 -0.582589 0.192210 0.004886 0.191273 -0.102784 0.155890 0.119692 0.227791 -0.201597 0.246456 0.455902 -0.404841 0.052262 0.468093 -0.523378 -0.309395 -0.464396
13 -0.288207 -0.536487 0.177103 -0.021547 0.200886 -0.105020 0.107130 0.086655 0.198750 -0.198255 0.231304 0.395833 -0.351490 0.023276 0.427065 -0.472145 -0.327629 -0.391042
7 -0.284248 -0.552510 0.147058 0.006074 0.143503 -0.099589 0.139274 0.151963 0.241198 -0.188732 0.232746 0.418120 -0.345335 -0.012794 0.419128 -0.477011 -0.232732 -0.414670
