18 18
7 -0.093113 -0.355852 -0.023571 -0.419769 -0.226457 0.139719 0.168888 0.167098 0.371142 -0.143775 0.166052 0.298089 -0.017946 -0.510593 0.411052 -0.476374 0.085387 -0.368153
16 -0.080391 -0.302085 0.007304 -0.344504 -0.219189 0.063576 0.214408 0.166169 0.278887 -0.112270 0.174320 0.292205 -0.030727 -0.450666 0.420945 -0.542622 0.028670 -0.479251
3 -0.073318 -0.246133 0.020035 -0.287003 -0.202999 0.018575 0.182139 0.172646 0.201102 -0.095773 0.195216 0.217708 -0.016716 -0.498415 0.343532 -0.511247 0.065091 -0.446673
0 -0.100358 -0.342808 0.004772 -0.389579 -0.228470 0.102014 0.180264 0.160092 0.284712 -0.125090 0.210879 0.286515 -0.018949 -0.463998 0.418665 -0.524762 0.078174 -0.426265
1 -0.116299 -0.334676 0.031116 -0.353987 -0.187299 0.052890 0.170125 0.191656 0.307084 -0.114053 0.159171 0.260155 -0.004775 -0.476058 0.372512 -0.505591 0.078323 -0.421335
5 -0.081657 -0.344104 -0.027092 -0.344924 -0.189823 0.054502 0.199488 0.149349 0.307852 -0.128818 0.206240 0.292300 -0.038976 -0.454265 0.404218 -0.527858 0.041363 -0.435148
9 -0.131269 -0.354463 -0.015506 -0.403080 -0.201731 0.110331 0.172926 0.160099 0.334838 -0.142101 0.195187 0.315968 -0.038111 -0.469232 0.390768 -0.501660 0.048299 -0.366601
2 -0.049304 -0.291946 -0.001895 -0.336135 -0.222899 0.047913 0.191288 0.190338 0.225728 -0.098464 0.169403 0.264394 0.014693 -0.499364 0.366954 -0.525679 0.031895 -0.409677
14 -0.147572 -0.404581 0.028130 -0.448241 -0.177025 0.182312 0.167849 0.119602 0.333635 -0.144867 0.154274 0.341663 -0.066333 -0.413437 0.397080 -0.448371 0.074449 -0.344576
10 -0.118885 -0.370465 -0.015678 -0.372402 -0.176405 0.145474 0.191347 0.151749 0.345230 -0.173963 0.208313 0.318926 -0.076870 -0.400112 0.387239 -0.463313 0.064498 -0.343993
12 -0.117589 -0.353062 -0.000166 -0.377774 -0.222394 0.064960 0.157864 0.148976 0.281220 -0.107179 0.215839 0.304017 -0.028944 -0.461828 0.400385 -0.497907 0.034627 -0.402964
15 -0.157971 -0.388340 0.028364 -0.427530 -0.183597 0.183338 0.206753 0.103605 0.318850 -0.164217 0.195556 0.320724 -0.057300 -0.390973 0.406345 -0.486433 0.029060 -0.383852
4 -0.090396 -0.314443 -0.005095 -0.371074 -0.216054 0.057254 0.178477 0.211161 0.316123 -0.141887 0.229919 0.309602 0.000879 -0.523586 0.417599 -0.563022 0.066101 -0.479543
8 -0.100521 -0.350839 0.026239 -0.361088 -0.218753 0.095205 0.199445 0.165378 0.295487 -0.104669 0.167849 0.286688 -0.045969 -0.451284 0.417928 -0.525741 0.066888 -0.419618
13 -0.084459 -0.311198 0.017833 -0.378888 -0.204175 0.067457 0.162804 0.123592 0.286486 -0.093088 0.160372 0.243959 -0.008731 -0.454930 0.377253 -0.479135 0.031385 -0.387495
6 -0.051871 -0.301187 0.003958 -0.292142 -0.223311 0.055163 0.213090 0.225994 0.259030 -0.102946 0.201440 0.259910 -0.009750 -0.521152 0.410815 -0.535156 0.043426 -0.476203
11 -0.157557 -0.393161 0.014576 -0.377065 -0.168991 0.112517 0.142316 0.165714 0.345855 -0.172306 0.173528 0.302826 -0.080510 -0.383862 0.420763 -0.489698 0.047831 -0.342869
17 -0.097719 -0.336271 0.005267 -0.339255 -0.231759 0.078020 0.207746 0.173910 0.316171 -0.104324 0.195769 0.328805 -0.020885 -0.428374 0.379499 -0.479490 0.043671 -0.435627
