18 18
10 -0.463476 -0.477961 0.249314 -0.252973 0.114332 0.155305 0.068365 0.078383 0.250940 -0.251108 0.291318 0.482774 -0.467065 -0.087902 0.214178 -0.241871 -0.001222 -0.169413
1 -0.482529 -0.527478 0.295280 -0.279643 0.080470 0.123317 0.074922 0.119064 0.259737 -0.221859 0.240616 0.457359 -0.426957 -0.137573 0.246333 -0.305775 -0.004991 -0.206569
16 -0.460228 -0.467505 0.270751 -0.266528 0.063927 0.125881 0.078710 0.046586 0.243722 -0.185592 0.222615 0.460964 -0.435245 -0.060647 0.258492 -0.259659 -0.068880 -0.215072
0 -0.467995 -0.509358 0.268961 -0.289508 0.060267 0.166827 0.065551 0.078833 0.227184 -0.225230 0.283648 0.459091 -0.449056 -0.125802 0.271521 -0.286783 0.006410 -0.192468
2 -0.448067 -0.495282 0.271681 -0.248438 0.098378 0.132894 0.088384 0.132192 0.198026 -0.265040 0.284620 0.475943 -0.450631 -0.158655 0.245188 -0.326185 -0.022821 -0.205450
3 -0.473020 -0.426235 0.286816 -0.196826 0.145959 0.081206 0.071493 0.127496 0.150373 -0.280867 0.315290 0.406066 -0.486381 -0.194046 0.209494 -0.333018 0.011566 -0.250198
13 -0.466825 -0.513642 0.292495 -0.307069 0.068553 0.142740 0.074631 0.048722 0.261779 -0.194950 0.248293 0.458909 -0.441296 -0.121148 0.263501 -0.272912 -0.047758 -0.203520
12 -0.476805 -0.481724 0.260202 -0.274669 0.059963 0.118504 0.044093 0.041370 0.205888 -0.185446 0.274748 0.477491 -0.428454 -0.076545 0.230735 -0.233459 -0.058604 -0.179046
11 -0.446423 -0.452417 0.247834 -0.234780 0.080622 0.107468 0.033056 0.067194 0.230166 -0.204014 0.227524 0.427308 -0.408556 -0.050918 0.242287 -0.244399 -0.052101 -0.174427
5 -0.457400 -0.473930 0.231100 -0.224921 0.145986 0.094869 0.081675 0.082189 0.221821 -0.277977 0.327482 0.469326 -0.481896 -0.144870 0.238564 -0.323372 -0.023043 -0.239175
15 -0.478626 -0.507985 0.278137 -0.305658 0.054310 0.178333 0.080303 0.019413 0.246054 -0.183746 0.237985 0.458104 -0.415063 -0.062806 0.251015 -0.243786 -0.050753 -0.179905
9 -0.474691 -0.488420 0.245105 -0.276922 0.067387 0.148647 0.064864 0.089672 0.251951 -0.210976 0.262412 0.493006 -0.445193 -0.137156 0.240101 -0.279307 -0.037563 -0.164267
7 -0.440499 -0.504247 0.247453 -0.277582 0.048291 0.178735 0.083740 0.099562 0.264106 -0.228859 0.249465 0.470348 -0.447537 -0.158561 0.277922 -0.281170 -0.005737 -0.188388
8 -0.464484 -0.535503 0.277054 -0.267424 0.052391 0.169210 0.088988 0.095076 0.243699 -0.203248 0.248619 0.475849 -0.466596 -0.122165 0.277158 -0.298127 0.004248 -0.181204
4 -0.463876 -0.421554 0.262350 -0.197817 0.158259 0.080856 0.038737 0.165932 0.195960 -0.306770 0.342961 0.454414 -0.461723 -0.185085 0.222851 -0.336485 0.005177 -0.246540
6 -0.461879 -0.495744 0.275654 -0.214574 0.104983 0.132822 0.084213 0.136931 0.214409 -0.252138 0.299423 0.455364 -0.472795 -0.163956 0.267894 -0.314576 -0.022719 -0.233192
14 -0.470234 -0.480739 0.278260 -0.265453 0.106222 0.133234 0.036304 0.079068 0.202879 -0.209176 0.239025 0.472899 -0.452328 -0.112565 0.231942 -0.257859 -0.004867 -0.187262
17 -0.512654 -0.548335 0.300738 -0.293959 0.033670 0.139910 0.088537 0.069437 0.292379 -0.183079 0.271268 0.529370 -0.450459 -0.076132 0.256773 -0.253403 -0.043382 -0.225953
