18 18
5 -0.279656 -0.409257 0.065506 -0.206105 0.189198 -0.087886 0.186178 0.054806 0.405386 -0.160764 0.330195 0.425647 -0.206349 -0.246793 0.184012 -0.426880 0.085024 -0.509690
9 -0.244323 -0.312727 0.059244 -0.262812 0.146494 -0.050882 0.152346 0.098600 0.369628 -0.111436 0.268901 0.398588 -0.141338 -0.342026 0.197667 -0.483222 0.013720 -0.414617
4 -0.267548 -0.343983 0.092533 -0.234891 0.178518 -0.076938 0.130855 0.112897 0.377261 -0.151250 0.345746 0.425165 -0.161898 -0.305314 0.207827 -0.472736 0.091914 -0.511557
1 -0.299914 -0.393761 0.118672 -0.250005 0.176467 -0.097596 0.154431 0.102235 0.393075 -0.131998 0.288128 0.404006 -0.157516 -0.284008 0.171296 -0.450460 0.094995 -0.494078
0 -0.270837 -0.372553 0.071980 -0.224407 0.139693 -0.050285 0.140761 0.060855 0.358562 -0.143611 0.338603 0.398895 -0.178308 -0.241495 0.197475 -0.401454 0.104954 -0.467949
3 -0.300652 -0.352454 0.113939 -0.220787 0.177062 -0.058192 0.174915 0.079045 0.334747 -0.163655 0.340364 0.391941 -0.220125 -0.302778 0.176600 -0.457257 0.123998 -0.508318
16 -0.253481 -0.320172 0.100474 -0.247031 0.140902 -0.062700 0.168178 0.093136 0.343166 -0.107900 0.258763 0.409786 -0.164708 -0.274085 0.227675 -0.489191 0.015609 -0.479058
13 -0.192145 -0.316340 0.076930 -0.283027 0.110702 -0.054347 0.180752 0.051767 0.353269 -0.059130 0.232258 0.339236 -0.123984 -0.361081 0.232071 -0.488065 -0.021447 -0.432693
8 -0.211927 -0.348933 0.097694 -0.273491 0.104653 -0.040239 0.163882 0.083942 0.337653 -0.053784 0.237511 0.367993 -0.151124 -0.342445 0.256850 -0.513310 0.022551 -0.423616
10 -0.282432 -0.385765 0.081194 -0.219266 0.182988 -0.049448 0.184733 0.080027 0.410989 -0.165714 0.341829 0.445033 -0.211174 -0.255730 0.177198 -0.417670 0.104803 -0.494636
14 -0.275811 -0.373134 0.118064 -0.253051 0.178372 -0.061413 0.139109 0.069844 0.349586 -0.113564 0.266719 0.411796 -0.180213 -0.274897 0.184001 -0.420729 0.089484 -0.469679
12 -0.304314 -0.401161 0.100504 -0.233934 0.145970 -0.086635 0.139080 0.059695 0.355745 -0.118378 0.345668 0.447683 -0.195636 -0.253345 0.187623 -0.401149 0.070233 -0.488851
2 -0.233100 -0.339852 0.077021 -0.258428 0.144761 -0.056798 0.161494 0.112169 0.332377 -0.124246 0.273198 0.412361 -0.135057 -0.316355 0.195813 -0.488241 0.028482 -0.429552
17 -0.283853 -0.385975 0.098173 -0.192015 0.132291 -0.088731 0.186146 0.084576 0.399271 -0.121401 0.339144 0.443933 -0.189838 -0.250553 0.172746 -0.396218 0.102256 -0.536336
6 -0.246307 -0.341781 0.086590 -0.190987 0.158198 -0.047936 0.172693 0.093231 0.349787 -0.127672 0.299982 0.385075 -0.176632 -0.273830 0.194123 -0.417845 0.059084 -0.473604
11 -0.284702 -0.378109 0.108741 -0.195588 0.157857 -0.084905 0.114497 0.101132 0.361920 -0.140332 0.289988 0.403966 -0.192170 -0.225011 0.204612 -0.408269 0.082289 -0.466665
15 -0.315441 -0.401932 0.118784 -0.275790 0.191860 -0.037012 0.187112 0.055641 0.394886 -0.157734 0.335376 0.435638 -0.193319 -0.287247 0.216925 -0.483989 0.063564 -0.529339
7 -0.256090 -0.387172 0.078357 -0.232448 0.139880 -0.054593 0.181861 0.083450 0.411392 -0.141510 0.312787 0.426078 -0.193271 -0.312946 0.221090 -0.439238 0.104771 -0.528133
