18 18
4 -0.152076 -0.370881 0.241011 -0.380848 -0.136822 0.056829 0.265607 0.075223 0.220514 0.007030 0.176574 0.468356 0.065504 -0.391527 0.256816 -0.371010 -0.276216 -0.540733
14 -0.161996 -0.403836 0.258749 -0.409653 -0.134079 0.079471 0.269421 0.031861 0.199086 0.034163 0.120061 0.459440 0.037734 -0.368563 0.250110 -0.341140 -0.258933 -0.509153
3 -0.192690 -0.395403 0.279674 -0.379660 -0.139368 0.062035 0.313659 0.071248 0.205104 0.007772 0.166264 0.434725 0.015461 -0.433427 0.239416 -0.396071 -0.239536 -0.534843
0 -0.166036 -0.415935 0.240392 -0.396228 -0.187805 0.070893 0.269728 0.062503 0.218737 0.038262 0.172414 0.448134 0.041590 -0.365572 0.258230 -0.352781 -0.225068 -0.486040
2 -0.135903 -0.390825 0.230043 -0.369823 -0.160673 0.063775 0.291312 0.090405 0.205674 0.019371 0.143647 0.461617 0.056832 -0.385452 0.230892 -0.363316 -0.259915 -0.473114
10 -0.156969 -0.408595 0.223567 -0.369925 -0.138087 0.090156 0.306796 0.079772 0.264324 -0.006266 0.174390 0.479750 0.019265 -0.370552 0.231193 -0.340440 -0.236548 -0.488856
1 -0.168397 -0.365494 0.236323 -0.328427 -0.121678 0.017158 0.245355 0.095232 0.222512 0.021637 0.122104 0.378492 0.047329 -0.345608 0.188070 -0.324388 -0.191126 -0.447160
8 -0.163112 -0.435750 0.263282 -0.383227 -0.181919 0.068192 0.306534 0.073110 0.227936 0.051899 0.146349 0.462219 0.015185 -0.383160 0.270171 -0.381916 -0.235459 -0.505541
13 -0.137019 -0.398171 0.248466 -0.414378 -0.159681 0.065192 0.296728 0.029090 0.227103 0.044804 0.131733 0.442145 0.047596 -0.397294 0.260827 -0.359932 -0.286098 -0.517854
9 -0.176822 -0.411624 0.228368 -0.391521 -0.159197 0.063274 0.290116 0.087431 0.261855 0.022785 0.169494 0.488845 0.037965 -0.415827 0.241342 -0.371293 -0.264119 -0.494215
17 -0.148691 -0.383437 0.222393 -0.334330 -0.171695 0.046466 0.284992 0.079721 0.249047 0.038856 0.155656 0.459837 0.047065 -0.334740 0.216637 -0.309284 -0.236685 -0.493044
7 -0.140868 -0.418007 0.219549 -0.410669 -0.186240 0.089729 0.300666 0.065789 0.262597 0.022828 0.143638 0.483546 0.046288 -0.416770 0.277928 -0.361396 -0.265343 -0.520445
15 -0.167415 -0.397360 0.243648 -0.395654 -0.146219 0.103506 0.292528 0.017125 0.209636 0.014763 0.153735 0.441178 0.042818 -0.347410 0.258722 -0.345268 -0.282857 -0.500123
16 -0.154771 -0.375865 0.241372 -0.375234 -0.157536 0.066575 0.298432 0.052062 0.214708 0.026674 0.125586 0.459611 0.032670 -0.343901 0.263827 -0.362319 -0.285589 -0.519921
6 -0.155218 -0.411952 0.245776 -0.358105 -0.149732 0.072711 0.306014 0.083895 0.229413 0.021366 0.171401 0.458758 0.028173 -0.400523 0.267322 -0.362175 -0.268204 -0.529636
12 -0.194567 -0.435743 0.249774 -0.407048 -0.176291 0.044790 0.268089 0.038763 0.212347 0.056089 0.180666 0.482091 0.020698 -0.368137 0.245301 -0.338681 -0.270838 -0.491266
11 -0.187664 -0.412923 0.241367 -0.348554 -0.137389 0.048953 0.254162 0.103922 0.252007 0.000250 0.154405 0.453053 0.016633 -0.356057 0.255525 -0.364356 -0.243744 -0.479841
5 -0.124627 -0.372725 0.173657 -0.359653 -0.110149 0.059085 0.279473 0.006564 0.223158 -0.002121 0.146682 0.431433 0.024013 -0.322942 0.245251 -0.335750 -0.265471 -0.485043
