18 18
8 -0.064859 -0.386863 0.051606 0.020054 0.129080 -0.187937 0.361211 0.094182 0.331319 -0.089062 0.296090 0.241595 -0.168847 -0.215395 0.239433 -0.579601 0.017027 -0.550772
3 -0.093666 -0.362625 0.064385 0.019512 0.143897 -0.194517 0.372285 0.093988 0.310529 -0.112470 0.326822 0.224169 -0.177250 -0.252877 0.203690 -0.583887 0.034139 -0.576385
9 -0.134665 -0.423188 0.059475 -0.067614 0.149140 -0.144624 0.317142 0.084265 0.385794 -0.121828 0.260342 0.301598 -0.174684 -0.214842 0.309220 -0.623638 -0.043807 -0.552896
15 -0.244720 -0.468621 0.200967 -0.218171 0.118893 0.024127 0.213746 -0.007453 0.323552 -0.119578 0.080285 0.270218 -0.200174 -0.081668 0.484062 -0.615978 -0.099718 -0.541158
1 -0.081170 -0.392001 0.060850 0.025972 0.163157 -0.264788 0.381853 0.133862 0.367301 -0.094410 0.316174 0.217991 -0.120629 -0.275035 0.154931 -0.590811 0.038137 -0.581629
2 -0.091316 -0.387172 0.068201 -0.057730 0.133149 -0.144707 0.317617 0.084087 0.310564 -0.110695 0.234940 0.264868 -0.142505 -0.209254 0.270959 -0.592894 -0.040950 -0.522252
4 -0.106184 -0.380511 0.054843 -0.020968 0.158977 -0.185011 0.307077 0.094255 0.348638 -0.127583 0.326665 0.285101 -0.145618 -0.197087 0.262112 -0.589592 -0.019449 -0.573826
6 -0.064374 -0.393706 0.036143 0.049159 0.146260 -0.196487 0.393896 0.109131 0.346289 -0.108451 0.365958 0.267424 -0.171354 -0.237097 0.240589 -0.594451 -0.006466 -0.606977
14 -0.240223 -0.529450 0.209712 -0.199665 0.155095 -0.035572 0.234855 0.031374 0.355967 -0.111915 0.123247 0.335481 -0.237090 -0.125974 0.487003 -0.668377 -0.054785 -0.604416
7 -0.131854 -0.414102 0.095691 -0.112984 0.101252 -0.066164 0.268976 0.058601 0.351343 -0.114130 0.176552 0.268553 -0.170511 -0.176520 0.374675 -0.576480 -0.028604 -0.538440
16 -0.207441 -0.416081 0.172814 -0.164738 0.093603 -0.006635 0.222542 0.014777 0.305410 -0.099954 0.078250 0.275731 -0.212839 -0.066056 0.459078 -0.581536 -0.085797 -0.537700
12 -0.129703 -0.427841 0.022523 -0.034617 0.116713 -0.171110 0.323858 0.015518 0.310333 -0.099241 0.413869 0.350689 -0.188804 -0.146194 0.246456 -0.520514 -0.060913 -0.529473
5 -0.072741 -0.384280 0.007427 0.008174 0.164297 -0.191744 0.362651 0.059034 0.351217 -0.130281 0.333816 0.277151 -0.173852 -0.194165 0.239506 -0.579863 -0.028150 -0.562993
11 -0.288802 -0.509965 0.228177 -0.222781 0.143259 0.012735 0.142404 0.033826 0.341441 -0.142165 0.041018 0.310118 -0.242412 -0.042208 0.546403 -0.643500 -0.106281 -0.528622
10 -0.090433 -0.420905 0.005429 0.010284 0.150804 -0.169389 0.386895 0.062495 0.368756 -0.135642 0.432987 0.339537 -0.196155 -0.173767 0.216281 -0.541841 -0.006345 -0.552373
13 -0.079816 -0.382821 0.087888 -0.054333 0.132191 -0.172333 0.339202 0.069506 0.349117 -0.081857 0.223373 0.212584 -0.138280 -0.248314 0.273703 -0.597069 -0.036044 -0.568473
0 -0.211872 -0.473142 0.165684 -0.194739 0.098055 -0.020385 0.221029 0.022361 0.331396 -0.111959 0.154615 0.288629 -0.196367 -0.115970 0.466379 -0.624998 -0.046094 -0.556640
17 -0.108021 -0.404284 0.073266 -0.007365 0.108120 -0.185199 0.358718 0.094863 0.366904 -0.083910 0.302281 0.284622 -0.151184 -0.196939 0.246547 -0.566324 -0.004203 -0.593928
