18 18
10 -0.259024 -0.478740 0.340813 -0.207860 0.135504 0.012532 0.399184 0.128759 0.135169 -0.234991 0.155572 0.178050 -0.249632 -0.292612 0.278368 -0.707725 -0.046963 -0.500168
9 -0.231489 -0.377319 0.250140 -0.187752 0.105397 -0.009670 0.331147 0.116999 0.129390 -0.208515 0.160470 0.169908 -0.186973 -0.304266 0.231775 -0.630415 -0.053891 -0.444242
2 -0.180040 -0.379959 0.278491 -0.170859 0.105232 -0.009247 0.346901 0.134818 0.048915 -0.201315 0.105650 0.125809 -0.184355 -0.318149 0.227932 -0.646656 -0.049695 -0.410883
11 -0.276684 -0.486232 0.363065 -0.200444 0.137820 -0.027149 0.321868 0.142029 0.118104 -0.208880 0.109627 0.162394 -0.237590 -0.264704 0.312136 -0.708629 -0.085657 -0.479310
1 -0.248896 -0.416562 0.302521 -0.191671 0.126489 -0.047698 0.338782 0.133918 0.132087 -0.199928 0.130409 0.136109 -0.167652 -0.284835 0.218281 -0.635629 -0.028067 -0.466948
13 -0.240950 -0.475328 0.363427 -0.238452 0.114356 -0.016045 0.361198 0.101557 0.108729 -0.179519 0.108187 0.140710 -0.217527 -0.320887 0.305786 -0.706069 -0.092861 -0.501040
4 -0.219205 -0.321978 0.246243 -0.155159 0.123983 -0.040227 0.328090 0.127125 0.117601 -0.230892 0.194426 0.142448 -0.153569 -0.292476 0.216085 -0.627215 -0.032897 -0.501528
3 -0.229172 -0.358674 0.310642 -0.139941 0.115042 -0.035007 0.343815 0.120770 0.041539 -0.190389 0.132228 0.070923 -0.210734 -0.317421 0.203513 -0.613998 0.011592 -0.440442
7 -0.181064 -0.371259 0.240152 -0.172640 0.085699 0.001754 0.347051 0.121817 0.124022 -0.209693 0.126951 0.136354 -0.175273 -0.318200 0.243608 -0.615022 -0.027811 -0.455067
0 -0.262487 -0.420454 0.280087 -0.226597 0.088961 -0.001844 0.366070 0.095871 0.143971 -0.227879 0.226387 0.176906 -0.181000 -0.288735 0.275142 -0.679276 -0.023604 -0.546685
12 -0.251090 -0.418632 0.304418 -0.193391 0.099616 -0.033753 0.297509 0.090496 0.071114 -0.163438 0.140837 0.156845 -0.200107 -0.259787 0.248821 -0.605354 -0.077384 -0.431882
8 -0.234098 -0.471530 0.353084 -0.199300 0.094217 0.008798 0.353105 0.123822 0.105111 -0.169068 0.098792 0.146010 -0.231496 -0.277528 0.301888 -0.683116 -0.042742 -0.462317
14 -0.270614 -0.484216 0.374468 -0.231604 0.139168 -0.005521 0.341724 0.120576 0.096017 -0.190959 0.101728 0.181767 -0.239118 -0.296127 0.291846 -0.705691 -0.059483 -0.494212
5 -0.208395 -0.404217 0.243364 -0.174074 0.130806 -0.035840 0.352160 0.080617 0.131668 -0.205325 0.154171 0.157082 -0.197791 -0.264816 0.247077 -0.636600 -0.065609 -0.478848
17 -0.266689 -0.475001 0.344352 -0.197134 0.094061 -0.037287 0.387052 0.132338 0.159956 -0.184608 0.165607 0.201410 -0.200131 -0.273626 0.267395 -0.682220 -0.062976 -0.548632
16 -0.227257 -0.364040 0.278579 -0.178280 0.102040 -0.019727 0.375831 0.101841 0.104144 -0.208982 0.146326 0.147870 -0.199726 -0.283556 0.255831 -0.654270 -0.066547 -0.507991
15 -0.243427 -0.396040 0.293387 -0.201401 0.104518 0.012638 0.346880 0.080833 0.105731 -0.201162 0.154051 0.138500 -0.176451 -0.269276 0.244276 -0.623399 -0.062658 -0.470589
6 -0.210124 -0.407676 0.300095 -0.153963 0.110588 -0.005436 0.353247 0.134703 0.094478 -0.189396 0.134562 0.122843 -0.197475 -0.299707 0.256261 -0.624764 -0.047664 -0.464994
