18 18
8 -0.413997 -0.470706 0.279110 -0.149546 -0.151184 0.118378 0.234943 0.123168 0.268842 -0.048164 0.293933 0.406136 -0.257894 -0.009122 0.274295 -0.302862 0.057116 -0.428187
10 -0.405779 -0.411484 0.240639 -0.146504 -0.109947 0.133266 0.209855 0.096748 0.276108 -0.090045 0.326172 0.385832 -0.257133 -0.002672 0.238976 -0.243931 0.052117 -0.394622
0 -0.455179 -0.466894 0.285761 -0.205709 -0.164868 0.124356 0.205794 0.082807 0.260769 -0.057960 0.362831 0.412049 -0.253923 -0.025305 0.294261 -0.296119 0.050120 -0.463005
9 -0.470194 -0.461934 0.264864 -0.195662 -0.167174 0.078715 0.205820 0.109439 0.332360 -0.037512 0.349028 0.470482 -0.241779 -0.056375 0.260603 -0.278396 -0.021067 -0.451443
4 -0.435544 -0.414723 0.279837 -0.156928 -0.132670 0.071468 0.189141 0.130337 0.264658 -0.068925 0.363110 0.407262 -0.221876 -0.049478 0.259478 -0.296523 0.025300 -0.481191
3 -0.474902 -0.444526 0.310178 -0.166585 -0.138548 0.089379 0.228508 0.107850 0.240371 -0.068120 0.357516 0.392994 -0.277975 -0.065225 0.253177 -0.312604 0.053613 -0.486517
11 -0.519765 -0.516051 0.325422 -0.197980 -0.147164 0.092603 0.209579 0.114514 0.329090 -0.072455 0.371028 0.463808 -0.284958 -0.013173 0.311980 -0.317020 -0.001243 -0.504241
7 -0.463875 -0.473749 0.277368 -0.196130 -0.174183 0.132709 0.223068 0.109254 0.348779 -0.074525 0.350465 0.451768 -0.268863 -0.047711 0.314016 -0.283220 0.027412 -0.498819
2 -0.394012 -0.442620 0.263787 -0.154213 -0.142848 0.102396 0.227124 0.139268 0.225751 -0.067372 0.301812 0.406114 -0.228379 -0.039613 0.242085 -0.305534 0.039204 -0.413486
17 -0.420099 -0.425658 0.267352 -0.150501 -0.164015 0.073949 0.201673 0.107579 0.293153 -0.024850 0.319897 0.421426 -0.213814 -0.002368 0.230931 -0.226852 0.021350 -0.442364
15 -0.456082 -0.454472 0.287063 -0.183967 -0.129608 0.132367 0.218699 0.082560 0.268713 -0.077764 0.330034 0.397293 -0.238157 0.001523 0.272938 -0.289717 0.020454 -0.452296
12 -0.529039 -0.527643 0.331679 -0.265812 -0.190402 0.042397 0.219992 -0.006607 0.311623 0.032507 0.409610 0.494278 -0.270738 -0.038133 0.282955 -0.249318 -0.127288 -0.508408
5 -0.438101 -0.475992 0.254243 -0.173108 -0.130282 0.088996 0.238866 0.078915 0.302783 -0.072276 0.359180 0.438117 -0.269043 -0.022970 0.283495 -0.307490 0.006220 -0.481753
16 -0.445157 -0.448811 0.297388 -0.169548 -0.150038 0.086253 0.241480 0.109742 0.272880 -0.052229 0.304913 0.425371 -0.260169 -0.006144 0.284771 -0.317464 0.001440 -0.491842
1 -0.453650 -0.468081 0.297308 -0.183962 -0.128100 0.071432 0.210449 0.120358 0.283304 -0.058833 0.316790 0.395301 -0.228540 -0.034610 0.245587 -0.300405 0.044802 -0.457986
14 -0.445586 -0.456586 0.306102 -0.195722 -0.121432 0.124017 0.190881 0.087329 0.245777 -0.049221 0.296389 0.407941 -0.257149 -0.022706 0.268409 -0.269922 0.062163 -0.449464
13 -0.474906 -0.499819 0.343116 -0.266150 -0.178283 0.038094 0.247036 -0.000961 0.325294 0.040740 0.350230 0.435574 -0.239033 -0.073781 0.275776 -0.266056 -0.129397 -0.517778
6 -0.429600 -0.457808 0.287180 -0.144837 -0.147924 0.109419 0.233543 0.124357 0.268336 -0.054387 0.348297 0.406076 -0.258209 -0.043216 0.287671 -0.291060 0.022799 -0.482860
