18 18
0 -0.296975 -0.519322 0.219846 -0.348162 -0.067487 0.039774 0.166913 -0.118212 0.238992 0.048120 0.217228 0.363852 -0.099426 -0.064752 0.320705 -0.321148 0.003767 -0.500819
5 -0.340797 -0.610836 0.164551 -0.288272 0.029313 -0.033016 0.191074 -0.090571 0.260486 -0.049007 0.294372 0.449249 -0.192426 0.038254 0.292044 -0.416365 -0.046913 -0.420393
17 -0.351182 -0.588024 0.238266 -0.316617 -0.051149 -0.021853 0.201456 -0.086411 0.287864 0.042954 0.254324 0.448948 -0.129008 -0.015923 0.296936 -0.353343 -0.023336 -0.535510
10 -0.367450 -0.658138 0.223426 -0.343996 -0.006012 0.011003 0.213787 -0.085988 0.310563 -0.017782 0.288697 0.491507 -0.188221 0.007746 0.321047 -0.404701 -0.018319 -0.483998
3 -0.378497 -0.582089 0.257691 -0.322901 -0.017466 -0.026496 0.196197 -0.080986 0.221795 -0.001341 0.268461 0.406644 -0.173460 -0.045965 0.292780 -0.419419 0.001728 -0.509250
12 -0.362298 -0.602676 0.197276 -0.300447 -0.011404 -0.036026 0.153083 -0.084458 0.231731 -0.003647 0.286586 0.450688 -0.175333 0.027070 0.282292 -0.371677 -0.053055 -0.402996
14 -0.321619 -0.537013 0.243529 -0.335144 -0.011459 0.014344 0.156845 -0.104349 0.230975 0.039446 0.187451 0.388057 -0.129596 -0.044164 0.293383 -0.321333 -0.005490 -0.485734
8 -0.346949 -0.628594 0.224331 -0.300528 -0.025898 -0.013211 0.191401 -0.060393 0.254677 0.005603 0.265193 0.447005 -0.188208 0.002595 0.326487 -0.428028 -0.012875 -0.449162
11 -0.352608 -0.590640 0.214995 -0.279937 0.008265 -0.033442 0.153581 -0.037521 0.259951 -0.032848 0.254064 0.423071 -0.174429 0.019391 0.308882 -0.409058 -0.026516 -0.436678
6 -0.312615 -0.569990 0.211808 -0.281363 -0.020784 0.007687 0.195738 -0.070401 0.256348 0.015276 0.250118 0.406073 -0.148664 -0.032008 0.311793 -0.352673 -0.029424 -0.490989
15 -0.317802 -0.522724 0.219461 -0.312594 -0.020736 0.024911 0.178764 -0.106045 0.231872 0.008802 0.220880 0.366743 -0.119616 -0.020126 0.285730 -0.337051 -0.043529 -0.453809
9 -0.347804 -0.566846 0.210629 -0.342258 -0.024402 0.004772 0.180990 -0.082871 0.293341 0.014752 0.241984 0.437129 -0.135052 -0.064984 0.304568 -0.371214 -0.033216 -0.491197
13 -0.319919 -0.574969 0.240231 -0.346226 -0.039997 -0.013038 0.191733 -0.101741 0.273180 0.040853 0.230288 0.408952 -0.122947 -0.061327 0.321318 -0.380677 -0.045500 -0.519290
2 -0.322422 -0.568769 0.225017 -0.322389 -0.035710 -0.025252 0.188121 -0.054912 0.222348 0.012566 0.235014 0.432661 -0.122459 -0.033385 0.287742 -0.401812 -0.038149 -0.468333
4 -0.361704 -0.577037 0.240784 -0.327235 -0.002211 -0.028387 0.161050 -0.056223 0.263717 -0.010806 0.285289 0.442880 -0.134046 -0.028701 0.313201 -0.411355 -0.016324 -0.521607
7 -0.280703 -0.515329 0.192030 -0.321239 -0.058837 0.031743 0.180071 -0.090427 0.274734 0.027018 0.193854 0.382280 -0.115603 -0.079925 0.322241 -0.325866 -0.013207 -0.494280
1 -0.365540 -0.593797 0.255167 -0.336838 -0.010982 -0.053063 0.172762 -0.059251 0.263334 0.016785 0.225449 0.406608 -0.121825 -0.033547 0.279328 -0.401008 -0.012768 -0.489238
16 -0.308175 -0.502616 0.213543 -0.293199 -0.035592 -0.005596 0.188088 -0.090685 0.237122 0.026295 0.200004 0.384978 -0.133912 -0.007609 0.301087 -0.344512 -0.046224 -0.492029
