18 18
13 0.027493 -0.355805 0.196393 -0.117578 -0.150959 0.079148 0.425130 0.300780 0.179775 0.025889 0.001329 0.392719 -0.072792 -0.536149 0.235375 -0.446708 -0.178857 -0.407341
9 -0.000961 -0.361461 0.149680 -0.110185 -0.132439 0.084228 0.412399 0.331365 0.214435 -0.004898 0.022807 0.442596 -0.077879 -0.538266 0.225271 -0.451288 -0.174359 -0.385025
6 0.025556 -0.389286 0.185943 -0.074508 -0.148570 0.106689 0.475233 0.345335 0.189407 0.005527 0.036991 0.422866 -0.091877 -0.550804 0.243330 -0.456403 -0.168764 -0.434503
15 -0.008451 -0.399443 0.209199 -0.129367 -0.151529 0.127073 0.469261 0.299926 0.193476 0.001030 0.029700 0.429311 -0.084698 -0.533005 0.250500 -0.468425 -0.185180 -0.435987
7 0.044326 -0.402795 0.178005 -0.110445 -0.198189 0.129167 0.501997 0.343176 0.210075 0.011735 0.009629 0.447895 -0.085437 -0.591600 0.254438 -0.469334 -0.155497 -0.439779
4 -0.008490 -0.339084 0.181271 -0.116642 -0.096828 0.063146 0.360305 0.341006 0.204745 -0.021626 0.030751 0.437101 -0.064062 -0.521493 0.242887 -0.458208 -0.168075 -0.417136
2 0.061321 -0.414155 0.221072 -0.066389 -0.227463 0.091012 0.552095 0.383682 0.115372 0.044750 0.007710 0.438808 -0.083174 -0.591235 0.206287 -0.508242 -0.144599 -0.435111
5 0.010663 -0.392137 0.155044 -0.111640 -0.117468 0.078707 0.442381 0.289723 0.213582 -0.014131 0.042136 0.439563 -0.098139 -0.512754 0.247097 -0.465003 -0.175120 -0.429256
16 0.000378 -0.330547 0.170166 -0.110674 -0.127539 0.078464 0.401175 0.297169 0.193293 -0.003814 0.000539 0.419276 -0.086392 -0.472657 0.250030 -0.442635 -0.186847 -0.410549
10 0.016147 -0.386005 0.173444 -0.100723 -0.145516 0.114332 0.462664 0.329676 0.213789 -0.008109 0.031073 0.455424 -0.098929 -0.512470 0.222232 -0.437867 -0.153196 -0.398729
3 -0.001595 -0.394668 0.247129 -0.076344 -0.180703 0.084476 0.506270 0.349302 0.120241 0.023791 0.023319 0.405552 -0.124050 -0.582428 0.212805 -0.498816 -0.114942 -0.458147
12 -0.026721 -0.406756 0.190761 -0.139631 -0.153314 0.071347 0.403523 0.301851 0.184062 0.023363 0.039031 0.466743 -0.086430 -0.520029 0.242587 -0.443191 -0.194279 -0.407182
8 0.027664 -0.403885 0.219906 -0.064707 -0.199147 0.095056 0.493044 0.342211 0.148697 0.047095 0.005895 0.403362 -0.106891 -0.529253 0.233192 -0.474909 -0.122085 -0.418808
11 -0.032637 -0.368965 0.194987 -0.108113 -0.097768 0.060204 0.351860 0.330979 0.194013 -0.022786 0.006945 0.420844 -0.094366 -0.478776 0.263416 -0.465158 -0.180490 -0.395855
1 -0.016673 -0.384291 0.190065 -0.123434 -0.127902 0.056846 0.402806 0.314227 0.203677 0.009919 0.001969 0.399411 -0.058895 -0.499856 0.200459 -0.434377 -0.138419 -0.388962
14 -0.014444 -0.407470 0.223342 -0.156243 -0.123723 0.104113 0.409348 0.320065 0.190196 0.015498 -0.021458 0.473780 -0.098116 -0.540747 0.265864 -0.467892 -0.171589 -0.427808
17 0.040426 -0.405734 0.228149 -0.040923 -0.236386 0.070608 0.540638 0.376958 0.163298 0.064744 0.021744 0.444116 -0.084050 -0.547256 0.200238 -0.461053 -0.132885 -0.468436
0 -0.005399 -0.014495 0.001279 -0.026652 -0.021820 0.016369 -0.010898 -0.008016 -0.006711 0.000758 0.022893 0.001004 0.004839 -0.000095 0.023655 -0.011355 0.019530 -0.003746
