18 18
2 -0.233801 -0.509058 0.112651 -0.270614 -0.182928 0.030356 0.304457 0.152987 0.429446 0.047912 0.304139 0.586275 -0.061415 -0.126966 0.238511 -0.334902 -0.182199 -0.363164
10 -0.255920 -0.503129 0.116117 -0.358274 -0.189119 0.153972 0.173494 0.009660 0.464878 0.087529 0.230608 0.564492 -0.066031 -0.000178 0.265118 -0.140287 -0.241075 -0.187946
16 -0.262673 -0.494118 0.128149 -0.307720 -0.195280 0.058528 0.247577 0.079369 0.443617 0.082501 0.262413 0.579009 -0.075875 -0.053791 0.271281 -0.261806 -0.220369 -0.334992
13 -0.252915 -0.533622 0.165826 -0.426972 -0.211198 0.122919 0.191048 -0.028713 0.465210 0.143643 0.197263 0.549180 -0.034883 -0.068073 0.291531 -0.190450 -0.276991 -0.242227
6 -0.253485 -0.532827 0.128739 -0.287797 -0.204029 0.087511 0.266116 0.112779 0.472979 0.090480 0.296094 0.588150 -0.076453 -0.097323 0.286028 -0.253361 -0.210374 -0.339326
9 -0.278270 -0.526818 0.112973 -0.376397 -0.209659 0.127296 0.181885 0.040112 0.488081 0.109354 0.239062 0.609348 -0.061121 -0.058781 0.281886 -0.192343 -0.261489 -0.218046
8 -0.234067 -0.507507 0.130308 -0.261775 -0.199262 0.053984 0.281983 0.111163 0.429348 0.089096 0.273986 0.551832 -0.086337 -0.099707 0.262934 -0.288222 -0.163080 -0.342423
4 -0.252438 -0.477382 0.122864 -0.266395 -0.167359 0.012728 0.259326 0.152874 0.450391 0.048284 0.324972 0.582114 -0.045024 -0.114434 0.230504 -0.307380 -0.170274 -0.381275
1 -0.279578 -0.511304 0.136877 -0.322321 -0.174413 0.047636 0.202433 0.093799 0.461239 0.087460 0.233879 0.546688 -0.043158 -0.069674 0.227854 -0.230584 -0.184219 -0.277652
0 -0.272987 -0.551019 0.127451 -0.348351 -0.228247 0.094109 0.235837 0.099340 0.481398 0.081757 0.313611 0.605969 -0.057100 -0.084269 0.296572 -0.273882 -0.182494 -0.321131
14 -0.279704 -0.540513 0.172079 -0.427451 -0.196284 0.151945 0.133087 -0.028624 0.439976 0.148550 0.170129 0.576548 -0.052931 -0.022370 0.291401 -0.142573 -0.256892 -0.196561
11 -0.298787 -0.559793 0.155672 -0.362304 -0.190906 0.099926 0.192428 0.058705 0.479988 0.078046 0.249587 0.589518 -0.073252 -0.034038 0.306214 -0.240478 -0.250909 -0.277424
17 -0.246967 -0.486724 0.115489 -0.261998 -0.209197 0.025211 0.262342 0.127200 0.458815 0.085944 0.295179 0.586182 -0.042533 -0.075976 0.221328 -0.251479 -0.178541 -0.352219
5 -0.240501 -0.514911 0.095660 -0.275194 -0.156834 0.020484 0.306510 0.095863 0.466877 0.045752 0.315303 0.577401 -0.084049 -0.105922 0.249406 -0.318644 -0.183806 -0.386221
12 -0.277437 -0.523566 0.121765 -0.324187 -0.207382 0.063980 0.210807 0.054831 0.428967 0.101531 0.296464 0.592764 -0.068154 -0.054406 0.260449 -0.216209 -0.232249 -0.292826
3 -0.270010 -0.488752 0.147410 -0.271284 -0.171019 0.042544 0.289212 0.110835 0.412829 0.054754 0.301834 0.532588 -0.094377 -0.129202 0.227331 -0.299113 -0.145569 -0.368479
15 -0.264669 -0.498308 0.155707 -0.373357 -0.185560 0.136646 0.188473 -0.012258 0.422140 0.101709 0.210864 0.511229 -0.043719 -0.036844 0.274515 -0.192670 -0.234113 -0.239559
7 -0.218648 -0.496974 0.092920 -0.308624 -0.218457 0.100095 0.248075 0.096806 0.490514 0.076182 0.259777 0.569975 -0.058662 -0.110867 0.282995 -0.239429 -0.189267 -0.306048
