18 18
8 -0.618229 -0.684306 0.432868 -0.174649 -0.318300 -0.337683 -0.229372 -0.160814 0.214037 0.585282 -0.018615 0.256152 -0.252586 0.050237 0.571439 -0.169764 -0.029024 -0.591254
12 -0.660689 -0.651222 0.419235 -0.196526 -0.311327 -0.380173 -0.282407 -0.200165 0.194198 0.585492 0.021084 0.253204 -0.224817 0.058166 0.536728 -0.126131 -0.071587 -0.586329
14 -0.596543 -0.692131 0.406468 -0.195224 -0.256427 -0.294778 -0.221126 -0.150498 0.210297 0.535234 -0.019353 0.307861 -0.263959 0.033495 0.538820 -0.152917 -0.042103 -0.544380
11 -0.621027 -0.679762 0.398532 -0.177620 -0.268948 -0.338558 -0.239946 -0.130929 0.242047 0.508914 -0.001909 0.284431 -0.249332 0.057180 0.557941 -0.185590 -0.060762 -0.564072
5 -0.567621 -0.612417 0.349318 -0.161349 -0.239633 -0.334193 -0.205151 -0.170614 0.222098 0.490100 0.014667 0.240160 -0.227296 0.039072 0.502983 -0.163683 -0.059622 -0.553453
0 -0.706931 -0.710481 0.457612 -0.227506 -0.337912 -0.395608 -0.304072 -0.200964 0.223640 0.615983 0.019686 0.254341 -0.238266 0.048651 0.616555 -0.184167 -0.040740 -0.656801
10 0.287999 -1.740669 -0.256150 -0.463585 -0.265421 0.910520 1.020493 0.372537 0.613585 -0.152927 0.381592 2.067499 -0.732820 0.186160 0.451311 -0.316510 -0.062909 0.397127
2 0.310285 -1.808828 -0.242940 -0.510108 -0.296941 0.909359 1.044929 0.395365 0.569578 -0.129125 0.363813 2.143631 -0.728276 0.150743 0.484698 -0.388990 -0.091547 0.396312
1 -0.636300 -0.700620 0.433293 -0.214784 -0.292402 -0.357386 -0.232797 -0.144268 0.234964 0.557118 -0.014307 0.276045 -0.222184 0.038383 0.534171 -0.178509 -0.026248 -0.583250
6 -0.518930 -0.656531 0.349674 -0.135584 -0.239154 -0.254574 -0.150252 -0.096994 0.219245 0.472129 0.015944 0.297726 -0.253026 0.016386 0.507964 -0.154463 -0.060669 -0.510237
7 -0.566175 -0.683648 0.358665 -0.205472 -0.306679 -0.292143 -0.201651 -0.140522 0.251540 0.514572 0.005249 0.314857 -0.234584 0.021252 0.552903 -0.162803 -0.041320 -0.546594
16 -0.540767 -0.677895 0.358842 -0.190559 -0.288387 -0.258895 -0.142024 -0.129208 0.228664 0.494539 0.001789 0.360847 -0.259957 0.070464 0.531211 -0.170544 -0.070507 -0.522185
9 -0.502939 -0.667764 0.305339 -0.168524 -0.232606 -0.219198 -0.133431 -0.080033 0.249369 0.443738 0.007966 0.366258 -0.260734 -0.000217 0.486457 -0.170885 -0.065944 -0.440047
17 -0.585070 -0.637050 0.387593 -0.160472 -0.310738 -0.339876 -0.206674 -0.137203 0.233027 0.542674 0.017281 0.287274 -0.206525 0.063332 0.498493 -0.126868 -0.044785 -0.569063
13 0.019096 0.002747 0.009678 -0.019404 -0.008210 -0.004883 0.008138 -0.018294 0.006568 0.019257 -0.015253 -0.018294 0.012156 -0.023377 0.007956 -0.002520 -0.021393 -0.009389
15 -0.025404 -0.016269 0.019351 -0.021953 0.006735 0.026510 0.013636 -0.025312 0.000633 -0.010033 0.011049 -0.002501 0.001724 0.010837 0.011554 -0.010070 -0.020449 -0.014280
3 -0.024675 0.005665 0.025365 0.004601 0.007865 -0.001883 0.014761 -0.000233 -0.026227 -0.010111 0.011993 -0.020661 -0.026950 -0.026588 -0.012274 -0.019090 0.026092 -0.020014
4 -0.000863 0.026536 0.000487 0.011658 0.016931 -0.018308 -0.024615 0.027506 0.003913 -0.015616 0.024595 0.006644 0.019102 -0.007194 -0.007301 -0.006238 0.005807 -0.017039
