18 18
5 -0.334228 -0.613867 0.135869 -0.373076 0.093366 0.108035 0.154450 -0.078812 0.312758 -0.180979 0.215737 0.382634 -0.130400 -0.096728 0.307613 -0.369320 -0.161898 -0.310215
11 -0.373301 -0.599094 0.193170 -0.356027 0.107021 0.119551 0.090797 -0.007551 0.287815 -0.193846 0.176367 0.368511 -0.142055 -0.087545 0.334159 -0.385579 -0.154856 -0.282860
2 -0.344424 -0.623590 0.173044 -0.399854 0.081204 0.128834 0.148828 -0.050713 0.251930 -0.181644 0.203190 0.394581 -0.113827 -0.122718 0.300432 -0.393608 -0.174233 -0.278929
7 -0.351210 -0.663087 0.166258 -0.417887 0.059828 0.163388 0.160343 -0.044977 0.359065 -0.184493 0.204395 0.414561 -0.132808 -0.144433 0.364206 -0.390966 -0.156356 -0.328095
6 -0.366701 -0.650898 0.192928 -0.377181 0.087897 0.158083 0.161381 -0.046150 0.292987 -0.177236 0.221835 0.390067 -0.150134 -0.115761 0.345019 -0.378967 -0.172031 -0.321099
14 -0.394466 -0.646038 0.215936 -0.419995 0.114934 0.154780 0.112347 -0.067269 0.263921 -0.181577 0.186098 0.398849 -0.151808 -0.104523 0.331201 -0.380160 -0.150923 -0.295440
13 -0.340187 -0.630083 0.192146 -0.396683 0.070397 0.111633 0.142240 -0.043862 0.336064 -0.149763 0.185641 0.378361 -0.112646 -0.132289 0.335590 -0.382648 -0.175070 -0.327538
0 -0.393080 -0.674274 0.186172 -0.443184 0.069503 0.154308 0.139705 -0.069918 0.304304 -0.189191 0.247087 0.409607 -0.125043 -0.115538 0.343184 -0.404391 -0.147966 -0.318518
12 -0.375356 -0.624216 0.168924 -0.394992 0.067216 0.124667 0.118692 -0.076436 0.274504 -0.160185 0.229351 0.399393 -0.133898 -0.095758 0.311819 -0.348077 -0.172734 -0.283813
15 -0.415046 -0.689639 0.205539 -0.445335 0.088875 0.159183 0.165547 -0.094907 0.309871 -0.194269 0.240725 0.409480 -0.128466 -0.101644 0.341157 -0.405598 -0.197442 -0.333650
4 -0.389816 -0.613377 0.203066 -0.380117 0.119895 0.108611 0.089404 0.001190 0.292595 -0.203693 0.224917 0.404552 -0.119364 -0.117977 0.324278 -0.405892 -0.146885 -0.327006
10 -0.370313 -0.613201 0.169052 -0.387848 0.119007 0.167209 0.138007 -0.065917 0.273262 -0.213754 0.225951 0.397380 -0.152692 -0.077769 0.293411 -0.356574 -0.149638 -0.257990
17 -0.332093 -0.587262 0.161747 -0.341728 0.036728 0.099182 0.148399 -0.030785 0.324116 -0.129373 0.200926 0.387529 -0.096147 -0.087350 0.274929 -0.313623 -0.143242 -0.308334
8 -0.365157 -0.654443 0.201607 -0.378010 0.074593 0.141551 0.146384 -0.038371 0.296417 -0.159355 0.194042 0.392183 -0.157543 -0.106647 0.350215 -0.400169 -0.143856 -0.308244
1 -0.385910 -0.611551 0.217261 -0.374653 0.109639 0.098805 0.103846 -0.012071 0.282997 -0.173322 0.167961 0.354093 -0.118867 -0.099562 0.291865 -0.377464 -0.127408 -0.290553
9 -0.367776 -0.612990 0.152168 -0.395522 0.082611 0.133198 0.131007 -0.038583 0.330647 -0.178333 0.211695 0.408322 -0.121564 -0.133917 0.307285 -0.373794 -0.166149 -0.284954
3 -0.369732 -0.582761 0.192761 -0.370173 0.093593 0.136922 0.148467 -0.062047 0.237889 -0.185678 0.215270 0.342873 -0.152278 -0.126727 0.282539 -0.369545 -0.126455 -0.294307
16 -0.003066 0.009981 0.006043 0.000869 -0.007381 -0.001770 0.017455 -0.006904 0.000948 0.004908 -0.016488 0.011175 -0.012361 0.022003 0.021550 -0.015661 -0.025305 -0.027720
