18 18
10 0.211068 -0.310839 0.012886 -0.180724 -0.200184 0.298012 0.521027 0.195644 0.433459 -0.030830 -0.005259 0.416593 -0.132288 -0.303798 0.364983 -0.284559 -0.173169 -0.327457
9 0.215692 -0.272360 -0.015652 -0.209201 -0.228007 0.273711 0.481903 0.188946 0.452806 0.001248 -0.034202 0.403159 -0.073708 -0.355987 0.360667 -0.285327 -0.184296 -0.311770
13 0.230983 -0.278949 0.025733 -0.213977 -0.215976 0.256911 0.486705 0.156721 0.408631 0.016838 -0.044092 0.354500 -0.078590 -0.350704 0.356617 -0.279792 -0.181172 -0.330117
2 0.252307 -0.296530 0.017689 -0.202350 -0.218992 0.253772 0.520559 0.235825 0.368281 -0.008614 -0.052695 0.371504 -0.067776 -0.414297 0.359872 -0.365566 -0.171466 -0.326168
16 0.211589 -0.298592 0.018877 -0.209903 -0.242193 0.287703 0.526160 0.175198 0.447860 0.002817 -0.041492 0.440074 -0.120073 -0.300842 0.410168 -0.301663 -0.216052 -0.371795
1 0.205262 -0.331201 0.043312 -0.211543 -0.217129 0.235641 0.517328 0.237300 0.437478 -0.002837 -0.049953 0.381595 -0.073809 -0.377333 0.364667 -0.351108 -0.151315 -0.363440
7 0.262637 -0.288282 -0.009795 -0.206170 -0.237181 0.295219 0.522316 0.205952 0.437007 -0.018290 -0.048731 0.389580 -0.087523 -0.398584 0.394289 -0.318340 -0.168840 -0.352311
3 0.161496 -0.316281 0.062519 -0.165824 -0.184234 0.236943 0.515388 0.210178 0.372427 -0.028365 0.008373 0.366600 -0.148595 -0.357213 0.352577 -0.351469 -0.144471 -0.382049
4 0.174387 -0.307033 0.042260 -0.157769 -0.166799 0.219200 0.482196 0.232779 0.403379 -0.038910 0.038700 0.403910 -0.115224 -0.328069 0.359677 -0.336585 -0.171300 -0.381640
0 0.208802 -0.316660 0.019290 -0.218203 -0.242606 0.284587 0.495499 0.186364 0.414000 -0.003218 0.000002 0.402229 -0.097348 -0.326475 0.397154 -0.315752 -0.158865 -0.348294
11 0.133488 -0.362109 0.059569 -0.170756 -0.178118 0.246689 0.464351 0.212259 0.424321 -0.046258 0.018666 0.424170 -0.162504 -0.264732 0.399920 -0.320411 -0.198048 -0.346959
6 0.201059 -0.317201 0.046417 -0.152287 -0.190314 0.238971 0.501338 0.235721 0.367764 -0.008746 -0.014331 0.355256 -0.111709 -0.372358 0.371059 -0.343817 -0.165631 -0.357902
17 0.191612 -0.323241 0.030170 -0.172442 -0.243183 0.254813 0.516733 0.203557 0.459239 0.013246 0.005443 0.446937 -0.101042 -0.286677 0.368951 -0.273460 -0.188101 -0.381846
15 0.152457 -0.329196 0.054724 -0.210986 -0.192432 0.284072 0.491350 0.165204 0.411231 -0.023500 0.006691 0.394582 -0.114165 -0.304490 0.375001 -0.301282 -0.196710 -0.348013
14 0.201761 -0.345812 0.053486 -0.253780 -0.217673 0.304878 0.509247 0.178499 0.450159 0.011709 -0.051858 0.446529 -0.121047 -0.374480 0.410655 -0.305152 -0.185544 -0.367953
12 0.119162 -0.386680 0.057498 -0.213617 -0.225357 0.259992 0.476861 0.161771 0.422656 0.003947 0.052528 0.477838 -0.164714 -0.255858 0.395553 -0.269246 -0.214905 -0.342528
5 0.200783 -0.312259 0.006937 -0.154704 -0.147357 0.200278 0.509338 0.190717 0.378670 -0.038685 0.010524 0.356139 -0.117396 -0.353661 0.346430 -0.367789 -0.161958 -0.373124
8 0.197714 -0.317774 0.041932 -0.167736 -0.216622 0.254708 0.485732 0.199190 0.380349 0.012064 -0.033338 0.364499 -0.125257 -0.313467 0.370118 -0.316230 -0.135640 -0.315389
