18 18
7 -0.397407 -0.585089 0.138132 -0.363477 -0.112588 0.254838 0.137194 -0.017525 0.355695 0.038455 0.393203 0.576017 -0.134289 -0.115234 0.258934 -0.073979 -0.130399 -0.252234
0 -0.379270 -0.541008 0.151244 -0.349894 -0.115207 0.249979 0.111089 -0.043234 0.287377 0.060105 0.392080 0.532470 -0.128571 -0.069258 0.248482 -0.059065 -0.121970 -0.227834
8 -0.408978 -0.565001 0.167044 -0.320997 -0.089005 0.211809 0.132973 -0.012638 0.301802 0.051027 0.402470 0.554539 -0.155966 -0.094073 0.237726 -0.112273 -0.125522 -0.250552
5 -0.411759 -0.575162 0.138818 -0.322290 -0.050933 0.181253 0.151689 -0.034296 0.318168 0.019484 0.433084 0.573308 -0.164470 -0.089168 0.227989 -0.123899 -0.142409 -0.284668
1 -0.434237 -0.575205 0.188134 -0.342077 -0.056720 0.166865 0.115013 0.008878 0.317642 0.036644 0.395112 0.548063 -0.126386 -0.110212 0.204457 -0.116034 -0.117288 -0.262799
15 -0.404651 -0.531018 0.168280 -0.342979 -0.074436 0.236839 0.125204 -0.051554 0.286895 0.036953 0.401909 0.533744 -0.128098 -0.066907 0.227260 -0.076606 -0.161638 -0.244241
6 -0.377558 -0.562465 0.151604 -0.310647 -0.095845 0.247302 0.146062 -0.024810 0.309202 0.072502 0.393064 0.556935 -0.145124 -0.085143 0.248284 -0.043842 -0.172947 -0.248835
2 -0.440344 -0.598362 0.193927 -0.358811 -0.069769 0.182898 0.136609 0.017331 0.280535 0.024197 0.448408 0.611438 -0.140482 -0.130761 0.219783 -0.154322 -0.149960 -0.281621
10 -0.387507 -0.559415 0.132810 -0.339787 -0.095015 0.280316 0.146962 -0.048241 0.343033 0.049840 0.410045 0.586767 -0.154659 -0.046645 0.231465 -0.017120 -0.155448 -0.216118
16 -0.368209 -0.521365 0.146279 -0.327756 -0.114160 0.251511 0.152647 -0.060583 0.312367 0.080534 0.347183 0.550260 -0.140492 -0.027610 0.252664 -0.036413 -0.186575 -0.253252
12 -0.419089 -0.546139 0.152232 -0.337616 -0.089423 0.185146 0.100567 -0.050647 0.272392 0.051162 0.425704 0.564594 -0.146158 -0.066261 0.222705 -0.082049 -0.161363 -0.240500
11 -0.402427 -0.530300 0.161578 -0.299106 -0.061869 0.183292 0.095630 0.007824 0.303388 0.016403 0.372569 0.522045 -0.143837 -0.067219 0.233307 -0.104806 -0.138450 -0.240270
9 -0.409395 -0.547141 0.134445 -0.337124 -0.084521 0.224514 0.119690 -0.011318 0.333625 0.050835 0.408554 0.583564 -0.132054 -0.108077 0.218682 -0.072520 -0.170550 -0.221957
14 -0.411396 -0.585521 0.192555 -0.367661 -0.079050 0.244991 0.115445 -0.036941 0.293121 0.074544 0.372845 0.581355 -0.150716 -0.088131 0.238429 -0.053365 -0.134326 -0.246330
4 -0.438321 -0.533173 0.172493 -0.322661 -0.053068 0.168729 0.095090 0.023277 0.311897 0.013618 0.465116 0.588113 -0.127909 -0.111738 0.211741 -0.123071 -0.131749 -0.289026
17 -0.418990 -0.564797 0.170132 -0.318472 -0.110323 0.193447 0.138889 -0.009867 0.325099 0.073548 0.436160 0.605693 -0.130198 -0.071523 0.209062 -0.063499 -0.156264 -0.274761
3 -0.469715 -0.559093 0.201686 -0.326749 -0.053485 0.165217 0.131927 0.009684 0.280892 0.005713 0.461022 0.559345 -0.173502 -0.140851 0.199150 -0.153888 -0.094802 -0.303821
13 -0.349132 -0.508214 0.157233 -0.331442 -0.088716 0.209277 0.129163 -0.047447 0.295712 0.069532 0.356206 0.509517 -0.120438 -0.093700 0.224561 -0.063662 -0.165638 -0.238168
