18 18
9 -0.389138 -0.226481 0.320548 -0.169795 -0.019743 0.005431 0.247292 0.099402 0.062895 -0.088851 0.247200 0.089528 -0.295932 -0.470938 0.132112 -0.404481 0.237272 -0.539987
0 -0.386569 -0.247983 0.359978 -0.184644 -0.033232 0.024353 0.249518 0.077514 0.003687 -0.086470 0.255596 0.058583 -0.302782 -0.440704 0.162174 -0.423048 0.277184 -0.571909
7 -0.349723 -0.227814 0.329887 -0.165732 -0.035133 0.026840 0.275333 0.095562 0.055128 -0.097612 0.235762 0.067171 -0.308451 -0.495792 0.160338 -0.414125 0.273347 -0.589620
3 -0.364658 -0.203037 0.355414 -0.128040 0.006066 -0.001519 0.269440 0.092208 -0.026522 -0.099907 0.229342 0.013675 -0.317741 -0.473090 0.110347 -0.424525 0.287211 -0.555914
10 -0.441071 -0.284697 0.376028 -0.190264 -0.006833 0.044362 0.283690 0.082556 0.070281 -0.115740 0.297898 0.119704 -0.368557 -0.457002 0.137366 -0.398249 0.280518 -0.586358
1 -0.419643 -0.272964 0.403405 -0.184314 -0.010036 -0.013056 0.278426 0.109168 0.040679 -0.082195 0.229204 0.057141 -0.311379 -0.484573 0.144872 -0.455837 0.288960 -0.622013
4 -0.373158 -0.202248 0.354988 -0.138502 0.004438 -0.016405 0.255890 0.133368 0.021402 -0.113239 0.273521 0.062728 -0.303931 -0.499227 0.144874 -0.459345 0.284420 -0.618047
15 -0.413475 -0.258060 0.384256 -0.193310 -0.016705 0.038442 0.275304 0.058519 0.023700 -0.090839 0.249765 0.061910 -0.298361 -0.434902 0.161043 -0.426812 0.238029 -0.599214
2 -0.374579 -0.248656 0.371019 -0.173934 -0.017360 0.013735 0.285273 0.107139 -0.022176 -0.098265 0.242649 0.068522 -0.309197 -0.490626 0.144235 -0.463378 0.263821 -0.584840
14 -0.402379 -0.254693 0.385765 -0.191814 -0.008538 0.024836 0.239618 0.070437 0.007519 -0.068509 0.221862 0.079920 -0.309340 -0.445913 0.134286 -0.382421 0.268196 -0.562353
8 -0.378660 -0.265650 0.370733 -0.161281 -0.041048 0.022936 0.265490 0.089908 0.027442 -0.056554 0.221578 0.073990 -0.319848 -0.431453 0.175225 -0.421679 0.254547 -0.565618
6 -0.352266 -0.228977 0.357422 -0.122265 -0.014457 0.010290 0.271906 0.109555 0.001998 -0.076531 0.236888 0.043780 -0.304601 -0.459310 0.156093 -0.412048 0.249715 -0.582209
16 -0.391948 -0.233689 0.372643 -0.166679 -0.030292 0.011201 0.276583 0.079569 0.029259 -0.071534 0.218483 0.079812 -0.316005 -0.413997 0.176963 -0.429826 0.225569 -0.607810
17 -0.363107 -0.232448 0.359180 -0.137571 -0.043373 -0.011155 0.271340 0.095248 0.036317 -0.048000 0.224026 0.077688 -0.273445 -0.413270 0.119627 -0.375706 0.253410 -0.581374
11 -0.417774 -0.266310 0.359362 -0.168408 -0.010707 0.004699 0.221496 0.096224 0.056929 -0.099258 0.238771 0.088935 -0.312753 -0.405394 0.156831 -0.394074 0.229445 -0.546499
12 -0.451624 -0.279679 0.380930 -0.207426 -0.035071 0.003054 0.246860 0.053734 0.013947 -0.071662 0.291199 0.105690 -0.324601 -0.443620 0.143330 -0.397785 0.233045 -0.582675
13 -0.344113 -0.226519 0.357588 -0.172894 -0.028159 0.007004 0.262078 0.067907 0.027978 -0.057268 0.212461 0.045652 -0.283588 -0.453177 0.150623 -0.398331 0.226345 -0.565889
5 -0.333769 -0.230944 0.301149 -0.135590 0.012290 -0.006143 0.269810 0.072846 0.033850 -0.103923 0.239256 0.068870 -0.308952 -0.429408 0.146294 -0.423459 0.239935 -0.557406
