18 18
15 -0.538025 -0.537945 0.345573 -0.401882 0.072545 0.257619 0.244828 -0.182063 0.342690 0.021571 0.176513 0.383332 -0.256743 -0.119254 0.235836 -0.226229 -0.215049 -0.351564
13 -0.487616 -0.519959 0.342126 -0.392995 0.029326 0.198186 0.209610 -0.140018 0.342724 0.066794 0.132637 0.337994 -0.227161 -0.170758 0.249815 -0.240563 -0.207886 -0.330802
9 -0.560201 -0.550786 0.335560 -0.426007 0.049011 0.227893 0.247104 -0.146699 0.400728 0.059349 0.171337 0.416117 -0.250091 -0.208088 0.238726 -0.250482 -0.266005 -0.344573
1 -0.536153 -0.555356 0.358584 -0.399515 0.057654 0.185834 0.211008 -0.120312 0.364757 0.050765 0.138909 0.363932 -0.230896 -0.159428 0.222882 -0.244357 -0.181940 -0.340069
11 -0.533906 -0.581241 0.346569 -0.351586 0.064880 0.209821 0.162287 -0.084557 0.350444 -0.002380 0.141302 0.369521 -0.284559 -0.084384 0.292575 -0.276464 -0.121001 -0.317396
10 -0.494866 -0.526658 0.298999 -0.355263 0.097376 0.256588 0.227249 -0.159221 0.349033 -0.017443 0.187644 0.387498 -0.275791 -0.070400 0.197493 -0.176203 -0.133699 -0.297093
17 -0.506681 -0.537368 0.338984 -0.345362 0.043936 0.198375 0.230839 -0.132147 0.360304 0.046766 0.167031 0.401184 -0.250342 -0.095945 0.214821 -0.198466 -0.167695 -0.363488
3 -0.556027 -0.548619 0.378446 -0.378325 0.072851 0.229580 0.247831 -0.145921 0.329409 0.025762 0.176409 0.373103 -0.301342 -0.158129 0.229313 -0.248252 -0.156517 -0.374204
5 -0.510642 -0.561257 0.303286 -0.365027 0.116318 0.227211 0.243322 -0.182992 0.357798 -0.016979 0.191187 0.402216 -0.292646 -0.083293 0.224956 -0.223300 -0.158386 -0.352551
16 -0.485918 -0.477397 0.324779 -0.357689 0.023614 0.191676 0.231573 -0.132353 0.335484 0.067451 0.126184 0.375575 -0.243798 -0.131292 0.254152 -0.237093 -0.249504 -0.358145
0 -0.482634 -0.548348 0.317769 -0.374007 0.003879 0.227258 0.151672 -0.094929 0.304894 0.031293 0.155751 0.340468 -0.246107 -0.108641 0.303654 -0.273101 -0.083143 -0.299761
6 -0.492370 -0.526104 0.337632 -0.340553 0.051215 0.231366 0.232934 -0.117904 0.330878 0.044631 0.162185 0.364584 -0.263601 -0.141665 0.250239 -0.220029 -0.185247 -0.349355
14 -0.533087 -0.568888 0.361277 -0.397286 0.093022 0.246450 0.202701 -0.160699 0.330567 0.027151 0.143353 0.403367 -0.283383 -0.105334 0.236720 -0.213546 -0.138636 -0.337551
8 -0.498468 -0.578185 0.351372 -0.356114 0.023897 0.225365 0.205456 -0.106137 0.331467 0.055906 0.131290 0.364926 -0.280390 -0.114081 0.288283 -0.269070 -0.117373 -0.321417
12 -0.556749 -0.559617 0.358118 -0.410105 0.031184 0.203415 0.215582 -0.169158 0.339035 0.076212 0.183156 0.407673 -0.258177 -0.146337 0.238498 -0.213327 -0.244775 -0.346315
2 0.021368 -0.003688 -0.004957 -0.007525 -0.007603 0.001755 0.011077 0.016235 -0.024745 -0.003279 -0.008624 0.014563 0.014594 -0.017313 -0.004715 -0.020484 -0.014205 0.014938
4 -0.000863 0.026536 0.000487 0.011658 0.016931 -0.018308 -0.024615 0.027506 0.003913 -0.015616 0.024595 0.006644 0.019102 -0.007194 -0.007301 -0.006238 0.005807 -0.017039
7 0.025536 0.002637 -0.024458 -0.006487 -0.021911 0.018456 0.005430 0.006920 0.025711 -0.005710 -0.012468 0.004183 0.006040 -0.027377 0.019628 0.004891 0.006248 -0.002409
