18 18
11 -0.545022 -0.537178 0.316073 -0.305191 -0.055913 -0.068073 0.001917 0.028233 0.239933 0.003256 0.242369 0.367692 -0.227304 -0.038051 0.288686 -0.348488 -0.065824 -0.339954
2 -0.498081 -0.511448 0.305637 -0.317336 -0.044110 -0.058205 0.053639 0.048399 0.174266 -0.026304 0.255433 0.351612 -0.209676 -0.118647 0.231530 -0.366492 -0.029324 -0.326755
16 -0.542702 -0.527494 0.323249 -0.323971 -0.090301 -0.073488 0.047886 0.007385 0.237874 0.037237 0.250087 0.393181 -0.221976 -0.036659 0.285116 -0.350828 -0.088232 -0.383873
0 -0.508293 -0.519087 0.291662 -0.333644 -0.076954 -0.034651 0.020794 0.006236 0.195257 0.005396 0.255164 0.336273 -0.201946 -0.071930 0.273441 -0.340593 -0.022056 -0.313720
13 -0.499248 -0.507493 0.319091 -0.328953 -0.067101 -0.062774 0.043429 -0.017816 0.216909 0.036072 0.230417 0.320614 -0.191194 -0.082014 0.247779 -0.316602 -0.075381 -0.343023
5 -0.512922 -0.532095 0.281084 -0.314466 -0.024257 -0.064122 0.070837 0.000351 0.224297 -0.032514 0.286844 0.372868 -0.244521 -0.081476 0.257728 -0.367563 -0.043955 -0.364542
15 -0.543413 -0.538732 0.328759 -0.335512 -0.056545 -0.034466 0.051032 -0.018292 0.225055 0.005186 0.268541 0.354701 -0.211316 -0.050274 0.259383 -0.334362 -0.067592 -0.357472
3 -0.586168 -0.542121 0.359487 -0.325452 -0.040775 -0.058574 0.050714 0.038586 0.194378 -0.024831 0.290888 0.341044 -0.260973 -0.130859 0.241844 -0.378341 0.011439 -0.374970
9 -0.558094 -0.545769 0.301751 -0.338919 -0.075213 -0.058855 0.027923 0.030673 0.269306 0.016687 0.277770 0.399736 -0.215287 -0.102423 0.265535 -0.351848 -0.068087 -0.339384
14 -0.546221 -0.550154 0.346858 -0.342256 -0.054109 -0.050996 0.028759 0.006738 0.207596 0.028026 0.229110 0.365720 -0.222388 -0.075249 0.256567 -0.330633 -0.029580 -0.351898
1 -0.563428 -0.562003 0.345582 -0.335073 -0.055728 -0.092258 0.026899 0.043178 0.253897 0.014595 0.246369 0.358602 -0.197016 -0.080706 0.241311 -0.351354 -0.023659 -0.365719
10 -0.527345 -0.533811 0.297773 -0.322017 -0.040911 -0.032569 0.057289 0.022511 0.246395 -0.030047 0.292752 0.388719 -0.245084 -0.071547 0.253010 -0.341041 -0.030818 -0.337701
17 -0.547400 -0.550124 0.326289 -0.304787 -0.108510 -0.083282 0.044177 0.023897 0.272875 0.053528 0.288276 0.412205 -0.198218 -0.038098 0.250457 -0.307915 -0.057617 -0.389824
12 -0.572415 -0.562070 0.329047 -0.350662 -0.072699 -0.070312 0.016045 -0.010397 0.193097 0.023305 0.284109 0.389370 -0.233456 -0.057353 0.267658 -0.336498 -0.066134 -0.345112
4 -0.552250 -0.519125 0.322643 -0.325858 -0.036890 -0.074958 0.014247 0.059719 0.232739 -0.029639 0.307622 0.391335 -0.215871 -0.104444 0.262718 -0.375165 -0.028698 -0.379059
6 -0.512473 -0.524372 0.315134 -0.290716 -0.045711 -0.047130 0.059895 0.047571 0.209089 -0.010662 0.279241 0.351707 -0.233167 -0.110729 0.263602 -0.348725 -0.038055 -0.365047
7 -0.485206 -0.506924 0.269877 -0.311956 -0.068385 -0.030602 0.049544 0.038942 0.241832 -0.025027 0.253073 0.351021 -0.218970 -0.129308 0.270601 -0.343824 -0.020439 -0.335631
8 -0.489527 -0.515927 0.309941 -0.289718 -0.072294 -0.050677 0.040522 0.034305 0.203725 0.023186 0.224253 0.326438 -0.211923 -0.079865 0.257790 -0.338437 -0.017055 -0.319706
