18 18
1 -0.402538 -0.476835 0.316806 -0.409748 -0.178059 -0.101637 0.071757 0.076949 0.180199 0.051846 0.212100 0.302950 0.013254 -0.125151 0.361512 -0.464425 -0.111511 -0.527453
0 -0.355030 -0.453950 0.295391 -0.425556 -0.219995 -0.037705 0.050233 0.033925 0.137011 0.069903 0.231131 0.269509 0.012323 -0.138671 0.388356 -0.435247 -0.061639 -0.497847
12 -0.443768 -0.496958 0.303545 -0.431047 -0.207396 -0.091931 0.058515 0.016311 0.135005 0.055285 0.288433 0.327500 -0.013989 -0.092673 0.388738 -0.445487 -0.160310 -0.532891
4 -0.353249 -0.402076 0.289928 -0.366572 -0.154566 -0.073334 0.043547 0.089734 0.177742 0.032853 0.209041 0.305549 0.013561 -0.113018 0.354718 -0.424309 -0.096988 -0.500951
15 -0.352987 -0.444974 0.311624 -0.403887 -0.175811 -0.007041 0.093201 0.027287 0.189734 0.050712 0.180721 0.285433 -0.006277 -0.106882 0.387800 -0.421092 -0.101374 -0.501189
7 -0.300985 -0.462244 0.288579 -0.430486 -0.217717 -0.001695 0.107632 0.046222 0.253801 0.071852 0.129600 0.321176 -0.023193 -0.168543 0.425969 -0.413963 -0.067272 -0.515372
16 -0.357967 -0.447460 0.299442 -0.416425 -0.203272 -0.056246 0.108329 0.050701 0.204889 0.055154 0.164947 0.338192 -0.024266 -0.101116 0.421334 -0.464753 -0.136385 -0.544217
17 -0.363973 -0.475434 0.313643 -0.404853 -0.223679 -0.070616 0.099560 0.059890 0.220961 0.087999 0.199833 0.341686 0.000487 -0.114665 0.387530 -0.429576 -0.097422 -0.554922
9 -0.350111 -0.438060 0.270734 -0.405623 -0.193193 -0.043630 0.083754 0.058098 0.214782 0.059126 0.189779 0.318519 -0.006734 -0.150437 0.372308 -0.426921 -0.100741 -0.484895
14 -0.352478 -0.509800 0.365402 -0.482803 -0.199285 -0.001933 0.079878 0.030518 0.222035 0.103999 0.125990 0.338576 -0.034555 -0.170082 0.444400 -0.437054 -0.043703 -0.557286
5 -0.368336 -0.473788 0.260865 -0.398964 -0.160817 -0.073376 0.099091 0.017745 0.190144 0.022192 0.233346 0.323507 -0.032067 -0.098144 0.401114 -0.457687 -0.142735 -0.537629
13 -0.280159 -0.410303 0.293869 -0.398886 -0.191947 -0.042587 0.093116 0.021201 0.182230 0.096690 0.142351 0.246318 0.006905 -0.172077 0.358158 -0.397827 -0.087334 -0.482295
11 -0.375806 -0.453305 0.300697 -0.381565 -0.167884 -0.065157 0.053443 0.073566 0.189268 0.031160 0.187730 0.301664 -0.018063 -0.092443 0.397823 -0.447854 -0.117158 -0.497442
8 -0.321774 -0.495759 0.331124 -0.428406 -0.226011 -0.008800 0.113575 0.041608 0.225761 0.106462 0.140976 0.316861 -0.033272 -0.148237 0.435203 -0.450385 -0.063368 -0.522210
6 -0.382957 -0.465198 0.299756 -0.373331 -0.190525 -0.063239 0.090673 0.070430 0.146416 0.044841 0.262163 0.286622 -0.007513 -0.135216 0.390644 -0.454305 -0.128712 -0.536401
2 -0.338168 -0.444001 0.283452 -0.397106 -0.195667 -0.063441 0.089808 0.074730 0.153318 0.051604 0.187049 0.320130 0.012187 -0.131378 0.360307 -0.449917 -0.126136 -0.476416
10 -0.353925 -0.473878 0.304536 -0.419142 -0.182441 -0.008012 0.099835 0.052885 0.236008 0.044157 0.199741 0.331465 -0.027817 -0.113558 0.400849 -0.423969 -0.079296 -0.515547
3 -0.395135 -0.469411 0.335618 -0.426917 -0.197936 -0.060433 0.107814 0.052395 0.168090 0.053230 0.220679 0.301794 -0.036482 -0.169691 0.392801 -0.474745 -0.077668 -0.562847
