18 18
0 -0.289052 -0.545973 0.339776 -0.310307 -0.121337 -0.002158 0.135449 0.155007 0.112609 0.085228 0.024426 0.294885 -0.091851 -0.251220 0.413745 -0.493465 -0.119974 -0.412322
6 -0.199520 -0.545699 0.242659 -0.190507 -0.095893 0.074374 0.192960 0.280532 0.243556 0.030603 0.010380 0.316798 -0.125537 -0.342692 0.436308 -0.482387 -0.092941 -0.385785
15 -0.349202 -0.601962 0.395042 -0.333146 -0.112008 0.009885 0.171067 0.161283 0.138720 0.085211 0.027441 0.333431 -0.106876 -0.268696 0.439151 -0.522135 -0.177058 -0.457562
12 -0.371248 -0.533188 0.397148 -0.335002 -0.128251 -0.068012 0.094669 0.082142 0.023953 0.144473 0.040757 0.318494 -0.103119 -0.220929 0.386820 -0.446503 -0.221231 -0.411713
1 -0.328926 -0.574658 0.380626 -0.311953 -0.095806 -0.049040 0.145929 0.198012 0.146014 0.087668 -0.015185 0.293605 -0.078517 -0.275447 0.377783 -0.494556 -0.123968 -0.427423
3 -0.367643 -0.546798 0.417597 -0.304632 -0.100399 -0.052191 0.161335 0.141954 0.062636 0.098769 0.020431 0.276262 -0.132204 -0.274212 0.371592 -0.502599 -0.139903 -0.447283
11 -0.296396 -0.563119 0.318525 -0.257611 -0.091033 -0.000057 0.151428 0.223445 0.187122 0.042100 0.002105 0.322941 -0.137025 -0.282706 0.447442 -0.530786 -0.150967 -0.417254
7 -0.087465 -0.526806 0.082409 -0.143843 -0.107406 0.167804 0.220188 0.361613 0.395530 -0.048279 -0.008926 0.358562 -0.150763 -0.436854 0.480253 -0.488913 -0.027492 -0.329951
5 -0.252118 -0.573504 0.252727 -0.248872 -0.078755 0.026168 0.204969 0.187798 0.221804 0.027565 0.031527 0.342604 -0.154714 -0.300433 0.445905 -0.527442 -0.141073 -0.419213
2 -0.296252 -0.543675 0.366111 -0.313843 -0.120782 -0.027464 0.149430 0.170766 0.076158 0.099939 0.002672 0.318856 -0.075564 -0.270777 0.387257 -0.487426 -0.178645 -0.406823
9 -0.109169 -0.516182 0.074424 -0.138945 -0.088024 0.154984 0.220819 0.354871 0.392053 -0.043151 0.003700 0.370230 -0.164299 -0.438176 0.464616 -0.509773 -0.054206 -0.306251
16 -0.321495 -0.503377 0.365585 -0.292350 -0.118665 -0.041905 0.154576 0.132493 0.091003 0.109998 -0.006284 0.302366 -0.113594 -0.226447 0.398853 -0.472283 -0.189449 -0.430085
8 -0.107157 -0.557118 0.129606 -0.143261 -0.106252 0.160250 0.234936 0.347034 0.365715 -0.016348 -0.019512 0.344767 -0.169168 -0.400869 0.487384 -0.520194 -0.024314 -0.329169
4 -0.269003 -0.549056 0.310753 -0.261829 -0.092306 0.006261 0.145669 0.254678 0.191243 0.045058 0.032393 0.345993 -0.102697 -0.332984 0.436856 -0.527049 -0.123739 -0.436023
14 -0.370033 -0.581482 0.441962 -0.354406 -0.107657 -0.043183 0.127561 0.115065 0.057410 0.139625 -0.008855 0.323157 -0.113203 -0.234105 0.405009 -0.485188 -0.169473 -0.448860
17 -0.245059 -0.533054 0.279642 -0.223771 -0.130708 0.014358 0.182393 0.219591 0.211823 0.077470 0.021430 0.335889 -0.104408 -0.267143 0.391285 -0.450874 -0.101882 -0.402382
13 -0.335841 -0.558386 0.422556 -0.347646 -0.129833 -0.054337 0.151414 0.128770 0.091088 0.141631 -0.010083 0.297052 -0.095856 -0.288192 0.419876 -0.506545 -0.206710 -0.458027
10 -0.206746 -0.531713 0.218506 -0.207491 -0.081407 0.079206 0.199563 0.239400 0.264766 0.008785 0.020697 0.331908 -0.146315 -0.292914 0.403413 -0.452662 -0.079164 -0.348652
