18 18
1 -0.311989 -0.579691 0.317914 -0.369492 -0.094623 -0.221861 0.062239 0.281234 0.538753 0.114667 -0.074234 0.276518 0.123605 -0.261876 0.170990 -0.351826 0.002150 -0.344625
11 -0.301360 -0.557753 0.322465 -0.323364 -0.100351 -0.206716 0.057254 0.311324 0.513574 0.091736 -0.058911 0.297065 0.074476 -0.262145 0.235614 -0.381467 -0.020759 -0.383774
10 -0.287257 -0.545214 0.300312 -0.325898 -0.095956 -0.148428 0.102336 0.282996 0.527771 0.096851 -0.042027 0.330278 0.050223 -0.248475 0.198077 -0.311996 -0.008100 -0.358655
5 -0.254287 -0.516129 0.248883 -0.309275 -0.072958 -0.177970 0.094054 0.229401 0.473410 0.080407 -0.026771 0.286671 0.064225 -0.241483 0.190878 -0.334849 -0.027957 -0.351830
8 -0.250130 -0.509516 0.291043 -0.297324 -0.118519 -0.161758 0.086848 0.269993 0.453063 0.119870 -0.060173 0.276420 0.062066 -0.253707 0.207345 -0.336815 0.001493 -0.339656
2 -0.226632 -0.467384 0.267464 -0.284316 -0.093893 -0.177108 0.080566 0.288363 0.396384 0.092130 -0.058734 0.271893 0.085421 -0.286207 0.171746 -0.342670 -0.032429 -0.315994
4 -0.258480 -0.462102 0.289480 -0.287179 -0.078693 -0.194800 0.048419 0.310767 0.449292 0.083212 -0.031008 0.276830 0.093371 -0.289470 0.181376 -0.344196 -0.004217 -0.362729
7 -0.204619 -0.438575 0.233779 -0.275406 -0.111396 -0.142486 0.078527 0.255320 0.431927 0.083638 -0.057891 0.249462 0.068653 -0.277127 0.197661 -0.301679 -0.011419 -0.324259
16 -0.278768 -0.519772 0.316819 -0.323700 -0.118252 -0.189701 0.109965 0.292444 0.493672 0.116710 -0.074494 0.311971 0.062196 -0.280661 0.232700 -0.374135 -0.039040 -0.417384
13 -0.233492 -0.475670 0.278144 -0.307090 -0.099750 -0.178839 0.076626 0.246703 0.448609 0.115526 -0.064817 0.250965 0.083563 -0.272641 0.186974 -0.317650 -0.042473 -0.330180
6 -0.256030 -0.527836 0.300289 -0.294526 -0.111628 -0.180478 0.103320 0.302357 0.481121 0.118987 -0.049860 0.288493 0.071661 -0.304101 0.223772 -0.352004 -0.032236 -0.390895
12 -0.283147 -0.515476 0.280060 -0.325837 -0.109271 -0.186383 0.057728 0.236699 0.439844 0.120918 -0.021313 0.304137 0.073708 -0.245446 0.180267 -0.299651 -0.035650 -0.333155
9 -0.276343 -0.501554 0.265498 -0.314600 -0.096942 -0.188694 0.064461 0.299532 0.500820 0.098292 -0.049979 0.302801 0.087890 -0.293215 0.180099 -0.343544 -0.031447 -0.323259
14 -0.290230 -0.548063 0.327442 -0.346557 -0.085981 -0.172741 0.067643 0.281521 0.470471 0.120196 -0.078410 0.314233 0.065758 -0.294538 0.201646 -0.342678 -0.001798 -0.370735
17 -0.310456 -0.595886 0.343930 -0.355732 -0.145582 -0.229052 0.099850 0.320190 0.570518 0.144351 -0.056088 0.337098 0.122709 -0.278343 0.201334 -0.365482 -0.007675 -0.425882
0 -0.318399 -0.621277 0.343837 -0.404601 -0.142010 -0.201194 0.074208 0.306483 0.563390 0.126414 -0.042109 0.327793 0.109996 -0.296623 0.244219 -0.399821 0.004057 -0.408535
3 -0.286966 -0.492796 0.311314 -0.299413 -0.088798 -0.183030 0.087300 0.283325 0.434012 0.085455 -0.040200 0.252953 0.049620 -0.307396 0.180761 -0.359543 0.012523 -0.369105
15 -0.312582 -0.559443 0.326263 -0.362499 -0.096615 -0.163658 0.084876 0.252891 0.502423 0.094828 -0.045541 0.283169 0.096403 -0.254957 0.209076 -0.359597 -0.025002 -0.377434
