18 18
3 -0.313475 -0.529647 0.166283 -0.349093 0.034293 0.182037 0.253982 -0.074535 0.344613 -0.024682 0.255271 0.524763 -0.236492 -0.147219 0.194698 -0.178302 -0.106331 -0.309022
2 -0.293427 -0.591703 0.152095 -0.392671 0.013461 0.202724 0.251479 -0.053514 0.370370 -0.014320 0.239594 0.584018 -0.205975 -0.156430 0.229212 -0.205008 -0.142023 -0.282166
10 -0.333418 -0.571631 0.151483 -0.393680 0.041196 0.232529 0.214527 -0.130006 0.392493 -0.014071 0.268530 0.579765 -0.213375 -0.047041 0.192682 -0.090060 -0.168318 -0.231936
16 -0.283336 -0.532226 0.146491 -0.341127 -0.003411 0.179347 0.244251 -0.051692 0.380616 -0.001487 0.205907 0.541415 -0.207364 -0.097853 0.243307 -0.184947 -0.137685 -0.304590
14 -0.346275 -0.599770 0.188897 -0.433178 0.037708 0.221551 0.172383 -0.146825 0.338076 0.028727 0.205222 0.548517 -0.200763 -0.076183 0.213022 -0.106508 -0.154526 -0.229071
11 -0.346083 -0.586331 0.194510 -0.359385 0.026298 0.178081 0.167466 -0.062717 0.375380 -0.014814 0.237792 0.547215 -0.210220 -0.058518 0.273461 -0.165228 -0.197669 -0.288656
15 -0.404806 -0.633592 0.218552 -0.467197 0.028519 0.252966 0.176002 -0.203791 0.332813 0.029516 0.240022 0.539602 -0.183986 -0.037049 0.225895 -0.094123 -0.222022 -0.222964
13 -0.406680 -0.691126 0.234366 -0.528540 0.027109 0.261871 0.178082 -0.234023 0.379148 0.062341 0.238640 0.589565 -0.188850 -0.062180 0.254779 -0.083983 -0.282701 -0.225483
0 -0.310672 -0.552733 0.153003 -0.392872 -0.001281 0.208408 0.186718 -0.111273 0.349727 0.000999 0.265338 0.530670 -0.186353 -0.084874 0.234197 -0.139292 -0.139937 -0.261294
1 -0.327458 -0.571991 0.169352 -0.382293 0.018441 0.164502 0.205068 -0.064410 0.383500 0.005981 0.206006 0.512819 -0.170878 -0.113043 0.188725 -0.162237 -0.108407 -0.254827
9 -0.307938 -0.528882 0.123438 -0.369649 0.020559 0.197872 0.195893 -0.084031 0.371738 -0.001673 0.226093 0.534837 -0.184754 -0.124073 0.187470 -0.134998 -0.147276 -0.211513
12 -0.405373 -0.641635 0.211178 -0.465125 0.005527 0.207923 0.137329 -0.189489 0.320561 0.055629 0.256313 0.568626 -0.188468 -0.036414 0.237740 -0.076849 -0.246143 -0.224077
6 -0.352973 -0.620212 0.196983 -0.379304 0.039251 0.223825 0.237167 -0.086034 0.388361 -0.004413 0.274969 0.598189 -0.237662 -0.109481 0.259936 -0.148919 -0.193187 -0.322045
5 -0.281947 -0.558948 0.111649 -0.360099 0.045647 0.187540 0.263214 -0.102700 0.394411 -0.033853 0.262986 0.564667 -0.228185 -0.116402 0.221283 -0.178577 -0.149206 -0.299038
7 -0.248488 -0.547571 0.119735 -0.348718 -0.015696 0.199989 0.251170 -0.025964 0.403283 -0.014433 0.202260 0.530038 -0.197645 -0.177792 0.251737 -0.190956 -0.099582 -0.301767
17 -0.261878 -0.484907 0.136642 -0.289686 -0.008322 0.141719 0.221666 -0.035571 0.368160 0.005204 0.236679 0.519549 -0.168331 -0.087229 0.182845 -0.130858 -0.124185 -0.295961
4 -0.297240 -0.521664 0.153406 -0.333912 0.045249 0.168689 0.211470 -0.035542 0.392864 -0.038244 0.280133 0.580633 -0.201412 -0.116466 0.231251 -0.176129 -0.153484 -0.332367
8 -0.293063 -0.603137 0.173130 -0.365579 -0.015801 0.200688 0.227651 -0.057464 0.351415 0.028557 0.194770 0.511907 -0.211691 -0.132522 0.256039 -0.195040 -0.107811 -0.263054
