18 18
4 -0.211555 -0.382796 0.174280 -0.066368 0.140215 -0.149685 0.134359 0.181885 0.425801 -0.146111 0.067961 0.338540 -0.231819 -0.022111 0.468675 -0.527871 -0.257328 -0.527918
12 -0.261408 -0.422339 0.194453 -0.147999 0.069883 -0.085091 0.131418 0.052158 0.417064 -0.065530 0.046886 0.386460 -0.267198 0.073042 0.448380 -0.373810 -0.304403 -0.441502
1 -0.222985 -0.396824 0.183826 -0.104585 0.110447 -0.130434 0.131084 0.141465 0.406587 -0.104919 0.023251 0.300616 -0.198631 -0.011664 0.397232 -0.444045 -0.221830 -0.447452
10 -0.246910 -0.432341 0.152885 -0.086977 0.117390 -0.049097 0.178180 0.114173 0.522383 -0.157477 0.077959 0.421728 -0.319833 0.126879 0.493361 -0.422067 -0.277689 -0.475783
0 -0.223922 -0.394736 0.159756 -0.118801 0.075517 -0.059809 0.131415 0.094115 0.422853 -0.109778 0.063641 0.342821 -0.250874 0.059818 0.464200 -0.415308 -0.239356 -0.444887
11 -0.255272 -0.413276 0.172706 -0.087148 0.110017 -0.081996 0.129039 0.117973 0.461293 -0.136081 0.044386 0.359728 -0.283684 0.096849 0.477537 -0.426189 -0.275602 -0.456766
7 -0.179087 -0.384460 0.141631 -0.106802 0.071510 -0.066322 0.142187 0.117962 0.467650 -0.103869 0.015571 0.357600 -0.245775 0.012902 0.491082 -0.424835 -0.267602 -0.472376
2 -0.198573 -0.404225 0.168280 -0.098019 0.104681 -0.108999 0.162031 0.143716 0.392794 -0.119918 0.032355 0.351021 -0.231118 -0.002482 0.437262 -0.478982 -0.270753 -0.453528
3 -0.247035 -0.401572 0.200411 -0.074676 0.134225 -0.123635 0.184030 0.144938 0.384503 -0.143930 0.065815 0.315016 -0.279303 -0.032636 0.430117 -0.520033 -0.218895 -0.506501
9 -0.227470 -0.381138 0.138724 -0.096164 0.101113 -0.088552 0.138373 0.125797 0.450943 -0.117621 0.050009 0.362689 -0.249990 0.020011 0.434591 -0.429956 -0.263864 -0.437800
13 -0.178878 -0.373120 0.188338 -0.149639 0.059828 -0.078888 0.143308 0.056060 0.447356 -0.039455 -0.017985 0.330460 -0.227092 0.016501 0.463484 -0.380080 -0.304645 -0.457012
5 -0.195185 -0.397891 0.106762 -0.057472 0.128471 -0.099728 0.166535 0.116791 0.446206 -0.155772 0.078193 0.343681 -0.261130 0.048495 0.452901 -0.463964 -0.248483 -0.470471
8 -0.181140 -0.386885 0.156588 -0.065112 0.086916 -0.088354 0.150989 0.135405 0.402820 -0.098393 0.030696 0.309442 -0.240357 0.016831 0.446286 -0.449388 -0.219113 -0.439601
17 -0.229427 -0.410818 0.176901 -0.084476 0.075213 -0.111581 0.160756 0.129947 0.471547 -0.091699 0.055485 0.385570 -0.247417 0.052612 0.456177 -0.428737 -0.267919 -0.503382
14 -0.244714 -0.434747 0.224573 -0.143931 0.103384 -0.075386 0.134984 0.084728 0.446309 -0.068507 -0.008713 0.389634 -0.284775 0.045093 0.491817 -0.418042 -0.277766 -0.495888
16 -0.247970 -0.379588 0.166863 -0.083169 0.095134 -0.076260 0.163106 0.092012 0.428072 -0.117469 0.046217 0.370952 -0.289484 0.115243 0.459930 -0.414485 -0.281064 -0.474885
15 -0.254892 -0.414355 0.193793 -0.136191 0.096044 -0.049203 0.160389 0.064848 0.438455 -0.107451 0.046966 0.360313 -0.265378 0.062948 0.472908 -0.427406 -0.291290 -0.476115
6 -0.199343 -0.404378 0.173501 -0.059772 0.113914 -0.101488 0.159663 0.156782 0.433161 -0.115042 0.048254 0.335642 -0.253420 -0.005704 0.476789 -0.469758 -0.264594 -0.505116
