18 18
13 -0.100661 -0.380607 0.114856 -0.229059 -0.073423 0.090162 0.323495 -0.134000 0.365311 0.029776 0.112095 0.404410 -0.305130 -0.006222 0.444184 -0.326044 -0.348017 -0.376074
11 -0.173680 -0.388657 0.101619 -0.193289 -0.029824 0.008332 0.299037 -0.075266 0.433098 -0.022603 0.114544 0.491047 -0.314503 0.090909 0.393289 -0.339807 -0.399472 -0.345610
10 -0.154730 -0.389528 0.084955 -0.203691 -0.022076 0.047342 0.347597 -0.094721 0.451796 -0.027319 0.135335 0.530541 -0.336911 0.097420 0.383003 -0.328828 -0.404268 -0.341621
4 -0.125473 -0.377172 0.108965 -0.208207 -0.058361 0.067078 0.312966 -0.089789 0.393750 0.001971 0.158571 0.460363 -0.307413 0.010473 0.443262 -0.344432 -0.353645 -0.402699
5 -0.124844 -0.395128 0.075527 -0.214196 -0.036553 0.049091 0.340874 -0.121352 0.413118 -0.009397 0.132199 0.470881 -0.315636 0.036787 0.421435 -0.357398 -0.367334 -0.386451
3 -0.205596 -0.359131 0.129936 -0.193305 -0.025975 -0.041932 0.330315 -0.082972 0.381804 0.002295 0.124653 0.503108 -0.319554 0.058014 0.324472 -0.352378 -0.409561 -0.368298
12 -0.198298 -0.373312 0.097944 -0.199769 -0.044923 -0.049169 0.289657 -0.098497 0.392875 0.019386 0.133575 0.525080 -0.286670 0.106994 0.318770 -0.292963 -0.440316 -0.315713
7 -0.009358 -0.424450 0.069398 -0.261915 -0.160485 0.310369 0.350089 -0.162512 0.359256 0.004374 0.144549 0.334241 -0.362257 -0.114368 0.646996 -0.340854 -0.211144 -0.425906
9 -0.183926 -0.355151 0.071222 -0.199310 -0.029064 -0.031042 0.312790 -0.061341 0.447827 -0.005988 0.114217 0.555946 -0.296284 0.072628 0.332022 -0.340845 -0.449091 -0.317927
17 -0.149425 -0.351678 0.095321 -0.162115 -0.059391 -0.034585 0.321494 -0.054992 0.432234 0.023128 0.122986 0.504583 -0.260617 0.086274 0.316971 -0.291548 -0.393838 -0.352319
0 0.041041 -0.454003 0.097627 -0.294255 -0.208292 0.464659 0.332963 -0.209698 0.251583 0.023373 0.200064 0.221722 -0.387189 -0.188471 0.777445 -0.354407 -0.073656 -0.472184
14 -0.131488 -0.418313 0.127608 -0.255187 -0.057675 0.119597 0.322008 -0.131800 0.392329 0.019288 0.095518 0.466818 -0.341209 0.016921 0.471724 -0.337841 -0.330431 -0.388057
2 -0.134532 -0.373915 0.088300 -0.215929 -0.052259 0.017880 0.339421 -0.072743 0.402327 -0.008452 0.115499 0.524932 -0.290490 0.054208 0.380758 -0.361757 -0.429287 -0.345889
16 -0.136152 -0.341150 0.086173 -0.192828 -0.048895 0.022228 0.321529 -0.091586 0.401120 -0.003016 0.091769 0.465966 -0.287236 0.087252 0.379375 -0.329070 -0.383764 -0.356599
6 0.122611 -0.473216 0.106817 -0.268057 -0.244996 0.618570 0.351428 -0.224129 0.170647 0.040641 0.201694 0.104149 -0.436114 -0.306239 0.913229 -0.339603 0.024282 -0.514621
8 -0.136720 -0.397203 0.113392 -0.196228 -0.066050 0.045665 0.332541 -0.088384 0.386740 0.019159 0.107910 0.453602 -0.311917 0.049378 0.406892 -0.345395 -0.352158 -0.353783
1 -0.211324 -0.365301 0.119806 -0.194440 0.001890 -0.111991 0.302378 -0.030663 0.456167 -0.003989 0.084273 0.512384 -0.234592 0.102354 0.250861 -0.331005 -0.422993 -0.324784
15 -0.165676 -0.380476 0.111980 -0.230498 -0.041492 0.058092 0.333188 -0.116512 0.412537 -0.012166 0.125139 0.477989 -0.291010 0.070535 0.398120 -0.344173 -0.403325 -0.371770
