18 18
13 -0.079690 -0.479840 0.102193 -0.416288 -0.169039 0.060527 0.281985 -0.084078 0.281378 0.153870 0.230948 0.218454 0.034542 -0.591807 0.288828 -0.283605 -0.362670 -0.320685
1 -0.162648 -0.464039 0.194616 -0.384430 -0.088132 0.040573 0.228888 0.022120 0.305018 0.107065 0.175892 0.219734 -0.002681 -0.569175 0.292861 -0.332627 -0.273196 -0.363016
12 -0.087668 -0.508585 0.020669 -0.426794 -0.219786 0.048679 0.286372 -0.151520 0.219146 0.166031 0.316375 0.279264 0.054062 -0.542181 0.246665 -0.240996 -0.411617 -0.243036
17 -0.082487 -0.487072 0.076790 -0.370504 -0.222477 0.009039 0.294855 -0.048448 0.303792 0.191652 0.255384 0.269525 0.089151 -0.540765 0.232270 -0.244399 -0.341409 -0.314486
6 -0.083583 -0.479041 0.097654 -0.367260 -0.170021 0.060412 0.284083 -0.050585 0.271682 0.150320 0.247956 0.231727 0.026479 -0.574030 0.295691 -0.277742 -0.348942 -0.332787
3 -0.298868 -0.382363 0.388710 -0.324101 0.065093 0.124615 0.163960 0.123190 0.303050 -0.010149 0.103522 0.178253 -0.221116 -0.573397 0.391356 -0.385098 -0.184721 -0.493198
15 -0.118446 -0.464108 0.090440 -0.394282 -0.140469 0.100351 0.279171 -0.094199 0.243976 0.097099 0.264394 0.244205 0.005684 -0.522382 0.283076 -0.287792 -0.358735 -0.303334
2 -0.057504 -0.481782 0.044214 -0.401719 -0.174606 0.080656 0.309911 -0.074942 0.226482 0.112834 0.267008 0.269453 0.030939 -0.588394 0.276253 -0.310931 -0.391920 -0.280993
9 -0.085894 -0.468979 0.040723 -0.393515 -0.179246 0.051273 0.273906 -0.055666 0.294962 0.140844 0.255168 0.261517 0.054739 -0.587887 0.257386 -0.280412 -0.360538 -0.277148
0 -0.125914 -0.478184 0.107851 -0.411007 -0.146940 0.101632 0.244084 -0.063077 0.249162 0.096508 0.258469 0.248211 -0.015224 -0.544762 0.315237 -0.300381 -0.316468 -0.309488
8 -0.139439 -0.456875 0.176387 -0.348451 -0.109980 0.074576 0.240477 0.009986 0.283984 0.112101 0.174209 0.223876 -0.041261 -0.532786 0.312550 -0.318974 -0.269409 -0.341100
14 -0.253616 -0.418239 0.344279 -0.359174 0.036561 0.126988 0.147731 0.099119 0.313554 0.035006 0.077723 0.217207 -0.163455 -0.562989 0.386512 -0.351413 -0.203585 -0.441004
11 -0.238986 -0.438914 0.277080 -0.353949 0.010129 0.117397 0.166602 0.076612 0.332264 0.004701 0.137401 0.217023 -0.152662 -0.548921 0.400564 -0.363996 -0.269513 -0.416054
4 -0.258471 -0.399324 0.346699 -0.344541 0.022807 0.074427 0.151584 0.139499 0.353696 0.034439 0.143872 0.229929 -0.122741 -0.600947 0.398614 -0.389634 -0.229113 -0.505070
16 -0.259399 -0.408064 0.345704 -0.348999 -0.003342 0.084790 0.185708 0.101508 0.344472 0.058055 0.103220 0.229415 -0.143670 -0.559674 0.412563 -0.384553 -0.253692 -0.506877
5 -0.080499 -0.495716 0.031847 -0.391041 -0.147210 0.063267 0.302285 -0.118119 0.275645 0.108526 0.282984 0.267253 0.000977 -0.540601 0.285253 -0.289862 -0.371759 -0.307045
7 -0.076689 -0.428896 0.079760 -0.363585 -0.156884 0.082818 0.246827 -0.037067 0.282212 0.107850 0.200928 0.221431 0.010132 -0.560649 0.293057 -0.261717 -0.307673 -0.305106
10 -0.217181 -0.410122 0.272870 -0.337771 0.023805 0.154178 0.192763 0.072496 0.335243 -0.000104 0.137226 0.214314 -0.169768 -0.536240 0.362853 -0.316453 -0.231779 -0.398548
