18 18
0 -0.449221 -0.425182 0.285018 -0.429624 0.020245 0.099666 0.241634 0.047474 0.242419 -0.164503 0.104600 0.316990 -0.217806 -0.281033 0.208406 -0.535354 0.091034 -0.407407
11 -0.405887 -0.379121 0.263903 -0.349767 0.064068 0.055732 0.193140 0.079583 0.215142 -0.169532 0.048121 0.278116 -0.216155 -0.258432 0.185256 -0.490492 0.060182 -0.352791
7 -0.355953 -0.363025 0.232960 -0.357696 0.047271 0.079670 0.255059 0.093390 0.232030 -0.185547 0.078080 0.287543 -0.218230 -0.375584 0.177898 -0.502857 0.130504 -0.422663
3 -0.413763 -0.355489 0.299854 -0.344834 0.094149 0.058319 0.281366 0.111073 0.171847 -0.205549 0.116012 0.259094 -0.265438 -0.427871 0.136967 -0.552996 0.184274 -0.472848
4 -0.326323 -0.310371 0.247785 -0.294646 0.133089 0.015827 0.247103 0.185934 0.204302 -0.236596 0.138588 0.287780 -0.216633 -0.465054 0.134839 -0.549537 0.204955 -0.505163
8 -0.396827 -0.395802 0.281797 -0.363429 0.033359 0.078925 0.248968 0.075321 0.206037 -0.141358 0.065532 0.282841 -0.232356 -0.309702 0.179839 -0.508890 0.117742 -0.385921
2 -0.375790 -0.382645 0.291203 -0.391674 0.048754 0.078286 0.306763 0.117537 0.169777 -0.188108 0.075939 0.310634 -0.213696 -0.394222 0.155100 -0.578057 0.121780 -0.439986
1 -0.417050 -0.392900 0.317334 -0.383968 0.062592 0.043107 0.290064 0.120552 0.209582 -0.172432 0.066924 0.273378 -0.198802 -0.373659 0.124206 -0.550619 0.152417 -0.448725
10 -0.440235 -0.418361 0.267814 -0.402859 0.043010 0.122144 0.273419 0.051229 0.272586 -0.184264 0.109903 0.336816 -0.249750 -0.271899 0.179279 -0.501611 0.095604 -0.387312
5 -0.368821 -0.387640 0.222239 -0.330061 0.101416 0.042959 0.266973 0.079543 0.247554 -0.206614 0.129651 0.306360 -0.252438 -0.364333 0.172673 -0.524721 0.131393 -0.459256
9 -0.457047 -0.404512 0.261083 -0.423748 0.034909 0.085762 0.246282 0.061062 0.263810 -0.165616 0.074903 0.337388 -0.219364 -0.312486 0.177158 -0.531267 0.049606 -0.376377
15 -0.491919 -0.425927 0.325540 -0.446461 0.003974 0.134666 0.297461 -0.006814 0.228859 -0.143706 0.087345 0.305078 -0.213247 -0.237490 0.192239 -0.527511 0.025084 -0.410110
14 -0.421137 -0.405888 0.293329 -0.407192 0.073617 0.090237 0.220087 0.064696 0.208180 -0.162004 0.047586 0.314997 -0.237141 -0.316737 0.176117 -0.506015 0.111277 -0.386653
12 -0.437338 -0.397588 0.266685 -0.390267 0.030254 0.061645 0.205491 0.026903 0.196582 -0.133310 0.099058 0.309400 -0.217854 -0.266594 0.167830 -0.461831 0.052028 -0.363425
13 -0.408667 -0.405738 0.282319 -0.413658 0.039794 0.074913 0.243907 0.041942 0.241991 -0.143408 0.059361 0.292080 -0.214903 -0.320774 0.188586 -0.510068 0.061989 -0.394193
6 -0.394053 -0.406653 0.288308 -0.336314 0.100701 0.062955 0.305684 0.144366 0.229729 -0.212392 0.129832 0.310446 -0.270152 -0.451757 0.183401 -0.575048 0.164942 -0.523507
16 -0.439647 -0.385453 0.307184 -0.404418 0.017382 0.094883 0.309733 0.038824 0.221577 -0.151851 0.064989 0.311813 -0.230359 -0.273504 0.197061 -0.547653 0.053684 -0.459226
17 -0.473874 -0.440212 0.310259 -0.404975 0.016640 0.067843 0.309855 0.079122 0.283577 -0.160417 0.126206 0.365961 -0.238387 -0.327023 0.175156 -0.547581 0.101659 -0.492484
