18 18
17 -0.313130 -0.352510 -0.018577 -0.063102 -0.013561 -0.084150 0.168861 -0.013298 0.429788 -0.039647 0.373563 0.618254 -0.149949 0.170873 0.265435 -0.113338 -0.552354 -0.397449
15 -0.323579 -0.317473 0.030330 -0.147585 -0.019006 0.039105 0.188064 -0.097462 0.416347 -0.069024 0.307825 0.543880 -0.149860 0.176491 0.354127 -0.158469 -0.586291 -0.410687
4 -0.308530 -0.311019 -0.022183 -0.078634 0.021344 -0.082704 0.128073 -0.005845 0.403610 -0.066102 0.378680 0.584895 -0.129055 0.125684 0.269008 -0.134720 -0.539847 -0.382187
12 -0.364799 -0.391241 -0.035373 -0.131747 0.003818 -0.089184 0.155065 -0.075697 0.430955 -0.034919 0.425889 0.656090 -0.153877 0.134741 0.272916 -0.106200 -0.619256 -0.386432
8 -0.290538 -0.353262 0.012553 -0.080754 -0.024719 -0.010671 0.190088 -0.031181 0.404080 -0.051262 0.301487 0.573572 -0.192394 0.187254 0.353708 -0.182934 -0.550139 -0.391816
11 -0.332002 -0.358926 -0.004763 -0.080964 0.016017 -0.053433 0.147966 -0.016160 0.425567 -0.087492 0.345156 0.599003 -0.184150 0.185518 0.337077 -0.173113 -0.581891 -0.393895
10 -0.292742 -0.331014 -0.029081 -0.065561 0.024290 -0.036113 0.166471 -0.015828 0.421750 -0.085233 0.356180 0.587729 -0.174682 0.175913 0.271877 -0.120939 -0.516415 -0.350108
9 -0.307533 -0.338337 -0.060921 -0.080666 0.020899 -0.094310 0.141605 -0.004212 0.413580 -0.046892 0.370202 0.591758 -0.137260 0.088638 0.216106 -0.114033 -0.528063 -0.319034
6 -0.320553 -0.368767 -0.033284 -0.067782 0.020202 -0.080959 0.169226 -0.018070 0.417485 -0.044426 0.404872 0.611349 -0.159113 0.108878 0.272727 -0.117938 -0.574764 -0.386698
16 -0.313417 -0.325298 0.004549 -0.103025 -0.013453 -0.021350 0.196558 -0.054393 0.434009 -0.061523 0.312008 0.596180 -0.180247 0.192778 0.353385 -0.170047 -0.595740 -0.426961
13 -0.294065 -0.340280 -0.010421 -0.126759 -0.012993 -0.051621 0.182375 -0.072001 0.435177 -0.029278 0.342206 0.575567 -0.140208 0.114528 0.310097 -0.136613 -0.602825 -0.405689
5 -0.303593 -0.359798 -0.051642 -0.094321 0.021735 -0.065784 0.185173 -0.065900 0.433591 -0.069533 0.382291 0.605124 -0.168718 0.144089 0.299626 -0.150957 -0.580929 -0.404962
1 -0.312301 -0.349146 0.015891 -0.091851 0.019694 -0.083950 0.151224 0.003747 0.410401 -0.052003 0.299450 0.534726 -0.131467 0.131034 0.242624 -0.145909 -0.473326 -0.355232
7 -0.272366 -0.318567 -0.033140 -0.111254 -0.036426 -0.005241 0.174987 -0.048925 0.436946 -0.060306 0.320401 0.574353 -0.147494 0.124973 0.344888 -0.140115 -0.571496 -0.399141
2 -0.289088 -0.353532 -0.033679 -0.085024 0.005301 -0.066045 0.172904 -0.007058 0.384581 -0.064312 0.358616 0.614778 -0.148802 0.133493 0.274289 -0.156631 -0.567840 -0.356576
14 -0.011733 -0.016220 0.026785 -0.021827 0.014521 0.009558 -0.015588 -0.009492 -0.015071 0.014490 -0.026914 0.011819 -0.010079 -0.001944 0.000728 0.009641 0.015475 -0.000266
0 -0.005399 -0.014495 0.001279 -0.026652 -0.021820 0.016369 -0.010898 -0.008016 -0.006711 0.000758 0.022893 0.001004 0.004839 -0.000095 0.023655 -0.011355 0.019530 -0.003746
3 -0.024675 0.005665 0.025365 0.004601 0.007865 -0.001883 0.014761 -0.000233 -0.026227 -0.010111 0.011993 -0.020661 -0.026950 -0.026588 -0.012274 -0.019090 0.026092 -0.020014
