18 18
0 -0.116163 -0.533486 0.139457 -0.277955 -0.258605 0.268175 0.223283 0.056315 0.316399 0.044902 0.166032 0.493484 -0.179143 -0.037135 0.507508 -0.202763 -0.204009 -0.296904
7 -0.105844 -0.532526 0.119530 -0.264263 -0.265687 0.280499 0.255629 0.066403 0.350669 0.046342 0.161751 0.526976 -0.194281 -0.077113 0.505755 -0.183185 -0.242018 -0.305890
6 -0.139914 -0.532623 0.154332 -0.228995 -0.230165 0.267806 0.249658 0.065930 0.312943 0.047851 0.194464 0.505685 -0.217424 -0.055671 0.499802 -0.169174 -0.263547 -0.322246
8 -0.130714 -0.551530 0.169554 -0.239282 -0.278639 0.257869 0.263457 0.066042 0.310640 0.090515 0.155783 0.519209 -0.222654 -0.040099 0.503696 -0.206388 -0.222595 -0.302976
10 -0.151325 -0.516450 0.135057 -0.242257 -0.214213 0.272464 0.237957 0.037018 0.312320 0.031727 0.211438 0.516794 -0.226708 -0.024951 0.446729 -0.131797 -0.243403 -0.269443
11 -0.135621 -0.548548 0.160563 -0.253560 -0.219255 0.229104 0.215850 0.091843 0.345893 0.030081 0.127428 0.501430 -0.198815 -0.038943 0.518655 -0.235590 -0.228490 -0.311807
12 -0.181322 -0.552786 0.155906 -0.273399 -0.250170 0.244812 0.212966 0.007888 0.281949 0.072370 0.214603 0.524283 -0.218918 -0.021572 0.473565 -0.142211 -0.273434 -0.280680
5 -0.114212 -0.551336 0.125608 -0.246833 -0.204864 0.225079 0.275872 0.056561 0.357302 0.023277 0.165980 0.517014 -0.208816 -0.055632 0.509274 -0.252445 -0.243005 -0.353012
3 -0.171347 -0.529221 0.189068 -0.252098 -0.214926 0.225580 0.256507 0.065329 0.291173 0.039687 0.174639 0.483200 -0.222657 -0.088241 0.469216 -0.241048 -0.212363 -0.342979
2 -0.084848 -0.518372 0.139098 -0.243951 -0.230341 0.233392 0.268572 0.106304 0.301495 0.032075 0.138158 0.508383 -0.167989 -0.086490 0.486730 -0.265140 -0.239118 -0.313685
13 -0.079937 -0.498425 0.148603 -0.262138 -0.231123 0.220684 0.242657 0.050061 0.320055 0.067976 0.101817 0.451051 -0.159741 -0.075403 0.480099 -0.212148 -0.236158 -0.307808
16 -0.128730 -0.511790 0.155644 -0.248541 -0.257115 0.245354 0.256407 0.052496 0.314063 0.066238 0.137534 0.507836 -0.206281 -0.023337 0.500642 -0.202430 -0.252327 -0.325297
1 -0.146030 -0.540180 0.169601 -0.268031 -0.209115 0.205421 0.233156 0.081892 0.343332 0.046514 0.124033 0.478343 -0.168205 -0.068113 0.464140 -0.227181 -0.206523 -0.321262
14 -0.136237 -0.517959 0.169522 -0.261322 -0.204525 0.237250 0.213773 0.035538 0.282043 0.067113 0.123031 0.481829 -0.196493 -0.041004 0.455999 -0.169726 -0.212507 -0.290770
4 -0.133921 -0.492197 0.149091 -0.232162 -0.208742 0.214307 0.211273 0.101584 0.317275 0.027434 0.187258 0.509067 -0.176024 -0.065628 0.468969 -0.215871 -0.226777 -0.326203
9 -0.128486 -0.503644 0.118047 -0.249145 -0.223171 0.224483 0.231049 0.088859 0.351290 0.039780 0.154612 0.514645 -0.179466 -0.085315 0.465184 -0.221792 -0.236019 -0.289671
17 -0.138861 -0.522496 0.155965 -0.228192 -0.255727 0.221415 0.249083 0.070991 0.329130 0.073981 0.173431 0.520066 -0.185706 -0.030966 0.451225 -0.166054 -0.228693 -0.319352
15 -0.167893 -0.511539 0.164047 -0.246709 -0.214004 0.256292 0.237743 0.016932 0.284869 0.045221 0.182842 0.474707 -0.200128 -0.018859 0.453980 -0.174624 -0.249645 -0.295961
