18 18
16 -0.380882 -0.471529 0.339079 -0.229137 -0.115567 0.093018 0.356829 -0.054550 0.354839 0.021270 0.058528 0.534109 -0.259179 0.311608 0.441096 -0.355035 -0.371261 -0.558548
0 -0.327738 -0.460920 0.285411 -0.234016 -0.127571 0.111759 0.315380 -0.060049 0.341941 -0.001021 0.091091 0.476684 -0.228210 0.257928 0.449246 -0.347602 -0.306602 -0.514941
8 -0.406241 -0.522901 0.388566 -0.237943 -0.149711 0.111877 0.362894 -0.047535 0.345771 0.053462 0.070016 0.547614 -0.274784 0.321887 0.464337 -0.367180 -0.356645 -0.553871
9 -0.412292 -0.502808 0.329252 -0.245359 -0.094500 0.082808 0.347367 -0.028996 0.388781 0.021084 0.064073 0.562801 -0.259885 0.260479 0.416569 -0.366550 -0.360980 -0.538021
13 -0.397934 -0.506559 0.386768 -0.266699 -0.128413 0.098447 0.352845 -0.060428 0.367151 0.036155 0.057760 0.525979 -0.251588 0.289238 0.468480 -0.375641 -0.391744 -0.571274
14 -0.395416 -0.519167 0.356788 -0.255007 -0.080913 0.094110 0.333522 -0.046079 0.371896 0.026887 0.023342 0.542350 -0.269229 0.268676 0.445636 -0.355506 -0.330318 -0.566219
11 -0.393833 -0.486625 0.353377 -0.216315 -0.106285 0.085515 0.306950 -0.010228 0.360958 -0.005706 0.061476 0.510775 -0.256502 0.300008 0.463239 -0.373481 -0.354094 -0.535861
5 1.070111 -0.587386 -1.873313 -0.083321 0.119419 0.228045 0.940894 -0.651993 1.591613 -0.868082 0.559369 0.786733 -0.452332 -0.447658 0.884505 -0.512789 -0.177266 -0.617014
7 1.222554 -0.550994 -2.040551 -0.077766 0.088917 0.266189 0.949835 -0.656286 1.676412 -0.912719 0.552055 0.771950 -0.420641 -0.563343 0.908383 -0.474440 -0.130018 -0.579125
12 -0.333295 -0.480936 0.237710 -0.225741 -0.117311 0.077512 0.316676 -0.085790 0.349008 0.019872 0.121219 0.542747 -0.250597 0.256254 0.402865 -0.289122 -0.339406 -0.484680
17 -0.381836 -0.511441 0.338240 -0.223807 -0.131865 0.083405 0.371153 -0.036763 0.405132 0.033745 0.069107 0.558440 -0.248155 0.291137 0.439372 -0.345721 -0.350056 -0.588150
2 -0.383187 -0.491452 0.360923 -0.245317 -0.127337 0.094609 0.348097 -0.021802 0.319576 0.025653 0.067303 0.553078 -0.240305 0.284885 0.429123 -0.374456 -0.375818 -0.528804
15 -0.359678 -0.432260 0.339533 -0.223793 -0.113009 0.125868 0.303985 -0.073276 0.288515 0.009595 0.079031 0.440323 -0.211657 0.288100 0.411501 -0.316954 -0.343370 -0.485475
4 -0.375282 -0.442299 0.336739 -0.211584 -0.104788 0.074116 0.299365 -0.019270 0.338810 0.011193 0.108794 0.522859 -0.223493 0.288160 0.415594 -0.335662 -0.345374 -0.537503
10 -0.350762 -0.488182 0.276121 -0.220007 -0.097905 0.115348 0.358086 -0.058439 0.387521 -0.006006 0.114605 0.559964 -0.270491 0.293533 0.409429 -0.308281 -0.339262 -0.505471
6 -0.360746 -0.503258 0.321040 -0.197954 -0.089972 0.087806 0.364357 -0.016636 0.379561 0.014574 0.065619 0.518313 -0.261987 0.244546 0.442669 -0.356317 -0.341320 -0.574184
1 -0.330293 -0.472780 0.270534 -0.221058 -0.066781 0.058498 0.324302 -0.032399 0.391023 -0.015864 0.043175 0.465041 -0.218713 0.216620 0.392219 -0.349598 -0.287378 -0.510468
3 -0.376965 -0.501940 0.310328 -0.232392 -0.095476 0.095954 0.380055 -0.057698 0.379182 -0.011146 0.086521 0.535616 -0.295056 0.238228 0.441539 -0.378266 -0.321122 -0.579493
