18 18
5 -0.120455 -0.489725 0.041051 0.028393 -0.128045 -0.034006 0.291268 0.221323 0.591455 0.020619 0.230330 0.538606 -0.077358 0.013067 0.298827 -0.186083 -0.237820 -0.439418
6 -0.186125 -0.526665 0.137326 0.015170 -0.152935 -0.023574 0.273403 0.290512 0.573558 0.045101 0.250257 0.555039 -0.054981 -0.015452 0.313685 -0.188812 -0.232622 -0.489054
4 -0.333457 -0.483641 0.289060 -0.083729 -0.141952 -0.099258 0.165296 0.321193 0.463811 0.054493 0.286639 0.550334 0.045133 -0.007299 0.178560 -0.208635 -0.122524 -0.515881
0 -0.312059 -0.486681 0.255657 -0.124027 -0.178433 -0.066580 0.156235 0.253053 0.413697 0.072210 0.266547 0.509883 0.036091 0.003332 0.190443 -0.190513 -0.098647 -0.457704
11 -0.170848 -0.489295 0.102317 0.035281 -0.143821 -0.037400 0.241385 0.287847 0.573824 0.017757 0.217979 0.529681 -0.058742 0.013382 0.308073 -0.191115 -0.231280 -0.441745
2 -0.324775 -0.500588 0.298208 -0.130151 -0.177850 -0.093985 0.180414 0.290511 0.393889 0.080929 0.243749 0.556317 0.055708 -0.009254 0.170050 -0.222487 -0.134988 -0.488342
16 -0.285461 -0.473330 0.238537 -0.077184 -0.166562 -0.067650 0.217229 0.262689 0.464450 0.072272 0.233912 0.556039 -0.005083 0.026298 0.229257 -0.202466 -0.185179 -0.502572
15 -0.314654 -0.498448 0.265001 -0.107119 -0.152036 -0.047392 0.194452 0.254012 0.450835 0.054257 0.253999 0.523297 0.027863 0.007771 0.202969 -0.200164 -0.153064 -0.482687
14 -0.347547 -0.493159 0.322162 -0.131792 -0.140212 -0.078885 0.152134 0.270549 0.402421 0.084394 0.231427 0.544737 0.028036 0.007182 0.171152 -0.190922 -0.103998 -0.495638
10 -0.197789 -0.511379 0.133594 -0.006499 -0.138174 -0.022259 0.278540 0.265803 0.583873 0.030468 0.261095 0.574166 -0.056959 0.025177 0.253654 -0.163456 -0.199625 -0.459092
13 -0.142361 -0.493166 0.107288 -0.019111 -0.156720 -0.044264 0.288662 0.229290 0.591827 0.071047 0.218922 0.539475 -0.042831 -0.018256 0.279740 -0.172053 -0.250406 -0.457386
8 -0.194091 -0.544820 0.159151 -0.010069 -0.178529 -0.034109 0.283039 0.275163 0.572198 0.076763 0.227316 0.571581 -0.058080 0.001871 0.302710 -0.205456 -0.210373 -0.477529
12 -0.287612 -0.508056 0.214275 -0.080697 -0.166307 -0.079761 0.192134 0.248104 0.478475 0.079606 0.271628 0.567143 -0.003073 0.012012 0.217178 -0.168874 -0.187940 -0.466630
17 -0.239321 -0.473504 0.196556 -0.033081 -0.186776 -0.087763 0.222443 0.266906 0.488530 0.096132 0.246244 0.535696 0.018695 0.013573 0.185651 -0.147808 -0.150595 -0.472109
9 -0.201166 -0.495408 0.108155 -0.028298 -0.164327 -0.044003 0.242404 0.280518 0.582119 0.055200 0.240001 0.566747 -0.019105 -0.029928 0.250144 -0.177552 -0.217092 -0.423929
3 -0.375296 -0.508873 0.333730 -0.121703 -0.165347 -0.094058 0.194005 0.287518 0.415076 0.074467 0.276640 0.534754 0.021128 -0.031994 0.161714 -0.223438 -0.100051 -0.531315
1 -0.299327 -0.521283 0.247108 -0.091339 -0.142517 -0.097137 0.195518 0.286632 0.500339 0.062949 0.222928 0.525741 0.018810 -0.006583 0.201215 -0.208533 -0.141183 -0.478471
7 -0.168508 -0.531068 0.112890 -0.002320 -0.187998 -0.019626 0.272431 0.307616 0.621131 0.032801 0.218469 0.573288 -0.033450 -0.033225 0.332396 -0.201736 -0.225413 -0.492294
