18 18
3 -0.260344 -0.423431 0.342995 0.015607 0.029829 0.038502 0.377120 0.110390 0.196584 0.095476 0.131381 0.322377 -0.304002 -0.263411 0.153815 -0.190104 0.025607 -0.578564
17 -0.259285 -0.480058 0.390657 0.020972 -0.013195 -0.006505 0.411888 0.136624 0.256621 0.178353 0.100874 0.394596 -0.247454 -0.227176 0.141655 -0.140369 -0.007735 -0.670675
12 -0.276912 -0.492087 0.350897 -0.016817 0.008107 0.039338 0.403091 0.073631 0.221721 0.138542 0.154250 0.409730 -0.307799 -0.237820 0.179472 -0.165757 -0.040717 -0.617827
15 -0.254971 -0.473280 0.353753 -0.038574 0.044429 0.069158 0.424311 0.064650 0.239567 0.098536 0.139214 0.364929 -0.287363 -0.252006 0.205272 -0.221795 -0.055402 -0.646587
6 -0.180793 -0.397206 0.335229 0.008598 0.108791 0.009412 0.351841 0.160356 0.227598 0.084199 0.144320 0.292606 -0.243587 -0.358385 0.219437 -0.264261 -0.054981 -0.640161
9 -0.231831 -0.446994 0.323187 -0.028052 0.078247 0.022783 0.385447 0.138658 0.269157 0.090435 0.153952 0.372767 -0.261970 -0.360024 0.201814 -0.262210 -0.065254 -0.639706
5 -0.187914 -0.468304 0.307926 -0.064078 0.099358 0.016483 0.441053 0.053683 0.250706 0.080284 0.149118 0.387607 -0.290572 -0.322770 0.246708 -0.317439 -0.104820 -0.694100
8 -0.251825 -0.504113 0.373284 0.021529 0.007049 0.045883 0.431439 0.122350 0.251501 0.148874 0.116085 0.389958 -0.322454 -0.254142 0.203057 -0.203341 0.005182 -0.664777
1 -0.248801 -0.474494 0.371735 -0.042977 0.076682 -0.027059 0.354040 0.151925 0.255815 0.109628 0.089205 0.336134 -0.229744 -0.316412 0.177714 -0.248679 -0.024152 -0.650130
7 -0.216517 -0.465564 0.307673 -0.007630 -0.000548 0.072573 0.420017 0.093659 0.256651 0.104381 0.111934 0.372111 -0.293288 -0.259030 0.194769 -0.171151 -0.010340 -0.609040
10 -0.229528 -0.468584 0.324773 -0.024839 0.054592 0.073986 0.429782 0.089266 0.256375 0.079598 0.147139 0.389446 -0.316669 -0.266982 0.196655 -0.215087 -0.028763 -0.613324
16 -0.210704 -0.440639 0.359369 -0.035766 0.048765 0.017409 0.423342 0.091927 0.221308 0.122621 0.102784 0.370637 -0.283853 -0.294370 0.239239 -0.274174 -0.084528 -0.694216
2 -0.239710 -0.521522 0.373156 -0.031464 0.037764 0.053584 0.478953 0.110665 0.223059 0.111899 0.136947 0.436619 -0.325273 -0.321949 0.219261 -0.276075 -0.055483 -0.686464
13 -0.182925 -0.426293 0.359220 -0.059505 0.096049 -0.017269 0.356510 0.126693 0.240702 0.112275 0.107737 0.301216 -0.211656 -0.390267 0.218376 -0.284771 -0.084937 -0.675099
11 -0.263423 -0.488983 0.358867 0.004745 0.049630 0.015538 0.386156 0.139116 0.268695 0.099126 0.114812 0.381574 -0.298658 -0.245634 0.212715 -0.227175 -0.032057 -0.660153
0 -0.219044 -0.468997 0.358277 -0.067983 0.056089 0.015645 0.375504 0.115145 0.232905 0.108439 0.145567 0.358047 -0.250947 -0.334355 0.248927 -0.293332 -0.049639 -0.694363
14 -0.265414 -0.485616 0.398533 -0.025657 0.040513 0.020802 0.378171 0.111785 0.215820 0.153896 0.083282 0.389613 -0.281336 -0.268187 0.171969 -0.181773 -0.004470 -0.650327
4 -0.213064 -0.404466 0.343381 0.005194 0.094798 0.000580 0.347661 0.165034 0.245566 0.078515 0.160386 0.343703 -0.247140 -0.336900 0.197548 -0.254527 -0.034532 -0.666613
