18 18
12 -0.356660 -0.805299 0.121392 -0.421266 -0.110348 0.190445 0.151143 -0.035875 0.469594 0.156143 0.128536 0.537070 -0.263429 -0.455537 0.255933 -0.030840 -0.072657 -0.140772
17 -0.283664 -0.969369 0.119768 -0.443157 -0.202898 0.250180 0.265421 -0.030742 0.559099 0.178099 0.090123 0.508529 -0.285169 -0.548165 0.257374 -0.021938 0.096325 -0.151811
2 -0.219348 -0.829788 0.050715 -0.379191 -0.161963 0.211729 0.234258 0.044041 0.512249 0.096460 0.077676 0.507078 -0.239994 -0.484426 0.305452 -0.105270 -0.018924 -0.176410
7 -0.220887 -0.871194 0.021131 -0.419900 -0.177683 0.268211 0.218993 -0.019521 0.545478 0.115716 0.067980 0.463093 -0.260371 -0.549643 0.279087 -0.032251 0.061693 -0.077660
10 -0.290407 -0.821286 0.086541 -0.402219 -0.114245 0.241393 0.198992 -0.018393 0.517260 0.113715 0.104348 0.496069 -0.275591 -0.468798 0.250652 -0.027887 0.021377 -0.119200
6 -0.266297 -0.829975 0.095330 -0.368416 -0.129710 0.238321 0.218221 -0.007416 0.485758 0.131875 0.096337 0.460562 -0.272977 -0.488829 0.275846 -0.047316 0.015060 -0.147483
9 -0.323103 -0.750345 0.058015 -0.390727 -0.091740 0.181433 0.154969 0.031291 0.537451 0.105324 0.110904 0.546630 -0.236754 -0.478493 0.270857 -0.075786 -0.085675 -0.158233
14 -0.328995 -0.893745 0.169641 -0.461493 -0.122670 0.230408 0.194167 -0.038010 0.498251 0.163952 0.066939 0.514396 -0.296402 -0.525515 0.279369 -0.051378 0.056113 -0.180234
16 -0.687786 0.222615 0.726527 0.067577 0.178827 -0.734007 -0.009441 0.673941 0.759816 0.002868 0.140052 1.270803 -0.303469 0.312185 1.200554 -0.875091 -1.040758 -2.307536
4 -0.662743 0.137526 0.678009 0.032272 0.170460 -0.671509 -0.027066 0.656639 0.752629 -0.002333 0.177230 1.214695 -0.275997 0.206252 1.109667 -0.807984 -0.926675 -2.140566
1 -0.321201 -0.800360 0.104142 -0.403664 -0.093936 0.179134 0.171173 0.013974 0.505681 0.112941 0.085210 0.480332 -0.229139 -0.470252 0.242818 -0.075293 -0.013810 -0.149110
13 -0.244495 -0.771218 0.145077 -0.395306 -0.140596 0.178063 0.210666 -0.019821 0.477128 0.145216 0.060207 0.442172 -0.247050 -0.473979 0.296523 -0.086153 0.000692 -0.234767
3 -0.307547 -0.968268 0.128911 -0.469962 -0.170632 0.272783 0.264969 -0.043132 0.522082 0.149430 0.097807 0.479851 -0.324038 -0.617815 0.261227 -0.060990 0.112218 -0.133592
11 -0.245334 -0.778358 0.091951 -0.332630 -0.127778 0.172380 0.193388 0.033040 0.507350 0.083080 0.066210 0.453890 -0.265099 -0.413918 0.319030 -0.105382 0.003912 -0.212425
5 -0.240663 -0.902791 0.045630 -0.401588 -0.145743 0.229907 0.258526 -0.042228 0.548673 0.104999 0.099736 0.479111 -0.286544 -0.492410 0.283299 -0.073530 0.054236 -0.159525
8 -0.232961 -0.702945 0.083173 -0.309700 -0.123048 0.176601 0.188151 0.028892 0.462759 0.109787 0.068474 0.449389 -0.245611 -0.391143 0.303847 -0.102157 -0.025856 -0.194806
15 -0.356001 -0.712907 0.126738 -0.384246 -0.061658 0.191158 0.155583 -0.017860 0.459972 0.100076 0.120795 0.500661 -0.230271 -0.400719 0.270258 -0.079581 -0.114844 -0.201913
0 -0.257981 -0.752936 0.098284 -0.376257 -0.145881 0.194836 0.185243 0.002895 0.467556 0.107987 0.103399 0.454376 -0.237723 -0.427198 0.303560 -0.098148 0.011926 -0.205938
