18 18
2 -0.020891 -0.442285 0.170434 -0.270497 -0.240726 0.066675 0.415987 0.366942 0.329386 -0.096391 0.151689 0.424870 0.031029 -0.418480 0.247095 -0.505600 -0.117597 -0.396376
10 -0.341727 -0.619677 0.361674 -0.409943 -0.405048 0.049866 0.156720 -0.182739 0.501170 0.315846 0.056501 0.610093 -0.172268 0.493721 0.491314 0.042587 -0.406677 -0.387139
14 -0.299585 -0.602234 0.355436 -0.413171 -0.360011 0.042846 0.178419 -0.086369 0.437820 0.261529 0.045315 0.591092 -0.122629 0.271904 0.447035 -0.074625 -0.342180 -0.422851
3 -0.023018 -0.394875 0.153073 -0.241135 -0.175728 0.050412 0.522000 0.536686 0.343595 -0.255987 0.268172 0.420830 0.030956 -0.711141 0.158443 -0.699331 0.004370 -0.497573
6 0.078082 -0.483558 0.143900 -0.204286 -0.252378 0.157689 0.505079 0.435440 0.348445 -0.100527 0.114294 0.379974 0.032311 -0.559765 0.316037 -0.545807 -0.119623 -0.416000
1 -0.231547 -0.530803 0.296775 -0.349619 -0.293829 0.011726 0.230019 0.071638 0.411743 0.143283 0.072367 0.486321 -0.049383 0.048178 0.329827 -0.196113 -0.231252 -0.394246
0 -0.261441 -0.592218 0.316791 -0.412122 -0.378709 0.059258 0.212487 -0.024083 0.434958 0.209842 0.098128 0.555810 -0.085860 0.173461 0.435246 -0.143120 -0.292444 -0.412714
12 -0.361575 -0.608083 0.360385 -0.411660 -0.404481 0.008923 0.124250 -0.178753 0.448224 0.324995 0.076906 0.611069 -0.152854 0.454227 0.470184 0.030698 -0.418715 -0.392215
16 -0.373257 -0.612014 0.394005 -0.413565 -0.408599 0.014763 0.178510 -0.179558 0.499630 0.320749 0.042856 0.629110 -0.193464 0.500919 0.537563 -0.027314 -0.455650 -0.469147
7 0.008933 -0.453034 0.144941 -0.251710 -0.286298 0.127011 0.387220 0.283298 0.371003 -0.026402 0.084442 0.404013 0.010453 -0.335773 0.328763 -0.389607 -0.156407 -0.372275
11 -0.301135 -0.540020 0.329217 -0.339299 -0.312156 0.001997 0.154165 -0.039186 0.434982 0.194266 0.059564 0.513028 -0.137201 0.297929 0.439950 -0.116307 -0.332820 -0.393717
15 -0.071799 -0.461211 0.192386 -0.273013 -0.244177 0.112651 0.380479 0.240644 0.352054 -0.037729 0.132608 0.412264 -0.001494 -0.292297 0.303801 -0.406046 -0.169650 -0.405125
13 -0.243035 -0.570059 0.323792 -0.389878 -0.374032 0.037069 0.218968 -0.066999 0.441593 0.238369 0.061565 0.530195 -0.100627 0.209813 0.444295 -0.112349 -0.354160 -0.413890
17 -0.194863 -0.479803 0.253639 -0.288658 -0.326187 0.025023 0.214745 0.021132 0.388276 0.186582 0.078326 0.491440 -0.053641 0.122900 0.321501 -0.099797 -0.250387 -0.367639
5 -0.021227 -0.436270 0.122914 -0.247129 -0.178156 0.048042 0.452502 0.398888 0.372866 -0.178004 0.218027 0.441311 0.014970 -0.509280 0.231429 -0.584036 -0.078949 -0.460397
8 0.046811 -0.469492 0.153479 -0.227359 -0.251185 0.126287 0.481106 0.419231 0.332697 -0.106278 0.126843 0.386048 0.021968 -0.538523 0.290387 -0.569339 -0.079754 -0.405268
4 0.009750 -0.387942 0.137801 -0.225998 -0.180368 0.050364 0.444714 0.495780 0.355942 -0.205781 0.224687 0.417314 0.065373 -0.596020 0.214161 -0.618999 -0.048815 -0.470734
9 -0.081018 -0.450597 0.169822 -0.283996 -0.244476 0.060157 0.399406 0.339248 0.400012 -0.075429 0.172573 0.467271 -0.000278 -0.376990 0.248807 -0.466587 -0.138632 -0.395155
