18 18
3 -0.279373 -0.417359 0.202837 -0.325388 0.083877 0.046301 0.236659 -0.061333 -0.019283 -0.178048 0.390640 0.251089 -0.276788 -0.482795 0.243011 -0.561087 0.114566 -0.495127
1 -0.297016 -0.475597 0.252519 -0.307600 0.055184 -0.009398 0.197114 0.061482 0.053656 -0.126640 0.298890 0.236826 -0.169127 -0.403165 0.203587 -0.529432 0.115169 -0.426444
2 -0.264875 -0.473736 0.220239 -0.328741 0.043109 0.032479 0.219084 0.022282 -0.003737 -0.151818 0.337177 0.278484 -0.210642 -0.445220 0.251792 -0.575782 0.079570 -0.436932
15 -0.246722 -0.397365 0.187437 -0.340648 0.069977 0.099281 0.223531 -0.099592 -0.012081 -0.153152 0.320486 0.234675 -0.245164 -0.425538 0.266328 -0.506943 0.056919 -0.439539
6 -0.256925 -0.463906 0.225049 -0.295548 0.046240 0.052568 0.228356 0.021746 0.009108 -0.132486 0.333366 0.251094 -0.226953 -0.448159 0.264383 -0.535074 0.089842 -0.454955
14 -0.251339 -0.409775 0.204042 -0.370802 0.079191 0.093483 0.206184 -0.120882 -0.027869 -0.135910 0.310316 0.276389 -0.289721 -0.463673 0.283448 -0.518719 0.100906 -0.482873
16 -0.248577 -0.397173 0.200599 -0.337966 0.046186 0.080419 0.235857 -0.090166 -0.010260 -0.133831 0.298847 0.271983 -0.279879 -0.421701 0.298986 -0.538444 0.053062 -0.487191
13 -0.245170 -0.433210 0.228279 -0.331884 0.038979 0.035984 0.214986 -0.031054 0.017440 -0.114158 0.302833 0.238452 -0.217300 -0.449795 0.259842 -0.530550 0.071950 -0.462571
12 -0.293777 -0.451088 0.224843 -0.359632 0.041797 0.051911 0.191920 -0.085014 -0.014229 -0.111110 0.339589 0.287354 -0.258678 -0.424880 0.264666 -0.502214 0.072979 -0.459391
0 -0.289222 -0.471126 0.234598 -0.353533 0.020044 0.043299 0.195743 -0.017058 0.011663 -0.130562 0.348949 0.270076 -0.212529 -0.412774 0.271764 -0.548156 0.104340 -0.465079
10 -0.277584 -0.458140 0.208916 -0.319971 0.068968 0.055037 0.231418 -0.017506 0.049328 -0.167804 0.371513 0.290130 -0.249303 -0.412155 0.241331 -0.522328 0.106056 -0.461656
17 -0.299996 -0.465584 0.269176 -0.272390 0.004687 -0.013685 0.207448 0.063985 0.081152 -0.090723 0.299527 0.276308 -0.168616 -0.340052 0.202524 -0.479898 0.096273 -0.462494
7 -0.221572 -0.406109 0.163874 -0.348719 0.041099 0.092508 0.235273 -0.080720 0.013306 -0.157087 0.325143 0.268587 -0.264760 -0.486224 0.293831 -0.533772 0.086488 -0.479757
9 -0.266440 -0.424865 0.189985 -0.298916 0.043047 0.031258 0.193597 0.025656 0.047321 -0.133060 0.318150 0.265634 -0.201522 -0.423533 0.222860 -0.512147 0.082750 -0.404578
11 -0.323722 -0.491924 0.283517 -0.268298 0.039624 -0.020085 0.163045 0.097948 0.071636 -0.133674 0.287919 0.249773 -0.190307 -0.329593 0.247688 -0.527540 0.084655 -0.438489
4 -0.226009 -0.357071 0.131793 -0.323842 0.117199 0.050453 0.208677 -0.087992 -0.009887 -0.205379 0.426941 0.278054 -0.260627 -0.492968 0.253246 -0.544485 0.094858 -0.499446
8 -0.251722 -0.446074 0.228183 -0.290636 0.016888 0.056584 0.209254 -0.001588 0.014946 -0.098693 0.285956 0.252394 -0.240466 -0.394542 0.270600 -0.517499 0.106327 -0.422476
5 -0.212503 -0.397653 0.103352 -0.314560 0.104952 0.047420 0.239387 -0.109309 0.017131 -0.190061 0.395710 0.271820 -0.263197 -0.447826 0.251889 -0.531958 0.065951 -0.457042
