18 18
8 -0.094902 -0.409072 0.201766 -0.368367 -0.197808 0.134301 0.206206 0.117720 0.406322 0.001802 0.131740 0.364020 -0.026456 -0.153244 0.451921 -0.420985 -0.064866 -0.414211
9 -0.078879 -0.360636 0.096713 -0.361277 -0.226795 0.140162 0.193073 0.160427 0.467310 -0.062554 0.209606 0.452905 0.008172 -0.145821 0.440846 -0.395190 -0.123503 -0.396599
2 -0.028905 -0.338931 0.079204 -0.329881 -0.253639 0.130615 0.196228 0.196234 0.435197 -0.075697 0.220171 0.467689 0.036705 -0.119564 0.433063 -0.382542 -0.127714 -0.394840
16 -0.056939 -0.295866 0.089945 -0.314897 -0.229854 0.119527 0.193902 0.135314 0.405944 -0.051418 0.174430 0.415675 0.001347 -0.083046 0.420253 -0.358346 -0.140877 -0.388988
7 -0.019205 -0.322380 0.041698 -0.318010 -0.274554 0.151701 0.184815 0.196031 0.489195 -0.095037 0.232993 0.472661 0.027458 -0.112849 0.464462 -0.347129 -0.112338 -0.411716
4 -0.051798 -0.304857 0.073427 -0.315909 -0.228944 0.122623 0.157810 0.205420 0.467986 -0.102516 0.268782 0.475023 0.037092 -0.103397 0.441270 -0.372320 -0.121629 -0.422767
5 -0.068033 -0.384362 0.118757 -0.344019 -0.175151 0.110047 0.218547 0.112695 0.434260 -0.055216 0.198724 0.421951 -0.011503 -0.128626 0.440755 -0.414635 -0.123037 -0.439125
15 -0.137909 -0.426893 0.230063 -0.415079 -0.168583 0.151394 0.218888 0.087938 0.415542 -0.020776 0.154635 0.380004 -0.010654 -0.155427 0.458487 -0.445518 -0.111445 -0.453427
6 -0.074873 -0.370584 0.161093 -0.324120 -0.203514 0.139076 0.201272 0.156860 0.421479 -0.034598 0.184936 0.385651 -0.012677 -0.141467 0.449280 -0.384215 -0.094325 -0.428847
10 -0.062764 -0.368166 0.065812 -0.321612 -0.258788 0.180534 0.196624 0.221000 0.552823 -0.132794 0.313428 0.529630 -0.005363 -0.057725 0.476315 -0.357575 -0.108942 -0.423916
1 -0.128775 -0.411474 0.234173 -0.390012 -0.153790 0.091337 0.193435 0.130469 0.421138 -0.011055 0.117554 0.340779 0.002618 -0.172284 0.412190 -0.433614 -0.053870 -0.436739
14 -0.115522 -0.416769 0.219720 -0.397143 -0.160313 0.130341 0.191936 0.114878 0.414497 -0.015412 0.136273 0.401051 -0.024727 -0.155371 0.452154 -0.424847 -0.077013 -0.449152
17 -0.068452 -0.334849 0.110370 -0.282008 -0.231366 0.098191 0.181114 0.192419 0.462127 -0.056065 0.232349 0.442321 0.025534 -0.084062 0.397200 -0.333742 -0.094028 -0.420216
12 -0.089931 -0.385765 0.111550 -0.367750 -0.277439 0.128327 0.176907 0.150697 0.455010 -0.042336 0.247009 0.485942 0.005673 -0.100916 0.463947 -0.362893 -0.138287 -0.415701
0 -0.067517 -0.358230 0.090313 -0.356942 -0.272988 0.157828 0.174740 0.165640 0.456895 -0.074442 0.251540 0.457383 0.016006 -0.090649 0.469850 -0.372974 -0.098389 -0.406461
13 -0.084836 -0.381352 0.206695 -0.400025 -0.189232 0.116809 0.203957 0.103751 0.424802 -0.006592 0.134013 0.348650 0.003843 -0.180532 0.444985 -0.424213 -0.100245 -0.439017
11 -0.089958 -0.348175 0.116385 -0.285142 -0.181127 0.104164 0.148417 0.196562 0.457421 -0.101676 0.216322 0.411920 -0.011268 -0.081675 0.433890 -0.375471 -0.095876 -0.400525
3 -0.121798 -0.398157 0.196028 -0.378395 -0.198964 0.138852 0.222002 0.143126 0.435897 -0.056965 0.211121 0.413335 -0.034747 -0.168413 0.462446 -0.448441 -0.076967 -0.475293
