18 18
2 -0.272678 -0.522236 0.241467 -0.316481 -0.272174 -0.034819 -0.034913 0.263556 0.013611 0.038473 0.139923 0.501061 -0.027149 -0.229611 0.376806 -0.472665 -0.212864 -0.178237
9 -0.321256 -0.565846 0.253411 -0.337699 -0.312687 -0.040537 -0.044817 0.269873 0.084357 0.076509 0.164490 0.538026 -0.037844 -0.236673 0.402123 -0.480015 -0.198301 -0.191227
3 -0.324109 -0.522907 0.269980 -0.301472 -0.252825 -0.040721 -0.029812 0.253815 0.006518 0.023683 0.173490 0.476437 -0.076749 -0.250802 0.375523 -0.487799 -0.180730 -0.213448
1 -0.326153 -0.551046 0.289504 -0.336595 -0.272141 -0.068644 -0.040430 0.251949 0.086397 0.078390 0.124658 0.484223 -0.025231 -0.205834 0.379275 -0.469617 -0.168409 -0.229076
4 -0.298601 -0.511304 0.275745 -0.309848 -0.271799 -0.059949 -0.061891 0.272979 0.056333 0.066176 0.151657 0.503515 -0.016226 -0.217939 0.402471 -0.473873 -0.194020 -0.245815
8 -0.271594 -0.536478 0.269771 -0.296631 -0.313510 -0.023873 -0.004691 0.216252 0.057634 0.114467 0.124817 0.459997 -0.057781 -0.176958 0.393381 -0.440358 -0.142036 -0.199819
10 -0.295630 -0.542691 0.249224 -0.310328 -0.282437 -0.022959 -0.021723 0.254534 0.084041 0.050968 0.173806 0.508702 -0.056825 -0.196757 0.379391 -0.446784 -0.157712 -0.191250
12 -0.306005 -0.539354 0.234781 -0.309290 -0.305444 -0.049598 -0.062014 0.233523 0.027958 0.073906 0.196308 0.509274 -0.041404 -0.196218 0.364319 -0.416027 -0.194292 -0.157931
15 -0.364546 -0.572455 0.343789 -0.397080 -0.273387 0.010858 0.000393 0.153161 0.060625 0.095589 0.111226 0.503927 -0.061563 -0.165524 0.457633 -0.495414 -0.233404 -0.297299
0 -0.261609 -0.512274 0.267212 -0.332457 -0.322805 -0.010421 -0.004300 0.176038 0.076616 0.127847 0.122737 0.429853 -0.025433 -0.167058 0.392300 -0.416028 -0.115181 -0.229146
11 -0.316549 -0.553585 0.264247 -0.302040 -0.282530 -0.047887 -0.057123 0.265948 0.059788 0.047132 0.160123 0.500660 -0.060241 -0.188512 0.410289 -0.473248 -0.190193 -0.194347
6 -0.282996 -0.523504 0.239931 -0.273583 -0.259597 -0.029032 -0.031690 0.286688 0.040457 0.025417 0.169526 0.489223 -0.045637 -0.243635 0.396417 -0.462842 -0.208649 -0.212181
14 -0.383831 -0.664268 0.399465 -0.449226 -0.330488 -0.013879 -0.027886 0.203782 0.041523 0.156693 0.077052 0.583906 -0.074883 -0.218322 0.502371 -0.543080 -0.218896 -0.302989
13 -0.293629 -0.571592 0.337522 -0.391276 -0.341315 -0.022869 0.014240 0.161463 0.078994 0.174258 0.077975 0.475349 -0.034642 -0.198543 0.437598 -0.465770 -0.192122 -0.274849
17 -0.259341 -0.514537 0.274895 -0.291578 -0.347723 -0.037278 0.018947 0.196461 0.080416 0.157603 0.112826 0.464808 -0.018969 -0.151448 0.352029 -0.375152 -0.138601 -0.233669
7 -0.252931 -0.501361 0.211217 -0.301380 -0.292878 -0.023743 -0.039173 0.254779 0.075989 0.044472 0.138730 0.477510 -0.023093 -0.232405 0.388559 -0.432119 -0.174190 -0.191623
16 -0.291011 -0.482402 0.276118 -0.316999 -0.262891 -0.023496 0.004881 0.174258 0.058555 0.090598 0.087549 0.459430 -0.064878 -0.146265 0.405643 -0.445221 -0.199581 -0.260606
5 -0.281191 -0.530447 0.225879 -0.298074 -0.235672 -0.042854 0.000488 0.196638 0.094983 0.039628 0.168396 0.480392 -0.067198 -0.180961 0.402706 -0.470309 -0.188362 -0.247317
