18 18
3 -0.269273 -0.418865 0.437396 0.044853 0.049859 0.152895 0.435883 0.334305 0.259500 -0.095065 0.210594 0.294541 -0.247323 -0.263887 0.217236 -0.325760 -0.097858 -0.569949
10 -0.152591 -0.400633 0.328324 -0.012124 0.040981 0.184436 0.437828 0.220353 0.318310 -0.051474 0.138240 0.331015 -0.245914 -0.200871 0.269198 -0.278203 -0.159345 -0.504576
14 0.020356 -0.492964 0.203867 -0.203038 -0.002761 0.255432 0.437746 -0.009663 0.391367 0.116408 -0.025407 0.494793 -0.326632 -0.261658 0.465258 -0.240605 -0.241150 -0.495680
6 -0.236793 -0.433742 0.416327 0.079982 0.049834 0.171698 0.453285 0.349152 0.279337 -0.093949 0.222765 0.306021 -0.240458 -0.246047 0.240350 -0.306779 -0.129377 -0.574391
8 -0.021428 -0.461199 0.243336 -0.118709 -0.023190 0.226509 0.450409 0.057676 0.351636 0.087026 0.021686 0.413883 -0.309144 -0.230088 0.428156 -0.278761 -0.211517 -0.501743
5 -0.030927 -0.491588 0.203776 -0.129003 0.023334 0.214343 0.466996 0.053164 0.395531 0.042867 0.070119 0.463139 -0.310551 -0.245905 0.405747 -0.280996 -0.215897 -0.521041
2 -0.115594 -0.412984 0.317079 -0.042952 0.008060 0.174241 0.443752 0.205795 0.291775 -0.017871 0.110223 0.355933 -0.224401 -0.233285 0.305927 -0.307704 -0.204345 -0.519342
17 -0.269681 -0.427593 0.425627 0.087054 0.026631 0.134478 0.440662 0.378845 0.301388 -0.095306 0.242300 0.333401 -0.198623 -0.205984 0.185056 -0.285412 -0.109509 -0.572960
11 -0.249841 -0.430026 0.404796 0.050435 0.064609 0.148122 0.408448 0.341035 0.301813 -0.117836 0.185593 0.315028 -0.242237 -0.207891 0.264231 -0.336239 -0.151107 -0.547446
0 -0.051742 -0.443039 0.265847 -0.148883 -0.035954 0.217726 0.435142 0.063441 0.352987 0.066363 0.055542 0.391388 -0.265584 -0.226787 0.421866 -0.282988 -0.219977 -0.531666
1 -0.113923 -0.469460 0.299867 -0.101016 0.023215 0.167376 0.413310 0.154327 0.356671 0.026615 0.061238 0.382605 -0.248606 -0.243771 0.329839 -0.283145 -0.158003 -0.509452
15 -0.238274 -0.426013 0.394678 -0.001500 0.050232 0.178027 0.427307 0.263166 0.282225 -0.080987 0.185735 0.313126 -0.218211 -0.206951 0.242040 -0.303307 -0.145084 -0.538212
16 -0.016887 -0.374116 0.244719 -0.123616 -0.042644 0.190698 0.468604 -0.001568 0.341314 0.091748 -0.007169 0.360144 -0.279705 -0.159081 0.447749 -0.282133 -0.313533 -0.558506
4 -0.115361 -0.417886 0.298814 -0.067829 0.030520 0.172463 0.399573 0.182952 0.337206 -0.002791 0.118171 0.392585 -0.242044 -0.248197 0.326444 -0.282097 -0.168525 -0.532936
7 0.005744 -0.451752 0.166852 -0.154681 -0.024885 0.241056 0.398257 0.060678 0.390852 0.060189 0.023547 0.458375 -0.277299 -0.271597 0.410652 -0.219101 -0.188731 -0.451295
9 -0.046344 -0.426118 0.203869 -0.132177 -0.004252 0.208214 0.402189 0.090490 0.370649 0.053439 0.045242 0.426090 -0.262902 -0.268497 0.367321 -0.251568 -0.211154 -0.454151
13 -0.049272 -0.398190 0.291720 -0.106989 -0.025901 0.181276 0.459048 0.069406 0.347470 0.063584 0.041556 0.331229 -0.242267 -0.225736 0.391242 -0.274423 -0.279362 -0.556918
12 -0.083109 -0.483040 0.233459 -0.132344 -0.007155 0.198432 0.403571 0.074745 0.352734 0.057437 0.093652 0.468883 -0.290081 -0.227261 0.378452 -0.235959 -0.221773 -0.483324
