18 18
7 -0.375227 -0.459748 0.329780 -0.306426 0.165586 0.006518 0.099622 -0.011883 0.193582 -0.022792 0.107449 0.419014 -0.276904 -0.209536 0.269503 -0.310627 0.056271 -0.559203
15 -0.402325 -0.442428 0.346495 -0.286260 0.210506 0.013388 0.107920 -0.047166 0.162704 -0.043883 0.131050 0.388597 -0.285629 -0.144904 0.236070 -0.294352 0.033869 -0.540126
4 -0.403224 -0.398698 0.320384 -0.249639 0.254683 -0.034386 0.068320 0.002170 0.177256 -0.087860 0.180504 0.402548 -0.277482 -0.162471 0.210959 -0.292919 0.064970 -0.543913
8 -0.360084 -0.490871 0.387220 -0.288185 0.122879 0.013014 0.116161 0.002700 0.145675 0.045299 0.043033 0.394661 -0.296676 -0.207117 0.309571 -0.358076 0.049257 -0.558294
0 -0.407909 -0.458714 0.343520 -0.306293 0.194749 -0.003693 0.077387 -0.025492 0.167575 -0.036626 0.150248 0.416260 -0.292397 -0.172559 0.264228 -0.317182 0.079395 -0.560630
16 -0.359012 -0.406794 0.335719 -0.255046 0.174536 -0.011036 0.107477 -0.018850 0.144977 -0.010591 0.072555 0.383406 -0.294764 -0.154434 0.256932 -0.313834 0.034614 -0.542198
13 -0.390509 -0.505261 0.410104 -0.340449 0.166743 -0.013662 0.113780 -0.024261 0.177378 0.030618 0.064406 0.415803 -0.294200 -0.239317 0.307175 -0.363970 0.025182 -0.620000
1 -0.398032 -0.435991 0.335139 -0.272616 0.216294 -0.051093 0.091703 0.006513 0.195576 -0.044679 0.105788 0.383880 -0.266904 -0.169292 0.206220 -0.306727 0.080923 -0.541294
5 -0.381848 -0.438821 0.285504 -0.253933 0.249741 -0.020557 0.127292 -0.052616 0.191875 -0.080908 0.170360 0.422111 -0.329678 -0.144430 0.233316 -0.309412 0.054395 -0.559670
14 -0.381245 -0.421236 0.337061 -0.267389 0.235778 -0.009597 0.080051 -0.029046 0.148353 -0.032849 0.097916 0.402978 -0.318109 -0.171066 0.222057 -0.282220 0.090354 -0.523048
3 -0.385646 -0.376100 0.325379 -0.227766 0.214805 -0.027867 0.102919 -0.010020 0.135636 -0.064996 0.132304 0.339500 -0.303733 -0.181515 0.198064 -0.306663 0.097056 -0.520859
6 -0.376640 -0.448548 0.348484 -0.248200 0.196716 0.000847 0.115924 -0.004177 0.154203 -0.023059 0.123622 0.398195 -0.306138 -0.187932 0.261903 -0.308298 0.047574 -0.567214
10 -0.391234 -0.447255 0.324074 -0.273026 0.225434 0.010191 0.115420 -0.021357 0.194917 -0.062854 0.151847 0.431469 -0.317374 -0.153473 0.227697 -0.284386 0.070502 -0.540717
9 -0.384735 -0.429405 0.326436 -0.285977 0.178496 -0.018494 0.084411 0.012648 0.184812 -0.015940 0.093532 0.405380 -0.268126 -0.212767 0.234976 -0.325606 0.042551 -0.517437
17 -0.376739 -0.463224 0.369769 -0.271305 0.129608 -0.018030 0.111476 0.013029 0.176031 0.031407 0.088757 0.426062 -0.265255 -0.185210 0.256291 -0.305510 0.046071 -0.570695
2 -0.391680 -0.501957 0.388274 -0.320934 0.171696 0.000635 0.120506 0.006266 0.140834 -0.002619 0.089780 0.449672 -0.294814 -0.229232 0.282144 -0.369667 0.042613 -0.582152
12 -0.433210 -0.461412 0.335397 -0.300158 0.209444 -0.031153 0.071451 -0.047725 0.159787 -0.036917 0.171580 0.435201 -0.297825 -0.153772 0.223511 -0.274632 0.040104 -0.529778
11 -0.395500 -0.459953 0.358169 -0.262247 0.195308 -0.023884 0.081827 0.018765 0.180118 -0.035483 0.087805 0.397801 -0.300231 -0.175284 0.282452 -0.345558 0.042453 -0.557696
