18 18
11 -0.240843 -0.588110 0.315242 -0.084039 0.029506 0.119201 0.298621 -0.110476 0.075889 0.037876 0.174069 0.227665 -0.441737 -0.262920 0.437039 -0.262030 -0.250709 -0.478714
13 -0.209266 -0.615653 0.342769 -0.124829 0.002700 0.126283 0.368509 -0.160880 0.069735 0.088183 0.174433 0.228552 -0.450263 -0.346508 0.448807 -0.272256 -0.282683 -0.535844
3 -0.265438 -0.605305 0.343226 -0.099667 0.029005 0.120356 0.348683 -0.138162 0.040436 0.052136 0.200146 0.234114 -0.480650 -0.329971 0.419148 -0.283145 -0.231444 -0.518140
6 -0.240694 -0.621521 0.340290 -0.068602 0.027563 0.145879 0.352286 -0.121518 0.049725 0.062798 0.201011 0.230058 -0.477305 -0.314021 0.451849 -0.264218 -0.248887 -0.512173
9 -0.239194 -0.595641 0.294429 -0.110045 0.019713 0.129378 0.326430 -0.126047 0.089601 0.056672 0.187035 0.263720 -0.444692 -0.319545 0.417019 -0.260011 -0.259897 -0.473369
12 -0.263650 -0.627227 0.316809 -0.120122 0.007663 0.118723 0.307579 -0.160304 0.045251 0.076710 0.209529 0.278559 -0.457331 -0.275446 0.431039 -0.238237 -0.273266 -0.467691
8 -0.225292 -0.645939 0.353357 -0.070670 -0.005060 0.160715 0.362951 -0.115932 0.069961 0.104631 0.159039 0.259610 -0.497143 -0.281817 0.433603 -0.248191 -0.174595 -0.474431
14 -0.244254 -0.647433 0.353448 -0.110679 0.027737 0.148870 0.332414 -0.138767 0.063316 0.086403 0.158505 0.279484 -0.482961 -0.289131 0.437035 -0.240372 -0.220704 -0.500080
17 -0.226571 -0.614107 0.321889 -0.064232 -0.012627 0.116567 0.352623 -0.104185 0.098260 0.096545 0.182256 0.288896 -0.450232 -0.268032 0.396980 -0.220258 -0.206362 -0.498646
5 -0.217226 -0.602807 0.276736 -0.096662 0.035567 0.113424 0.339800 -0.149611 0.088653 0.044457 0.193219 0.260561 -0.450678 -0.278745 0.423861 -0.266416 -0.251246 -0.484672
15 -0.221312 -0.545602 0.302096 -0.103846 0.018626 0.145859 0.311762 -0.138967 0.052811 0.048230 0.167366 0.209089 -0.391119 -0.251037 0.387686 -0.232857 -0.232796 -0.456835
7 -0.205889 -0.597331 0.293146 -0.109668 -0.004641 0.146790 0.338268 -0.132093 0.086651 0.055836 0.173577 0.245446 -0.440135 -0.328537 0.448245 -0.252312 -0.250041 -0.493435
2 -0.201664 -0.605102 0.316381 -0.101891 0.003772 0.130627 0.348122 -0.111939 0.040283 0.068186 0.164095 0.257873 -0.435082 -0.316284 0.420075 -0.275546 -0.249106 -0.472108
10 -0.212287 -0.620189 0.317842 -0.070643 0.017803 0.173199 0.365502 -0.118733 0.098190 0.069241 0.180017 0.283771 -0.486633 -0.250238 0.395010 -0.204932 -0.180346 -0.465258
16 -0.003066 0.009981 0.006043 0.000869 -0.007381 -0.001770 0.017455 -0.006904 0.000948 0.004908 -0.016488 0.011175 -0.012361 0.022003 0.021550 -0.015661 -0.025305 -0.027720
1 -0.027660 -0.027217 0.026180 -0.019122 0.012075 -0.026796 -0.004699 0.019366 0.022084 0.001540 -0.016522 -0.005216 0.015504 -0.011155 -0.013895 -0.016653 0.015775 -0.011908
0 -0.005399 -0.014495 0.001279 -0.026652 -0.021820 0.016369 -0.010898 -0.008016 -0.006711 0.000758 0.022893 0.001004 0.004839 -0.000095 0.023655 -0.011355 0.019530 -0.003746
4 -0.000863 0.026536 0.000487 0.011658 0.016931 -0.018308 -0.024615 0.027506 0.003913 -0.015616 0.024595 0.006644 0.019102 -0.007194 -0.007301 -0.006238 0.005807 -0.017039
