18 18
15 -0.277170 -0.397631 0.457047 -0.259208 -0.159392 0.052757 0.352438 -0.036446 0.238888 0.157113 0.027625 0.343621 -0.079323 -0.081710 0.178605 -0.199919 -0.188532 -0.547476
11 -0.335254 -0.410345 0.481992 -0.243390 -0.155267 -0.024699 0.275657 0.000131 0.281356 0.141146 0.024239 0.376931 -0.110782 -0.054613 0.223859 -0.225117 -0.246443 -0.605265
13 -0.289179 -0.375084 0.487006 -0.275984 -0.188659 -0.005843 0.349482 -0.055363 0.268286 0.200456 -0.011409 0.346150 -0.070405 -0.126306 0.167956 -0.184887 -0.247165 -0.612176
16 -0.274500 -0.439944 0.468588 -0.240183 -0.159569 0.032095 0.337539 0.003172 0.271229 0.154819 0.005407 0.381569 -0.148020 -0.047253 0.262604 -0.245727 -0.186396 -0.576097
14 -0.268653 -0.409245 0.480621 -0.252287 -0.147763 0.026825 0.309081 -0.011544 0.227272 0.184733 -0.016817 0.357494 -0.106211 -0.098881 0.190136 -0.192527 -0.159089 -0.556729
1 -0.266356 -0.457512 0.497227 -0.247125 -0.144833 0.020818 0.354650 0.044135 0.270901 0.171455 -0.025961 0.334152 -0.096780 -0.111175 0.197639 -0.248152 -0.117180 -0.542415
0 -0.240227 -0.470111 0.438920 -0.262208 -0.168336 0.072197 0.309698 0.004378 0.266848 0.143644 0.057099 0.367646 -0.132592 -0.078457 0.290699 -0.254408 -0.129088 -0.542418
7 -0.291577 -0.406288 0.451945 -0.270647 -0.193519 0.025088 0.331910 -0.025280 0.291074 0.156877 0.026342 0.390062 -0.094257 -0.115281 0.209467 -0.195560 -0.216581 -0.605385
3 -0.323224 -0.365935 0.505417 -0.245792 -0.168243 0.003335 0.360260 -0.027478 0.209770 0.169371 0.014873 0.321955 -0.092718 -0.128084 0.121640 -0.192317 -0.182535 -0.585384
4 -0.284565 -0.410560 0.473975 -0.239691 -0.151872 -0.000951 0.286313 0.026543 0.269237 0.148050 0.055686 0.383958 -0.094104 -0.086294 0.225362 -0.232399 -0.186787 -0.599122
6 -0.222710 -0.484530 0.473124 -0.210396 -0.151083 0.076481 0.374956 0.048302 0.272133 0.162138 0.026623 0.358743 -0.142079 -0.103865 0.275269 -0.254708 -0.127802 -0.562679
8 -0.228808 -0.458148 0.453654 -0.222466 -0.169078 0.056869 0.327353 0.022843 0.246060 0.174646 0.011801 0.355174 -0.133967 -0.080941 0.257847 -0.243196 -0.125987 -0.523921
17 -0.301926 -0.366829 0.467802 -0.231503 -0.195248 -0.024563 0.341497 -0.015246 0.269246 0.189979 0.023270 0.371093 -0.051921 -0.089583 0.125437 -0.155637 -0.213711 -0.596383
5 -0.265566 -0.462690 0.422098 -0.250661 -0.145106 0.031590 0.356834 -0.028375 0.297371 0.123551 0.072042 0.400586 -0.134614 -0.070607 0.252913 -0.255749 -0.201771 -0.584285
10 -0.222772 -0.469127 0.422740 -0.220323 -0.132066 0.087246 0.344216 0.027104 0.295533 0.116240 0.052395 0.372539 -0.157017 -0.051830 0.258473 -0.228530 -0.120853 -0.502304
2 -0.267602 -0.410629 0.470325 -0.259085 -0.183977 0.020632 0.347458 0.004878 0.225444 0.166099 0.018165 0.375633 -0.071250 -0.109436 0.176778 -0.221291 -0.206720 -0.547649
9 -0.298815 -0.435279 0.457077 -0.268910 -0.169624 0.037071 0.365001 -0.005820 0.299100 0.157905 0.035566 0.403085 -0.107800 -0.124912 0.203042 -0.232818 -0.207110 -0.580977
12 -0.351784 -0.431815 0.489837 -0.275437 -0.183014 -0.013881 0.294816 -0.049958 0.239626 0.183045 0.058292 0.408690 -0.110982 -0.058930 0.191095 -0.181205 -0.248912 -0.586700
