18 18
0 -0.223760 -0.493891 0.101809 -0.409429 -0.187297 0.191127 0.270602 -0.146059 0.383752 0.057839 0.193721 0.476389 -0.156635 -0.021884 0.259821 -0.161524 -0.010951 -0.301628
10 -0.218059 -0.547535 0.081160 -0.411808 -0.178684 0.260770 0.317255 -0.203644 0.489640 0.065609 0.184244 0.555012 -0.227385 0.069127 0.279857 -0.070171 -0.070824 -0.274520
9 -0.248139 -0.555211 0.089729 -0.455839 -0.198955 0.254019 0.287902 -0.223461 0.488376 0.099837 0.167603 0.572944 -0.215516 0.042893 0.308346 -0.089838 -0.113135 -0.274722
1 -0.234844 -0.527198 0.125543 -0.413684 -0.164928 0.150963 0.330305 -0.079707 0.454306 0.046509 0.175746 0.504465 -0.135831 -0.088573 0.215525 -0.200009 0.013124 -0.365360
3 -0.258400 -0.530658 0.120221 -0.395157 -0.166964 0.147219 0.370473 -0.064634 0.414875 0.003296 0.235491 0.521883 -0.186026 -0.148300 0.205850 -0.259180 0.037896 -0.398264
5 -0.204192 -0.489775 0.061103 -0.355632 -0.134635 0.148235 0.296641 -0.124099 0.404452 0.020447 0.191268 0.483811 -0.172856 -0.038037 0.231861 -0.179937 -0.032914 -0.317620
2 -0.219489 -0.547789 0.102924 -0.430648 -0.189054 0.180687 0.343890 -0.092408 0.435361 0.040862 0.193262 0.558843 -0.153474 -0.087852 0.245865 -0.216600 -0.034842 -0.346416
15 -0.241776 -0.525509 0.122548 -0.442987 -0.179552 0.240018 0.321713 -0.215596 0.432529 0.071816 0.181198 0.499082 -0.171287 0.021897 0.273258 -0.128283 -0.066963 -0.324870
8 -0.236635 -0.567250 0.121695 -0.411559 -0.198084 0.202545 0.345840 -0.130589 0.445070 0.069151 0.182917 0.535692 -0.199875 -0.033862 0.277350 -0.193482 -0.013812 -0.344631
17 -0.215146 -0.502023 0.101088 -0.367762 -0.198305 0.185955 0.299573 -0.156983 0.435413 0.092182 0.171223 0.517221 -0.174810 0.032336 0.245979 -0.094431 -0.055723 -0.312804
13 -0.187189 -0.522511 0.111769 -0.452701 -0.209039 0.258085 0.321748 -0.249016 0.470693 0.124064 0.144972 0.512584 -0.193350 0.028781 0.303939 -0.074582 -0.103724 -0.303420
7 -0.199629 -0.520078 0.082691 -0.422393 -0.205593 0.233995 0.311314 -0.163161 0.476150 0.069591 0.163964 0.538665 -0.179764 -0.014611 0.295302 -0.124296 -0.049107 -0.328168
16 -0.223856 -0.513222 0.117029 -0.427238 -0.197035 0.231537 0.351367 -0.197872 0.450063 0.084702 0.163836 0.526434 -0.194643 0.027041 0.289011 -0.139103 -0.071046 -0.351993
11 -0.249560 -0.533831 0.105647 -0.389759 -0.156568 0.201848 0.238438 -0.176752 0.449593 0.057590 0.152382 0.521983 -0.227903 0.067770 0.316433 -0.115708 -0.108045 -0.280396
6 -0.201778 -0.532081 0.118291 -0.378161 -0.182274 0.209511 0.370511 -0.086484 0.440445 0.056593 0.201546 0.521122 -0.172963 -0.089250 0.259065 -0.182453 -0.012381 -0.377209
4 -0.245634 -0.523679 0.106901 -0.419699 -0.156356 0.157624 0.325459 -0.079005 0.467410 0.015834 0.244864 0.563745 -0.149856 -0.091610 0.233534 -0.222845 -0.001811 -0.398132
14 -0.226996 -0.538846 0.135310 -0.443737 -0.174532 0.244364 0.290861 -0.212865 0.421479 0.106635 0.132927 0.527871 -0.206192 0.023144 0.283673 -0.090715 -0.062335 -0.299855
12 -0.261584 -0.554060 0.100938 -0.428318 -0.187214 0.182727 0.260347 -0.188529 0.422270 0.080220 0.202705 0.564713 -0.203350 0.023610 0.277919 -0.116147 -0.096458 -0.297601
