18 18
10 -0.417340 -0.592240 0.192376 -0.245260 -0.054442 0.024218 0.030182 -0.009179 0.336937 -0.067116 0.312375 0.558622 -0.160236 0.263515 0.250601 -0.097128 -0.204647 -0.237863
9 -0.415834 -0.573942 0.188018 -0.273336 -0.065654 0.001043 0.006820 0.007918 0.319518 -0.039980 0.272144 0.536006 -0.128131 0.172597 0.246538 -0.134143 -0.196096 -0.224902
0 -0.414815 -0.592912 0.213424 -0.293682 -0.100210 0.029489 0.002049 -0.018535 0.300841 -0.029969 0.291453 0.526546 -0.122932 0.214700 0.281739 -0.123373 -0.166718 -0.245676
13 -0.406812 -0.593670 0.241167 -0.291830 -0.093074 0.014902 0.020288 -0.037718 0.316670 -0.008316 0.261107 0.521728 -0.136661 0.210898 0.288175 -0.116005 -0.221192 -0.264276
1 -0.429864 -0.584471 0.232110 -0.281149 -0.045043 -0.055808 0.003615 0.036358 0.311364 -0.038259 0.254000 0.491859 -0.093527 0.145380 0.217218 -0.166829 -0.145228 -0.284175
17 -0.419255 -0.589770 0.223629 -0.248027 -0.114179 -0.003375 0.029789 -0.006043 0.349817 -0.002674 0.285859 0.566020 -0.126488 0.254967 0.264043 -0.087302 -0.206793 -0.285565
2 -0.446236 -0.646206 0.224033 -0.307811 -0.047123 -0.052983 0.013605 0.066500 0.298838 -0.080436 0.334340 0.602009 -0.115643 0.126397 0.249150 -0.228224 -0.176348 -0.304143
16 -0.415046 -0.563727 0.227476 -0.256111 -0.096081 0.022041 0.032213 -0.038733 0.319300 -0.010613 0.243762 0.535630 -0.147490 0.285042 0.289910 -0.097820 -0.235315 -0.274296
6 -0.446119 -0.648888 0.252565 -0.275819 -0.068275 0.012106 0.021763 0.018771 0.317963 -0.039739 0.305065 0.561906 -0.152039 0.190759 0.305432 -0.151617 -0.206579 -0.307134
12 -0.451005 -0.612339 0.209586 -0.269011 -0.070884 0.004609 -0.010100 -0.042683 0.295410 -0.038329 0.326805 0.574557 -0.166390 0.273396 0.270016 -0.087804 -0.256051 -0.223263
15 -0.457935 -0.614815 0.249218 -0.295871 -0.076037 0.047279 0.020806 -0.048015 0.313537 -0.039493 0.288836 0.534234 -0.138149 0.251194 0.282523 -0.109439 -0.228031 -0.260313
11 -0.472587 -0.638897 0.240683 -0.259311 -0.048528 0.005472 -0.014348 0.008893 0.338256 -0.074296 0.293073 0.558219 -0.175185 0.270745 0.306062 -0.135605 -0.230456 -0.252325
14 -0.435833 -0.596094 0.251223 -0.295265 -0.052663 0.011339 -0.008461 -0.010062 0.278811 -0.027084 0.255544 0.533738 -0.137478 0.192299 0.252828 -0.120521 -0.162568 -0.260954
5 -0.395416 -0.565365 0.167051 -0.244235 -0.014774 -0.046177 0.028617 0.002138 0.298942 -0.078971 0.303333 0.518905 -0.142879 0.170660 0.232630 -0.178479 -0.178081 -0.280199
8 -0.462370 -0.675346 0.252464 -0.298219 -0.056286 -0.050827 0.019028 0.066719 0.318124 -0.055735 0.331849 0.595729 -0.146586 0.128302 0.283719 -0.243548 -0.157269 -0.333709
3 -0.501964 -0.628559 0.267429 -0.291374 -0.009751 -0.084762 0.009701 0.079454 0.270264 -0.109211 0.380225 0.569495 -0.158159 0.081473 0.232360 -0.267609 -0.131524 -0.368127
7 -0.389086 -0.584786 0.200553 -0.277965 -0.091270 0.016852 0.013639 0.016898 0.335208 -0.042941 0.258250 0.524621 -0.125427 0.160503 0.289096 -0.136421 -0.178431 -0.271587
4 -0.518734 -0.653128 0.267308 -0.304325 0.001943 -0.093309 -0.034527 0.094499 0.317706 -0.125028 0.426189 0.635524 -0.132082 0.128195 0.262182 -0.253372 -0.181134 -0.382629
