18 18
3 -0.368039 -0.354932 0.346530 -0.140379 0.052788 0.051919 0.192416 0.268878 0.111704 -0.050936 0.319306 0.424852 -0.132567 -0.370998 0.025692 -0.312391 0.124414 -0.435257
14 -0.336873 -0.343947 0.345240 -0.153218 0.065365 0.068028 0.163513 0.292061 0.103142 -0.036514 0.238044 0.412797 -0.087909 -0.372829 0.033692 -0.315165 0.158735 -0.421587
9 -0.378612 -0.387684 0.321433 -0.162627 0.051173 0.050045 0.176088 0.285240 0.166489 -0.040453 0.325665 0.485915 -0.105929 -0.368050 0.029395 -0.303193 0.075491 -0.406644
15 -0.371382 -0.379926 0.360788 -0.166949 0.054392 0.081109 0.193533 0.258941 0.119137 -0.051580 0.304977 0.435370 -0.093372 -0.346413 0.048817 -0.323215 0.094831 -0.453127
0 -0.359822 -0.380864 0.342980 -0.182217 0.021618 0.069477 0.173338 0.275268 0.116703 -0.034940 0.317043 0.449625 -0.091314 -0.361940 0.067967 -0.332983 0.125145 -0.436227
1 -0.378780 -0.380862 0.358164 -0.163121 0.070723 0.023693 0.170731 0.297225 0.143851 -0.047791 0.274852 0.413819 -0.089216 -0.362445 0.022398 -0.332438 0.131584 -0.435480
10 -0.370867 -0.409993 0.325758 -0.159581 0.067364 0.067425 0.190633 0.244495 0.182243 -0.056900 0.368047 0.500002 -0.150244 -0.307918 0.021887 -0.251170 0.067144 -0.394067
12 -0.603892 -0.724479 0.439640 -0.304822 0.060501 -0.038466 0.133125 0.066106 0.267315 0.035523 0.692280 0.769466 -0.318212 -0.200450 0.057897 -0.117702 -0.204478 -0.390318
11 -0.457735 -0.530644 0.361645 -0.200382 0.077474 -0.015686 0.117165 0.164238 0.219792 -0.029100 0.468794 0.573050 -0.227913 -0.207200 0.066955 -0.199765 -0.081706 -0.356295
8 -0.378540 -0.421405 0.374782 -0.150918 0.038005 0.060271 0.204365 0.294106 0.141150 -0.024186 0.314037 0.472146 -0.135247 -0.355684 0.059620 -0.343091 0.120693 -0.446548
2 -0.357719 -0.409463 0.342070 -0.167608 0.051941 0.033853 0.181601 0.266010 0.119188 -0.038976 0.341382 0.490077 -0.118050 -0.347358 0.034533 -0.309721 0.046156 -0.406417
4 -0.351253 -0.343008 0.333608 -0.136782 0.070632 0.031760 0.151543 0.293400 0.134268 -0.057840 0.339151 0.449421 -0.096251 -0.349962 0.030575 -0.303751 0.106235 -0.438247
6 -0.336764 -0.370116 0.339201 -0.115899 0.050442 0.059232 0.190871 0.289111 0.115663 -0.041239 0.333134 0.442655 -0.113213 -0.367278 0.058483 -0.307693 0.089611 -0.463027
7 -0.340263 -0.380105 0.320667 -0.171590 0.019373 0.073566 0.181483 0.287071 0.158526 -0.040509 0.312339 0.477400 -0.095446 -0.394811 0.070627 -0.309575 0.107152 -0.450892
5 -0.394817 -0.467730 0.327735 -0.192106 0.069010 0.027410 0.193731 0.199283 0.186327 -0.041483 0.403589 0.527063 -0.167412 -0.314477 0.065797 -0.293592 0.017551 -0.434267
13 -0.583200 -0.722780 0.458775 -0.319293 0.064836 -0.038385 0.160642 0.074856 0.307197 0.039405 0.661285 0.750199 -0.306182 -0.233412 0.063187 -0.140656 -0.215117 -0.405175
17 -0.393268 -0.428913 0.355110 -0.157627 0.021261 0.013409 0.180850 0.239477 0.178377 -0.003584 0.396671 0.531902 -0.129063 -0.305531 0.030857 -0.242550 0.035520 -0.456667
16 -0.353052 -0.358512 0.335059 -0.149264 0.038000 0.057733 0.189588 0.264147 0.125997 -0.032657 0.287927 0.460378 -0.114682 -0.328802 0.066120 -0.314656 0.070756 -0.447575
