18 18
15 -0.290641 -0.473033 0.240338 -0.178462 0.114579 0.001063 0.254524 0.035053 0.275855 -0.137368 0.235144 0.360040 -0.188997 -0.016692 0.310829 -0.465552 -0.066377 -0.527808
14 -0.324192 -0.513285 0.287175 -0.147623 0.133145 -0.030270 0.185653 0.085399 0.298995 -0.095912 0.215226 0.461906 -0.213446 0.039912 0.318449 -0.383963 -0.055753 -0.577448
8 -0.266358 -0.514037 0.233436 -0.185286 0.107480 0.007883 0.304076 0.059567 0.303479 -0.142834 0.235695 0.363867 -0.235219 -0.079055 0.352896 -0.561013 -0.000284 -0.558770
5 -0.268291 -0.502648 0.191628 -0.176961 0.135475 -0.024802 0.294711 0.027540 0.299810 -0.169379 0.269100 0.382403 -0.227320 -0.046733 0.321514 -0.532118 -0.039898 -0.559869
0 -0.297594 -0.498635 0.234490 -0.180212 0.097211 -0.012012 0.232416 0.053823 0.276722 -0.128135 0.260603 0.388647 -0.209562 -0.011994 0.329398 -0.458144 -0.023365 -0.551641
1 -0.299105 -0.495787 0.264121 -0.175496 0.121154 -0.051241 0.227708 0.089508 0.312793 -0.111939 0.204558 0.384605 -0.185049 -0.029353 0.302923 -0.461936 -0.026882 -0.556098
2 -0.268126 -0.508310 0.233810 -0.165322 0.109563 -0.023571 0.278458 0.088889 0.287601 -0.140916 0.250456 0.432200 -0.210533 -0.039765 0.330418 -0.514367 -0.059368 -0.569022
6 -0.267550 -0.476647 0.236920 -0.101328 0.103680 -0.019267 0.233619 0.092275 0.288580 -0.100693 0.233310 0.397256 -0.208142 0.008829 0.310279 -0.379967 -0.061810 -0.544749
17 -0.307430 -0.502592 0.269071 -0.090723 0.080921 -0.048962 0.217223 0.118971 0.344521 -0.074275 0.242802 0.490814 -0.195635 0.077794 0.308918 -0.346082 -0.073892 -0.610688
16 -0.317613 -0.490856 0.274438 -0.141840 0.109460 -0.046052 0.241124 0.069891 0.293968 -0.101590 0.215115 0.442711 -0.223665 0.048868 0.341814 -0.440934 -0.100199 -0.608914
7 -0.254388 -0.482721 0.207155 -0.152209 0.087305 0.007335 0.258831 0.083029 0.328380 -0.137660 0.233550 0.406062 -0.208427 -0.039636 0.337074 -0.446622 -0.026392 -0.553554
10 -0.288387 -0.495205 0.213521 -0.120685 0.128041 0.008450 0.242547 0.081296 0.331474 -0.150299 0.272192 0.440892 -0.230604 0.037749 0.293086 -0.382883 -0.030336 -0.531227
4 -0.294473 -0.453098 0.247236 -0.138203 0.133739 -0.052299 0.192070 0.107052 0.293393 -0.134495 0.250704 0.409024 -0.178453 -0.011245 0.310546 -0.454154 -0.052647 -0.575419
3 -0.303162 -0.487051 0.245418 -0.167381 0.127404 -0.020868 0.295352 0.063678 0.268660 -0.168436 0.270187 0.358301 -0.239761 -0.080204 0.311283 -0.547422 -0.007462 -0.579903
12 -0.329010 -0.516758 0.251656 -0.135683 0.089417 -0.045760 0.198643 0.056209 0.290102 -0.083315 0.270690 0.473212 -0.213644 0.069156 0.306848 -0.350016 -0.101210 -0.554500
11 -0.315624 -0.493553 0.263886 -0.109257 0.116890 -0.051695 0.175870 0.109735 0.311711 -0.109102 0.215608 0.438329 -0.207071 0.065959 0.327972 -0.386827 -0.086963 -0.558905
13 -0.272005 -0.475459 0.261247 -0.157308 0.096706 -0.051491 0.217674 0.052814 0.298778 -0.070297 0.202839 0.408008 -0.185180 0.009746 0.322399 -0.400040 -0.104633 -0.566360
9 -0.294231 -0.483620 0.205540 -0.185251 0.115549 -0.018758 0.262150 0.064526 0.309226 -0.148106 0.246925 0.382494 -0.207081 -0.076449 0.317856 -0.523535 -0.050534 -0.543609
