18 18
13 -0.048517 -0.407002 0.909798 -0.065312 -0.721262 0.109689 0.308000 0.396949 0.203322 0.607045 -0.170133 0.306028 0.149113 -0.029243 0.232809 0.148587 0.157759 -0.702858
14 -0.062244 -0.427388 0.750742 -0.086455 -0.577814 0.124456 0.318264 0.316132 0.229386 0.497377 -0.111172 0.363656 0.067759 -0.066248 0.206569 0.086885 0.168750 -0.638739
15 -0.032228 -0.356391 0.772074 -0.049344 -0.626606 0.174838 0.330503 0.348843 0.171302 0.494914 -0.109218 0.271231 0.119289 -0.061902 0.202260 0.103810 0.203121 -0.642458
10 -0.017066 -0.378112 0.781404 -0.039143 -0.644372 0.173423 0.358559 0.374487 0.227162 0.508441 -0.105751 0.318269 0.100211 -0.060879 0.189510 0.133039 0.230266 -0.655032
6 -0.006417 -0.383243 0.762033 -0.024825 -0.636468 0.163545 0.345469 0.367644 0.189457 0.513715 -0.101799 0.282565 0.092142 -0.100601 0.227286 0.094926 0.213277 -0.666813
3 -0.026849 -0.379083 0.751603 -0.042917 -0.634571 0.165375 0.370348 0.343415 0.185524 0.487129 -0.082359 0.283202 0.061645 -0.121254 0.210461 0.054647 0.233381 -0.663602
17 -0.046861 -0.364658 0.614112 -0.034133 -0.528794 0.066832 0.312608 0.298019 0.252616 0.439893 -0.063171 0.355871 0.085558 -0.039371 0.144770 0.098169 0.130972 -0.590004
8 0.020540 -0.390687 0.663192 -0.044314 -0.593461 0.171986 0.368224 0.303897 0.196800 0.486295 -0.093443 0.286752 0.059838 -0.126163 0.217220 0.042440 0.226181 -0.590859
5 -0.385914 -1.440634 -0.386557 -0.458733 0.097975 -0.165725 1.088380 -0.366435 1.621990 -0.020922 0.675749 1.927592 -0.717267 -0.242970 0.471099 -0.680151 -0.674414 -1.037099
9 -0.394414 -1.359288 -0.484316 -0.458596 0.154299 -0.175468 1.009478 -0.355109 1.622406 -0.060450 0.674055 1.907939 -0.696608 -0.295172 0.409764 -0.667405 -0.693463 -0.907604
2 -0.018906 -0.366631 0.722755 -0.054413 -0.599268 0.124198 0.325347 0.365527 0.194921 0.476703 -0.107048 0.331741 0.112105 -0.078884 0.180957 0.078031 0.166371 -0.620193
12 -0.221054 -0.440711 0.692297 -0.094514 -0.536066 -0.050880 0.147055 0.257395 0.232227 0.458441 -0.071836 0.444611 0.058481 0.176725 0.209494 0.141106 -0.084442 -0.521525
11 -0.147940 -0.419620 0.738038 -0.048765 -0.581337 0.039940 0.206034 0.336155 0.235604 0.455465 -0.109168 0.373312 0.058807 0.109382 0.252421 0.103493 0.038760 -0.566396
0 -0.041638 -0.397221 0.692060 -0.079917 -0.607420 0.147796 0.311177 0.298879 0.204284 0.467975 -0.066697 0.306421 0.077557 -0.058999 0.234031 0.060877 0.183485 -0.604467
7 -0.004658 -0.358182 0.695071 -0.051569 -0.629987 0.152135 0.304631 0.334897 0.204924 0.477188 -0.114783 0.288451 0.099065 -0.068085 0.223474 0.103387 0.183212 -0.588343
4 -0.086189 -0.389313 0.672824 -0.052765 -0.538256 0.055321 0.289532 0.339374 0.285424 0.433163 -0.045401 0.407998 0.085655 -0.019096 0.184952 0.075732 0.100083 -0.634839
16 -0.182296 -0.396251 0.730554 -0.062384 -0.568141 -0.009629 0.188413 0.292892 0.215978 0.469283 -0.130933 0.389398 0.061931 0.177818 0.243087 0.115626 -0.035113 -0.567715
1 -0.128963 -0.447604 0.694624 -0.090201 -0.516221 0.015009 0.292224 0.320071 0.303692 0.444530 -0.093211 0.394931 0.081956 -0.021151 0.174436 0.053756 0.084861 -0.624648
