18 18
2 -0.097200 -0.641681 0.166443 -0.365049 -0.138442 0.124217 0.245261 0.225933 0.310132 -0.020262 0.017029 0.363229 -0.088347 -0.277607 0.331994 -0.511031 0.029949 -0.121075
0 -0.139370 -0.682857 0.189451 -0.413678 -0.151881 0.135350 0.231361 0.208089 0.349785 -0.012318 0.047431 0.373663 -0.095321 -0.279656 0.363387 -0.525200 0.061345 -0.153438
8 -0.120511 -0.635662 0.190608 -0.342719 -0.140511 0.129931 0.237451 0.198398 0.318656 0.012779 -0.000919 0.330644 -0.115077 -0.251752 0.336301 -0.484085 0.066447 -0.131077
1 -0.153216 -0.668004 0.203360 -0.398105 -0.110077 0.088578 0.223624 0.216147 0.355649 -0.012414 -0.012630 0.337493 -0.077514 -0.282679 0.325006 -0.525778 0.055115 -0.151966
14 -0.150445 -0.644342 0.213761 -0.404995 -0.096703 0.116069 0.201441 0.171527 0.299706 0.000520 -0.012039 0.348842 -0.105354 -0.265559 0.326373 -0.484650 0.046982 -0.145275
12 -0.160994 -0.633120 0.189303 -0.396510 -0.124016 0.095039 0.199211 0.145424 0.289841 0.012062 0.037914 0.351193 -0.101061 -0.243962 0.317145 -0.461195 0.005064 -0.132193
17 -0.121798 -0.634471 0.173616 -0.340131 -0.152159 0.093781 0.242082 0.232352 0.367779 0.008535 0.035930 0.387190 -0.076871 -0.243208 0.295808 -0.447364 0.048445 -0.155860
7 -0.092730 -0.619256 0.145681 -0.355732 -0.147749 0.143919 0.233985 0.211783 0.345304 -0.026547 0.005021 0.337441 -0.089130 -0.282232 0.341239 -0.474569 0.055944 -0.128331
6 -0.108583 -0.647740 0.174785 -0.327306 -0.136542 0.132178 0.256369 0.245331 0.358659 -0.012326 0.030289 0.349246 -0.100578 -0.271313 0.340621 -0.477659 0.040811 -0.151320
9 -0.118819 -0.617392 0.139981 -0.361650 -0.127437 0.117943 0.237285 0.225538 0.364256 -0.023220 0.025494 0.364177 -0.093641 -0.291318 0.321286 -0.496544 0.023893 -0.118956
11 -0.144348 -0.639594 0.184579 -0.347172 -0.112610 0.105764 0.208826 0.224113 0.340931 -0.037380 0.015562 0.341601 -0.113682 -0.240557 0.351796 -0.508235 0.036141 -0.140588
3 -0.143949 -0.599339 0.198246 -0.351100 -0.109852 0.111450 0.236858 0.192983 0.291920 -0.020333 0.025938 0.308691 -0.118790 -0.277352 0.299105 -0.482454 0.065616 -0.152369
10 -0.120001 -0.690542 0.173518 -0.380611 -0.131238 0.162809 0.271244 0.238863 0.391386 -0.038231 0.041701 0.389398 -0.121891 -0.258991 0.336785 -0.489302 0.061029 -0.116461
15 -0.153933 -0.611157 0.194925 -0.363992 -0.109069 0.138599 0.236468 0.161048 0.313390 -0.023512 0.026661 0.314813 -0.099564 -0.232836 0.328416 -0.480641 0.017946 -0.153444
5 -0.112732 -0.627967 0.143947 -0.357094 -0.100856 0.105038 0.249297 0.170672 0.339760 -0.029231 0.034056 0.354198 -0.115175 -0.254037 0.336537 -0.504760 0.019553 -0.156748
4 -0.116938 -0.593466 0.166754 -0.344964 -0.109138 0.102304 0.211661 0.231409 0.330315 -0.031486 0.043713 0.355711 -0.083023 -0.266769 0.315375 -0.485627 0.043550 -0.147389
13 -0.132864 -0.661075 0.219501 -0.422677 -0.126232 0.104430 0.236855 0.171584 0.343212 0.018906 -0.006720 0.332112 -0.094828 -0.294927 0.347978 -0.514058 0.020521 -0.161870
16 -0.120795 -0.606674 0.177895 -0.360794 -0.128541 0.107836 0.247245 0.197696 0.333171 -0.005531 -0.004981 0.355229 -0.107308 -0.246655 0.343957 -0.502794 0.017639 -0.167128
