18 18
8 -0.271221 -0.522626 0.110559 -0.205271 0.282458 0.088839 0.325194 0.149600 0.470608 -0.284408 0.135068 0.571938 -0.367537 -0.096139 -0.028509 -0.266314 0.144301 -0.166713
9 -0.293258 -0.504889 0.087783 -0.245956 0.290405 0.075080 0.288867 0.164349 0.491403 -0.293171 0.137940 0.595344 -0.338887 -0.156989 -0.062641 -0.250892 0.121620 -0.138935
17 -0.259417 -0.465731 0.071883 -0.139677 0.288772 0.054702 0.350818 0.116939 0.533835 -0.300767 0.242094 0.596802 -0.309383 0.019640 -0.076814 -0.175768 0.089899 -0.238919
1 -0.298973 -0.513336 0.121347 -0.231390 0.304373 0.043178 0.298288 0.159999 0.497678 -0.297831 0.140800 0.555099 -0.309583 -0.106902 -0.072430 -0.243069 0.132049 -0.181115
16 -0.263946 -0.459650 0.086762 -0.185944 0.284632 0.067038 0.346351 0.113699 0.494950 -0.305838 0.168094 0.566245 -0.342946 -0.037676 -0.029336 -0.243282 0.073831 -0.227277
7 -0.248674 -0.487249 0.078671 -0.221764 0.263247 0.078948 0.289021 0.155441 0.481771 -0.292309 0.130342 0.554011 -0.312938 -0.134709 -0.039640 -0.224017 0.128648 -0.157495
2 -0.272377 -0.524574 0.098470 -0.237532 0.298239 0.076993 0.330545 0.169755 0.477893 -0.319011 0.148300 0.613538 -0.344961 -0.130742 -0.065321 -0.268652 0.116623 -0.161317
14 -0.266171 -0.479119 0.114727 -0.223701 0.292919 0.072172 0.260744 0.124443 0.430030 -0.264165 0.125663 0.550406 -0.312409 -0.087435 -0.060339 -0.196231 0.124158 -0.151142
15 -0.293815 -0.497327 0.104183 -0.206468 0.312183 0.096042 0.329674 0.103432 0.488843 -0.322003 0.200096 0.562746 -0.328160 -0.039507 -0.046779 -0.227022 0.089974 -0.201542
12 -0.308249 -0.542627 0.117046 -0.260699 0.274345 0.061531 0.276077 0.134402 0.448068 -0.268377 0.154392 0.600936 -0.341738 -0.124469 -0.054074 -0.228539 0.107641 -0.141128
3 -0.306855 -0.496210 0.125086 -0.211246 0.308907 0.067589 0.331839 0.149693 0.468454 -0.325451 0.170406 0.556093 -0.376395 -0.123056 -0.068060 -0.264720 0.146157 -0.196465
10 -0.242143 -0.449843 0.053633 -0.151217 0.316025 0.090192 0.331281 0.108192 0.509310 -0.330938 0.223010 0.564852 -0.332970 0.012576 -0.074892 -0.170970 0.103035 -0.174314
13 -0.257269 -0.506804 0.101985 -0.231071 0.292333 0.063001 0.334205 0.120600 0.515752 -0.289769 0.158311 0.572996 -0.325022 -0.104455 -0.053714 -0.232327 0.091386 -0.194271
11 -0.283569 -0.490119 0.105614 -0.192659 0.295199 0.050363 0.275774 0.162100 0.478144 -0.312594 0.139011 0.543322 -0.339354 -0.074761 -0.025145 -0.257024 0.105597 -0.170456
4 -0.262919 -0.453438 0.083524 -0.176543 0.321007 0.054738 0.288015 0.154002 0.483872 -0.319941 0.215134 0.580131 -0.309336 -0.059613 -0.074911 -0.212695 0.115265 -0.191588
5 -0.245292 -0.478813 0.030502 -0.154048 0.338000 0.056963 0.336920 0.077057 0.520796 -0.334234 0.248282 0.587502 -0.338715 0.014643 -0.049791 -0.206210 0.080512 -0.217505
0 -0.005399 -0.014495 0.001279 -0.026652 -0.021820 0.016369 -0.010898 -0.008016 -0.006711 0.000758 0.022893 0.001004 0.004839 -0.000095 0.023655 -0.011355 0.019530 -0.003746
6 0.007299 -0.006988 0.006429 0.025394 0.003018 0.008962 0.013628 0.017139 -0.003415 0.002961 0.009307 -0.005691 -0.008572 -0.012634 0.015137 0.000585 -0.007433 -0.019036
