18 18
2 -0.327129 -0.598877 0.345095 -0.321224 -0.059278 0.309367 0.267008 0.059569 0.064735 -0.029608 0.126388 0.385770 -0.178831 -0.138912 0.389059 -0.387382 -0.044024 -0.416425
9 -0.387629 -0.587472 0.285545 -0.370496 -0.074802 0.294474 0.140643 -0.028541 0.195531 0.013916 0.196732 0.451045 -0.216444 -0.119165 0.392752 -0.216183 -0.206286 -0.284639
16 -0.332831 -0.542532 0.321425 -0.302196 -0.055805 0.284928 0.226440 0.017047 0.099737 -0.018441 0.120958 0.361858 -0.198556 -0.087255 0.389317 -0.325543 -0.084760 -0.393994
3 -0.337796 -0.533419 0.325407 -0.287883 -0.047215 0.282581 0.224005 0.019855 0.072668 -0.027343 0.150775 0.334468 -0.214910 -0.138922 0.352891 -0.315014 -0.050879 -0.375746
11 -0.399229 -0.561863 0.243390 -0.355082 -0.069227 0.234069 0.005591 -0.099617 0.235579 0.020088 0.224145 0.444228 -0.256732 -0.020551 0.427718 -0.086669 -0.324623 -0.185819
15 -0.358264 -0.554211 0.329342 -0.323826 -0.041930 0.294843 0.190636 -0.023635 0.102146 -0.018125 0.144847 0.340050 -0.184223 -0.075023 0.371116 -0.285610 -0.099218 -0.353609
1 -0.364289 -0.593417 0.351891 -0.325581 -0.044314 0.258213 0.211097 0.041672 0.120532 -0.009896 0.118878 0.359250 -0.172968 -0.111448 0.358557 -0.327514 -0.041349 -0.389796
6 -0.329780 -0.582494 0.327143 -0.282297 -0.058739 0.307499 0.245379 0.056835 0.108669 -0.013288 0.165712 0.381871 -0.198268 -0.144491 0.402987 -0.322674 -0.073898 -0.419303
0 -0.324757 -0.539091 0.276471 -0.317015 -0.073178 0.282107 0.158467 -0.011531 0.120994 -0.011805 0.183810 0.359233 -0.183928 -0.086935 0.387741 -0.256287 -0.081469 -0.330636
12 -0.439486 -0.606417 0.241233 -0.417692 -0.105738 0.242215 -0.013205 -0.168136 0.238413 0.067345 0.287319 0.517777 -0.273642 -0.017187 0.442606 -0.027847 -0.396600 -0.167884
10 -0.393120 -0.617114 0.281950 -0.377782 -0.073540 0.322486 0.129901 -0.072721 0.223962 0.004044 0.234207 0.479606 -0.261004 -0.058129 0.424895 -0.153603 -0.247825 -0.263910
4 -0.403180 -0.603925 0.343620 -0.347779 -0.040126 0.291238 0.177694 0.019741 0.145064 -0.031393 0.214814 0.438930 -0.214182 -0.115680 0.425456 -0.317607 -0.125226 -0.411027
5 -0.334998 -0.591337 0.275698 -0.309505 -0.036514 0.277217 0.225823 -0.011676 0.144114 -0.036223 0.183297 0.402799 -0.222735 -0.102376 0.404943 -0.314728 -0.112071 -0.386468
17 -0.351625 -0.560291 0.321347 -0.308122 -0.084504 0.252967 0.191913 0.008243 0.140590 0.023773 0.156328 0.401044 -0.173094 -0.074110 0.351180 -0.246216 -0.101611 -0.369550
14 -0.336913 -0.554717 0.346170 -0.321654 -0.034362 0.290257 0.185426 0.008449 0.081098 -0.000060 0.103962 0.351843 -0.191010 -0.108676 0.364493 -0.292034 -0.047971 -0.364602
13 -0.408468 -0.619569 0.289386 -0.435649 -0.095117 0.283615 0.058313 -0.142718 0.249068 0.057668 0.234129 0.473792 -0.259382 -0.079122 0.465802 -0.110734 -0.358721 -0.234447
8 -0.333289 -0.586364 0.314114 -0.305665 -0.075528 0.288559 0.200637 0.009011 0.127462 0.010044 0.144534 0.382670 -0.217780 -0.100761 0.402527 -0.288909 -0.101966 -0.341706
7 -0.329044 -0.596598 0.271107 -0.343342 -0.099726 0.316755 0.196595 0.002833 0.185735 -0.009459 0.182637 0.435389 -0.213454 -0.145785 0.432579 -0.249445 -0.141734 -0.352454
