18 18
3 -0.513407 -0.394338 0.231089 -0.286304 0.100106 0.104716 0.009033 -0.081674 0.114369 -0.215036 0.501038 0.328732 -0.276148 -0.140489 0.268441 -0.293989 -0.040313 -0.405141
9 -0.532575 -0.415823 0.161397 -0.296625 0.104730 0.086545 -0.022959 -0.063881 0.174667 -0.216593 0.537407 0.406644 -0.262005 -0.158386 0.260491 -0.284766 -0.060210 -0.367858
0 -0.453916 -0.429207 0.222457 -0.354104 0.046855 0.132283 0.017864 -0.080749 0.159849 -0.198925 0.425973 0.329362 -0.212091 -0.109358 0.348956 -0.323368 -0.089008 -0.400731
13 -0.341469 -0.489472 0.444795 -0.510094 0.021451 0.203023 0.150130 -0.062122 0.258017 -0.230374 -0.028730 0.114350 -0.074997 -0.027425 0.585365 -0.531920 -0.419332 -0.465134
10 -0.468856 -0.412527 0.216536 -0.296860 0.110153 0.147973 0.032592 -0.067056 0.193329 -0.246367 0.420444 0.323813 -0.244691 -0.068244 0.308791 -0.293009 -0.108564 -0.360490
14 -0.498703 -0.433341 0.246620 -0.331651 0.110540 0.119529 -0.006855 -0.086888 0.149280 -0.201429 0.413647 0.342096 -0.249780 -0.109689 0.309771 -0.299195 -0.081759 -0.389362
5 -0.501882 -0.414966 0.133766 -0.267855 0.124643 0.073989 -0.004233 -0.098517 0.164117 -0.225632 0.544446 0.390827 -0.281504 -0.122529 0.261281 -0.280642 -0.050826 -0.378123
11 -0.450537 -0.455658 0.319723 -0.366464 0.082904 0.147846 0.047431 -0.030174 0.222828 -0.267295 0.219000 0.233492 -0.183689 -0.029485 0.452749 -0.430082 -0.255104 -0.401454
4 -0.525782 -0.413457 0.219459 -0.305964 0.113573 0.100280 -0.026229 -0.061344 0.164426 -0.241468 0.526943 0.374205 -0.248745 -0.118326 0.306931 -0.310122 -0.079464 -0.418159
12 -0.517637 -0.411482 0.165996 -0.289686 0.084136 0.073617 -0.039430 -0.114455 0.119362 -0.176707 0.534319 0.387908 -0.263795 -0.104915 0.248371 -0.226368 -0.065218 -0.347028
7 -0.407683 -0.439755 0.286064 -0.397563 0.037161 0.161955 0.064701 -0.064924 0.210070 -0.222951 0.230817 0.249003 -0.164063 -0.096607 0.437391 -0.388274 -0.226373 -0.413571
17 -0.483146 -0.431599 0.238144 -0.305932 0.067806 0.095298 0.031877 -0.057107 0.196609 -0.197938 0.421396 0.355811 -0.221158 -0.090566 0.315164 -0.307430 -0.119006 -0.426575
1 -0.405915 -0.478864 0.360581 -0.443629 0.047520 0.138362 0.088243 -0.031770 0.232074 -0.223023 0.117051 0.194864 -0.108179 -0.055500 0.461528 -0.457499 -0.272487 -0.422710
15 -0.456017 -0.386623 0.255830 -0.307150 0.091103 0.146132 0.031695 -0.103983 0.142223 -0.210469 0.361540 0.260362 -0.205778 -0.052754 0.315393 -0.296305 -0.151361 -0.367354
16 -0.398261 -0.422349 0.312176 -0.381457 0.051242 0.151445 0.093938 -0.061554 0.203582 -0.226194 0.169594 0.230148 -0.162546 -0.024377 0.458239 -0.428818 -0.287541 -0.425630
6 -0.511401 -0.437935 0.211957 -0.282695 0.106644 0.111916 0.010653 -0.060628 0.160808 -0.220929 0.504482 0.363509 -0.269793 -0.130249 0.315691 -0.302643 -0.082732 -0.418137
2 -0.409616 -0.482342 0.346406 -0.437448 0.049591 0.178497 0.103040 -0.047100 0.201071 -0.250683 0.182976 0.247974 -0.144311 -0.061870 0.484062 -0.472582 -0.305609 -0.430141
8 0.003889 -0.024784 0.014791 0.006068 -0.018192 0.009774 0.013932 0.005426 -0.001505 0.020585 -0.012265 0.000073 -0.017512 0.000480 0.021614 -0.017675 0.015234 0.001164
