18 18
13 -0.312273 -0.417203 0.338048 -0.383838 -0.036703 0.184676 0.167655 0.059725 0.007001 -0.158149 0.271465 0.325086 -0.250665 -0.337976 0.333883 -0.542464 -0.140517 -0.277393
3 -0.367935 -0.407112 0.342702 -0.341449 -0.003760 0.173843 0.164784 0.082564 -0.032737 -0.207265 0.315590 0.312616 -0.284450 -0.323959 0.286705 -0.532421 -0.090519 -0.268518
2 -0.334099 -0.431809 0.344529 -0.370492 -0.019218 0.174063 0.169095 0.097828 -0.057764 -0.188818 0.298973 0.350039 -0.232593 -0.335537 0.290407 -0.552457 -0.135768 -0.259504
0 -0.361641 -0.462432 0.335508 -0.392841 -0.057877 0.222671 0.126763 0.100269 -0.003736 -0.203304 0.317097 0.327204 -0.270679 -0.327678 0.375559 -0.566017 -0.068589 -0.250027
14 -0.339921 -0.410069 0.354620 -0.344827 -0.001589 0.163613 0.137555 0.071552 -0.035850 -0.155905 0.258470 0.326738 -0.243447 -0.295799 0.276852 -0.482472 -0.095269 -0.267251
8 -0.328833 -0.448076 0.332323 -0.346119 -0.047032 0.206333 0.154957 0.101280 0.009443 -0.167386 0.259763 0.312699 -0.282007 -0.309723 0.348326 -0.538029 -0.076144 -0.233095
1 -0.375747 -0.445316 0.362125 -0.363732 -0.006056 0.143675 0.142638 0.113007 0.013242 -0.174924 0.261391 0.316723 -0.221462 -0.311261 0.272403 -0.518303 -0.094345 -0.264049
9 -0.336208 -0.403668 0.270810 -0.364543 -0.031330 0.195604 0.150523 0.087916 0.042247 -0.194027 0.294415 0.355031 -0.257095 -0.324143 0.304324 -0.504703 -0.123573 -0.217747
7 -0.312074 -0.418069 0.305942 -0.351104 -0.055431 0.202602 0.160583 0.105345 0.032050 -0.194585 0.275696 0.326314 -0.252848 -0.348335 0.342752 -0.525838 -0.094672 -0.265292
5 -0.334550 -0.433429 0.296492 -0.351530 0.004444 0.168888 0.183182 0.052880 0.014283 -0.206333 0.328703 0.367366 -0.273260 -0.294191 0.308338 -0.529402 -0.133585 -0.286498
15 -0.379526 -0.457788 0.354690 -0.390368 -0.023671 0.211581 0.161947 0.072146 -0.001692 -0.199363 0.309007 0.334665 -0.249570 -0.311691 0.323567 -0.540406 -0.127210 -0.265456
10 -0.331346 -0.415230 0.302055 -0.344433 -0.009469 0.220007 0.165798 0.084955 0.026305 -0.212745 0.308189 0.344592 -0.278852 -0.278335 0.301520 -0.485965 -0.090212 -0.231128
11 -0.340420 -0.419539 0.310549 -0.322690 -0.017172 0.170584 0.114174 0.114896 0.020895 -0.203200 0.265290 0.302294 -0.255576 -0.281368 0.328877 -0.513836 -0.098179 -0.227659
16 -0.340743 -0.392573 0.334467 -0.347696 -0.017050 0.167883 0.178313 0.061450 -0.018139 -0.172792 0.279876 0.350224 -0.256063 -0.268018 0.295768 -0.503367 -0.156706 -0.286464
17 -0.353299 -0.436085 0.358291 -0.344346 -0.050935 0.156169 0.197039 0.093737 0.027805 -0.155171 0.307784 0.373889 -0.239158 -0.301597 0.283117 -0.498578 -0.129321 -0.317198
12 -0.324058 -0.394597 0.286677 -0.323716 -0.035495 0.149272 0.111727 0.054992 -0.021360 -0.153765 0.296859 0.321960 -0.231115 -0.260941 0.278612 -0.443747 -0.125327 -0.216235
6 -0.330588 -0.426698 0.347477 -0.316825 -0.008916 0.178379 0.175743 0.105231 -0.018158 -0.179137 0.295382 0.315249 -0.256000 -0.318127 0.306137 -0.515809 -0.115836 -0.287412
4 -0.344382 -0.395365 0.338987 -0.347435 -0.003844 0.166502 0.141685 0.111790 -0.011492 -0.200208 0.322344 0.345253 -0.236919 -0.322774 0.294806 -0.530414 -0.111119 -0.284386
