18 18
1 -0.205306 -0.481096 0.324002 -0.296483 -0.128172 -0.085806 0.241637 0.052875 0.339658 0.124872 -0.189657 0.203134 -0.140825 -0.217464 0.344955 -0.427750 -0.043374 -0.465491
14 -0.373104 -0.468820 0.485335 -0.461734 0.002716 0.078201 0.094062 -0.141738 0.219744 0.110368 -0.261135 0.292652 -0.305373 0.011957 0.385561 -0.291341 -0.084629 -0.396188
8 -0.195009 -0.492557 0.338010 -0.299596 -0.150059 -0.039515 0.239232 0.026159 0.315446 0.145759 -0.195548 0.221168 -0.183952 -0.191843 0.392826 -0.427058 -0.048417 -0.450581
0 -0.280776 -0.467607 0.375684 -0.379193 -0.105655 0.008458 0.167137 -0.042936 0.280626 0.112043 -0.176049 0.255334 -0.211428 -0.093852 0.387736 -0.367406 -0.059009 -0.433679
10 -0.317298 -0.483696 0.412485 -0.394427 -0.067410 0.057018 0.197884 -0.065724 0.315846 0.093202 -0.213488 0.296276 -0.269300 -0.038543 0.385479 -0.340035 -0.076557 -0.435906
3 -0.237557 -0.465780 0.352067 -0.311777 -0.118424 -0.036573 0.249227 0.016203 0.288030 0.105824 -0.161745 0.212296 -0.206182 -0.217661 0.355785 -0.430614 -0.032702 -0.475520
11 -0.376636 -0.470291 0.463699 -0.428282 -0.002364 0.032233 0.085953 -0.085759 0.243193 0.069057 -0.223519 0.266006 -0.287206 -0.012350 0.395430 -0.346221 -0.100102 -0.398267
7 -0.162728 -0.488129 0.282031 -0.301978 -0.188390 -0.039239 0.282864 0.058915 0.393503 0.117809 -0.179414 0.254858 -0.159667 -0.257058 0.425197 -0.455214 -0.060367 -0.518093
2 -0.220754 -0.462284 0.345289 -0.345442 -0.118637 -0.020989 0.212133 0.006114 0.279051 0.113611 -0.192360 0.252040 -0.174331 -0.164007 0.359578 -0.399136 -0.080544 -0.425856
17 -0.201213 -0.464665 0.325732 -0.277861 -0.167622 -0.078649 0.254025 0.057983 0.353046 0.145533 -0.167950 0.252024 -0.144021 -0.186287 0.352881 -0.400394 -0.057514 -0.494560
16 -0.308072 -0.444367 0.414315 -0.382990 -0.074126 0.027083 0.180590 -0.068488 0.266160 0.108275 -0.228234 0.274639 -0.255736 -0.037617 0.396022 -0.359046 -0.102812 -0.450387
6 -0.077017 -0.472742 0.208907 -0.168975 -0.212976 -0.095042 0.335648 0.149756 0.388759 0.125604 -0.112838 0.208253 -0.105788 -0.331922 0.397155 -0.482802 -0.057009 -0.526448
9 -0.188933 -0.472417 0.271488 -0.288172 -0.156426 -0.062113 0.260106 0.061076 0.379468 0.119848 -0.160228 0.251445 -0.151602 -0.250336 0.374278 -0.445365 -0.072747 -0.468582
5 -0.114725 -0.521694 0.224865 -0.237953 -0.179866 -0.115261 0.339387 0.077197 0.414005 0.125214 -0.134381 0.236548 -0.142737 -0.306890 0.408024 -0.512992 -0.068340 -0.540750
13 -0.177233 -0.446458 0.321817 -0.317568 -0.125359 -0.048143 0.216495 -0.006814 0.312757 0.136016 -0.190682 0.192315 -0.157639 -0.207812 0.373104 -0.397116 -0.083050 -0.445571
15 -0.319703 -0.489911 0.421240 -0.411324 -0.069372 0.046275 0.181346 -0.078510 0.280869 0.091899 -0.194572 0.250939 -0.236160 -0.084325 0.406583 -0.385276 -0.099185 -0.449914
4 -0.233161 -0.457394 0.348447 -0.329265 -0.107680 -0.048524 0.208227 0.037756 0.327996 0.098070 -0.153411 0.264378 -0.173670 -0.183834 0.379145 -0.426154 -0.065611 -0.489546
12 -0.311868 -0.497772 0.396226 -0.394808 -0.091338 0.001373 0.158773 -0.075268 0.281011 0.130377 -0.185352 0.298294 -0.244665 -0.078948 0.398893 -0.346464 -0.117226 -0.437320
