18 18
10 -0.196472 -0.528966 0.034958 -0.335065 -0.046194 0.088192 0.019997 0.074353 0.428739 -0.130722 0.396686 0.620236 -0.073254 -0.083066 0.433268 -0.285308 -0.151135 -0.363893
4 -0.264643 -0.556185 0.182242 -0.394049 -0.015660 0.019942 -0.015981 0.145327 0.299643 -0.138756 0.374940 0.538618 -0.020397 -0.157692 0.399523 -0.426238 -0.026057 -0.432144
11 -0.185632 -0.459001 0.005850 -0.271116 -0.045817 0.071407 -0.028917 0.071526 0.443561 -0.106539 0.352649 0.604331 -0.075006 -0.058667 0.449657 -0.229577 -0.238838 -0.339669
5 -0.209818 -0.533605 0.091968 -0.342894 -0.032114 0.018844 0.045939 0.070456 0.309543 -0.124674 0.347128 0.493717 -0.056899 -0.118901 0.379109 -0.389691 -0.061821 -0.383859
7 -0.140227 -0.456189 -0.013681 -0.289173 -0.085199 0.055866 0.006914 0.086346 0.434722 -0.100781 0.341643 0.560149 -0.044466 -0.133300 0.426479 -0.257593 -0.163742 -0.354220
0 -0.291697 -0.589584 0.248740 -0.449612 -0.041626 0.038991 0.014989 0.119512 0.173979 -0.119020 0.333075 0.430338 -0.014473 -0.160294 0.350213 -0.476176 0.092484 -0.383942
12 -0.187098 -0.479718 0.000163 -0.304137 -0.082385 0.051877 -0.011192 0.029327 0.406900 -0.071826 0.392900 0.624661 -0.062371 -0.070970 0.424531 -0.219592 -0.232861 -0.351801
9 -0.204528 -0.466076 0.037624 -0.317432 -0.060955 0.043680 -0.000213 0.091762 0.387490 -0.090451 0.363873 0.566563 -0.039431 -0.136316 0.381307 -0.292278 -0.145684 -0.343166
1 -0.312772 -0.579533 0.282357 -0.433390 -0.005263 -0.009881 0.008325 0.142881 0.172799 -0.106175 0.263231 0.395648 -0.000274 -0.169838 0.295828 -0.471946 0.103127 -0.379844
2 -0.259909 -0.595387 0.221588 -0.440041 -0.030151 0.042236 0.034629 0.134451 0.195899 -0.132852 0.316478 0.484541 -0.017500 -0.168356 0.360937 -0.481490 0.035638 -0.378956
3 -0.281640 -0.540156 0.239325 -0.390669 -0.016328 0.038502 0.032936 0.112719 0.182428 -0.124349 0.306803 0.424455 -0.053822 -0.166279 0.334424 -0.438461 0.052107 -0.391046
13 -0.167453 -0.473287 0.046465 -0.322330 -0.072865 0.046006 0.018096 0.052253 0.403131 -0.072026 0.344901 0.557451 -0.041061 -0.121307 0.419838 -0.277208 -0.193271 -0.378631
6 -0.201637 -0.509248 0.084099 -0.310657 -0.054912 0.056924 0.021519 0.102585 0.360562 -0.095605 0.364029 0.550061 -0.054455 -0.139556 0.421675 -0.315926 -0.140952 -0.394176
8 -0.208329 -0.536755 0.112998 -0.335440 -0.069392 0.076468 0.022304 0.082689 0.320181 -0.075140 0.322476 0.534925 -0.070244 -0.104566 0.415161 -0.330617 -0.076359 -0.356437
14 -0.237212 -0.524878 0.111771 -0.366999 -0.020054 0.112924 -0.032884 0.055602 0.355487 -0.088448 0.334955 0.623191 -0.067580 -0.081904 0.435668 -0.266215 -0.149799 -0.370736
17 -0.213823 -0.519616 0.089826 -0.322809 -0.084494 0.032330 0.023392 0.104215 0.384511 -0.075707 0.363083 0.582032 -0.032588 -0.109406 0.394903 -0.307647 -0.112241 -0.407053
16 -0.215058 -0.497695 0.101088 -0.335443 -0.055678 0.054574 0.031199 0.078621 0.342252 -0.100565 0.332714 0.551874 -0.061732 -0.090414 0.420535 -0.341310 -0.123097 -0.404976
15 -0.288596 -0.559124 0.188367 -0.404335 -0.021683 0.120041 0.003791 0.055753 0.277961 -0.106644 0.345672 0.544908 -0.042274 -0.084078 0.406380 -0.346725 -0.093423 -0.382363
