18 18
14 -0.359078 -0.546664 0.125470 -0.236868 0.241333 0.047167 -0.003671 0.184673 0.488121 -0.226348 0.179751 0.558265 -0.139645 -0.015106 0.223801 -0.269029 0.001750 -0.275552
10 -0.316286 -0.498340 0.075953 -0.205384 0.236037 0.036790 0.021007 0.211169 0.519122 -0.266308 0.223769 0.549741 -0.135176 -0.013001 0.190344 -0.266383 0.000311 -0.244877
1 -0.372242 -0.545527 0.131730 -0.239917 0.233590 -0.000283 0.008260 0.227540 0.526879 -0.242062 0.189909 0.550970 -0.111417 -0.040730 0.206895 -0.313219 0.005645 -0.303330
11 -0.299442 -0.452060 0.061111 -0.146108 0.195756 -0.053054 -0.052164 0.322442 0.558761 -0.232626 0.191271 0.560786 -0.078957 -0.041858 0.207504 -0.305156 -0.005659 -0.248776
5 -0.314840 -0.497373 0.067848 -0.202960 0.231814 0.010437 0.040692 0.178324 0.508379 -0.248728 0.214448 0.536824 -0.134255 -0.030652 0.214853 -0.309197 -0.026140 -0.292199
12 -0.379838 -0.540930 0.123438 -0.248434 0.219251 0.034114 0.030124 0.145519 0.467171 -0.243287 0.242632 0.563409 -0.160012 -0.005124 0.222308 -0.284983 -0.050903 -0.299519
4 -0.291561 -0.416217 0.046582 -0.153734 0.192207 -0.073195 -0.057944 0.348724 0.573837 -0.218275 0.224094 0.596269 -0.025545 -0.079350 0.172742 -0.309573 0.005779 -0.268206
15 -0.371867 -0.514483 0.142885 -0.245548 0.224700 0.079707 0.073498 0.118120 0.441561 -0.250217 0.211265 0.505595 -0.149791 -0.002110 0.222994 -0.300900 -0.059452 -0.308148
2 -0.308404 -0.495064 0.075428 -0.199323 0.202717 -0.014788 0.006645 0.290337 0.530699 -0.243998 0.207872 0.597975 -0.082659 -0.068031 0.204626 -0.338107 -0.022530 -0.271048
3 -0.372988 -0.502760 0.141015 -0.218415 0.239369 0.035630 0.059168 0.174847 0.455892 -0.272290 0.226260 0.511630 -0.183914 -0.044186 0.206906 -0.321008 -0.003029 -0.322352
0 -0.363832 -0.557455 0.118353 -0.254209 0.226440 0.061145 0.014732 0.172917 0.489422 -0.263982 0.234264 0.543060 -0.155060 -0.012625 0.252400 -0.301418 0.007202 -0.297951
6 -0.336340 -0.531244 0.111216 -0.198411 0.250902 0.043759 0.031703 0.209021 0.499364 -0.266059 0.230514 0.538097 -0.160419 -0.038326 0.235411 -0.294427 -0.008076 -0.306878
9 -0.290755 -0.433191 0.021009 -0.165504 0.163960 -0.056724 -0.050291 0.344076 0.590835 -0.199810 0.207614 0.606924 -0.036380 -0.102344 0.179115 -0.308605 -0.004579 -0.227146
7 -0.307862 -0.502339 0.070064 -0.214711 0.205240 0.026805 0.004834 0.239487 0.550775 -0.249619 0.195194 0.568207 -0.110695 -0.062920 0.234627 -0.295364 -0.000716 -0.286147
8 -0.278616 -0.457196 0.053068 -0.148415 0.136380 -0.055986 -0.044996 0.350240 0.571052 -0.164772 0.191783 0.601839 -0.046050 -0.085060 0.205119 -0.320237 0.028519 -0.244535
17 -0.302415 -0.459393 0.066758 -0.152979 0.157376 -0.045978 0.002851 0.296931 0.564675 -0.192626 0.208422 0.592319 -0.060208 -0.039040 0.181761 -0.282040 -0.010495 -0.289146
16 -0.350946 -0.473380 0.133137 -0.216380 0.204454 0.032240 0.070912 0.159926 0.449921 -0.237171 0.182495 0.522020 -0.153728 0.002749 0.231097 -0.320952 -0.062698 -0.333432
13 0.019096 0.002747 0.009678 -0.019404 -0.008210 -0.004883 0.008138 -0.018294 0.006568 0.019257 -0.015253 -0.018294 0.012156 -0.023377 0.007956 -0.002520 -0.021393 -0.009389
