18 18
2 0.125964 -0.478854 0.130961 -0.173271 -0.073241 0.015366 0.303480 0.456352 0.553944 -0.000516 -0.044990 0.407926 0.195549 -0.485375 0.198457 -0.321218 0.024735 -0.431600
13 -0.067381 -0.535389 0.279369 -0.327439 -0.144261 0.155289 0.271953 0.233668 0.544387 0.007076 -0.030282 0.235243 -0.054316 -0.444748 0.321531 -0.349267 0.083192 -0.326449
10 -0.010204 -0.513608 0.204720 -0.248797 -0.095638 0.132188 0.295555 0.296146 0.553505 -0.018022 -0.017995 0.309117 0.002879 -0.403433 0.247711 -0.292941 0.085522 -0.337340
8 -0.071567 -0.543189 0.277747 -0.284779 -0.146670 0.160671 0.272895 0.249406 0.505122 0.018204 -0.039646 0.242119 -0.068937 -0.410586 0.314038 -0.341425 0.116201 -0.316931
11 -0.008248 -0.488736 0.180035 -0.185070 -0.057088 0.015770 0.218929 0.382439 0.554747 -0.030622 -0.016135 0.338387 0.084085 -0.393449 0.255191 -0.325844 0.028606 -0.403920
4 0.074137 -0.464456 0.136638 -0.140192 -0.040820 -0.040180 0.252283 0.460538 0.588212 -0.009661 0.009561 0.415802 0.195876 -0.443732 0.197177 -0.305364 0.025870 -0.488821
6 0.084468 -0.493826 0.171620 -0.151319 -0.063649 0.038867 0.299891 0.422320 0.541721 0.013721 -0.038621 0.358069 0.133816 -0.465103 0.229737 -0.302051 0.035048 -0.449927
14 0.117765 -0.509796 0.153050 -0.165756 -0.040892 0.008589 0.285159 0.452172 0.562633 0.028602 -0.072923 0.436783 0.195205 -0.461196 0.203870 -0.285329 0.038205 -0.471833
15 0.015552 -0.502155 0.199530 -0.223919 -0.082138 0.086951 0.291428 0.337312 0.544223 -0.006131 -0.024450 0.326973 0.095119 -0.430936 0.249652 -0.314923 0.035072 -0.413475
7 0.115533 -0.436252 0.102989 -0.158447 -0.088707 0.036888 0.282624 0.387364 0.560920 -0.003572 -0.041091 0.346756 0.152181 -0.447680 0.222674 -0.276403 0.037025 -0.413430
1 0.030781 -0.500975 0.187377 -0.204094 -0.061119 0.016428 0.278859 0.388515 0.556167 0.006010 -0.053307 0.336938 0.131808 -0.447052 0.199781 -0.310738 0.058243 -0.417685
9 0.020674 -0.503280 0.170894 -0.226870 -0.087087 0.076465 0.284010 0.370724 0.576806 -0.004730 -0.030174 0.352630 0.081828 -0.470553 0.236114 -0.321137 0.055379 -0.378879
3 -0.089071 -0.555185 0.295362 -0.306473 -0.122802 0.144152 0.297743 0.291318 0.538082 -0.015907 -0.020341 0.266311 -0.052358 -0.483450 0.295001 -0.374057 0.116979 -0.371355
5 0.083143 -0.501677 0.115840 -0.177595 -0.062746 0.013781 0.307882 0.358574 0.576283 -0.007978 0.002502 0.393386 0.119776 -0.424608 0.236790 -0.323055 0.009577 -0.447611
17 0.114221 -0.467582 0.113151 -0.123226 -0.083234 -0.045276 0.287207 0.459483 0.586567 0.031856 -0.011971 0.450279 0.224720 -0.423335 0.172964 -0.266419 0.009459 -0.485879
0 0.008406 -0.485909 0.181183 -0.235236 -0.109804 0.078660 0.243286 0.319578 0.506971 -0.001045 0.000788 0.315508 0.076306 -0.400122 0.252120 -0.304538 0.075880 -0.369837
12 -0.020480 -0.542978 0.182025 -0.222929 -0.084077 -0.006119 0.228865 0.380071 0.572074 0.004852 0.030586 0.416449 0.110962 -0.422610 0.245433 -0.312689 -0.001360 -0.436539
16 -0.003066 0.009981 0.006043 0.000869 -0.007381 -0.001770 0.017455 -0.006904 0.000948 0.004908 -0.016488 0.011175 -0.012361 0.022003 0.021550 -0.015661 -0.025305 -0.027720
