18 18
0 -0.258854 -0.576073 0.415372 -0.325935 -0.149275 0.070346 0.149462 -0.022584 0.129406 0.150006 -0.040481 0.319884 -0.197093 -0.110677 0.511177 -0.423083 -0.169503 -0.448498
7 -0.181884 -0.545883 0.348943 -0.288679 -0.132447 0.090350 0.165020 -0.028630 0.126902 0.134945 -0.064600 0.317033 -0.188450 -0.120410 0.472777 -0.367941 -0.161891 -0.401781
14 -0.214138 -0.583675 0.398561 -0.305887 -0.077159 0.086620 0.156922 -0.043487 0.085533 0.146539 -0.079010 0.343039 -0.208853 -0.102194 0.462160 -0.380120 -0.163050 -0.409182
3 -0.280937 -0.555414 0.446194 -0.275304 -0.130198 0.038442 0.193730 0.001080 0.127200 0.142559 -0.051805 0.282956 -0.225768 -0.137892 0.478803 -0.446005 -0.154365 -0.492238
16 -0.244922 -0.533651 0.401518 -0.279581 -0.137319 0.046262 0.181945 -0.017573 0.136227 0.148444 -0.073256 0.311760 -0.201077 -0.087976 0.485917 -0.412786 -0.202257 -0.465505
15 -0.260702 -0.576921 0.417830 -0.305675 -0.116473 0.081647 0.179694 -0.042630 0.127046 0.138787 -0.040570 0.313366 -0.196791 -0.093854 0.484458 -0.408765 -0.198631 -0.448516
12 -0.257059 -0.561667 0.388682 -0.307042 -0.134230 0.052309 0.131997 -0.052165 0.104412 0.162417 -0.026018 0.333727 -0.194172 -0.084619 0.463488 -0.359001 -0.203188 -0.404451
10 -0.229499 -0.563616 0.389413 -0.288082 -0.105060 0.096042 0.187965 -0.032354 0.136994 0.122860 -0.035307 0.331421 -0.224101 -0.087522 0.467908 -0.381652 -0.172456 -0.417330
2 -0.191381 -0.577095 0.389969 -0.303291 -0.114766 0.079399 0.186021 -0.014938 0.082598 0.140075 -0.070024 0.341324 -0.192165 -0.132577 0.470560 -0.421380 -0.187933 -0.407839
1 -0.260771 -0.603904 0.429039 -0.315615 -0.105804 0.041910 0.172689 0.004387 0.154315 0.141833 -0.076231 0.323195 -0.189051 -0.127978 0.471310 -0.430174 -0.162829 -0.454704
17 -0.231190 -0.529990 0.378027 -0.230745 -0.149026 0.023213 0.180638 0.008367 0.156276 0.160698 -0.032808 0.317968 -0.177681 -0.078574 0.436929 -0.366530 -0.167256 -0.453281
11 -0.261534 -0.508888 0.382135 -0.249164 -0.107772 0.021379 0.119150 0.025261 0.154892 0.112424 -0.055911 0.279789 -0.186240 -0.082841 0.457460 -0.393824 -0.173141 -0.412924
8 -0.212514 -0.551932 0.388710 -0.258682 -0.129901 0.068979 0.168020 -0.014989 0.111156 0.159545 -0.058607 0.297530 -0.204454 -0.090375 0.469635 -0.391244 -0.148423 -0.406153
13 -0.204528 -0.536215 0.404232 -0.299809 -0.123676 0.054981 0.173421 -0.029284 0.124455 0.158947 -0.079229 0.278881 -0.179020 -0.138706 0.469009 -0.400138 -0.187671 -0.432553
4 -0.220681 -0.536837 0.389468 -0.285287 -0.089995 0.054346 0.141281 -0.002718 0.115642 0.122045 -0.036407 0.326814 -0.179832 -0.113837 0.460042 -0.400187 -0.164661 -0.433380
5 -0.192366 -0.556658 0.326736 -0.260818 -0.070056 0.062162 0.184574 -0.052222 0.118144 0.109764 -0.016779 0.325353 -0.206691 -0.085737 0.444663 -0.386174 -0.178273 -0.402899
6 -0.233507 -0.579522 0.402886 -0.251210 -0.114955 0.069883 0.189687 -0.008826 0.117228 0.147076 -0.021887 0.320878 -0.216800 -0.104368 0.497792 -0.405316 -0.195410 -0.463406
9 -0.258558 -0.544582 0.379776 -0.287509 -0.130950 0.038467 0.164074 0.017794 0.176323 0.139728 -0.054280 0.328215 -0.187086 -0.144488 0.465273 -0.421149 -0.196366 -0.431777
