18 18
2 -0.073668 -0.503443 0.170339 -0.261195 -0.145252 0.203181 0.221519 0.230645 0.100725 -0.105256 0.165372 0.399333 -0.094232 -0.306004 0.429017 -0.568637 0.019311 -0.312454
10 -0.098239 -0.563575 0.182351 -0.273438 -0.147183 0.256857 0.248229 0.226669 0.167506 -0.108021 0.182499 0.456064 -0.150654 -0.266808 0.463000 -0.542746 0.037210 -0.310673
8 -0.090255 -0.536283 0.197568 -0.250056 -0.168467 0.217177 0.231769 0.213995 0.129331 -0.064005 0.144552 0.391988 -0.128764 -0.258425 0.450361 -0.538099 0.045444 -0.310175
9 -0.115944 -0.551391 0.168700 -0.283859 -0.152421 0.222911 0.213142 0.250099 0.168650 -0.098125 0.172990 0.465489 -0.127218 -0.316466 0.464560 -0.572954 0.005950 -0.303780
0 -0.109461 -0.514089 0.183104 -0.272485 -0.152797 0.212115 0.201805 0.195405 0.118638 -0.096257 0.187384 0.367160 -0.111303 -0.277122 0.449408 -0.558605 0.058399 -0.330828
3 -0.114499 -0.460979 0.211919 -0.233845 -0.111085 0.189559 0.241216 0.207069 0.072818 -0.131894 0.197327 0.317593 -0.126409 -0.339826 0.417591 -0.610383 0.079532 -0.394534
16 -0.091885 -0.476987 0.182235 -0.242176 -0.154342 0.196316 0.231093 0.204495 0.126096 -0.086777 0.148307 0.397710 -0.124955 -0.252021 0.459577 -0.554304 0.009342 -0.363027
6 -0.082657 -0.481177 0.182899 -0.216726 -0.120334 0.207298 0.237866 0.223446 0.113846 -0.113916 0.192453 0.359151 -0.122801 -0.312593 0.450238 -0.568400 0.034611 -0.379686
15 -0.120847 -0.517963 0.202095 -0.269747 -0.126755 0.230100 0.235164 0.187183 0.120675 -0.114356 0.185796 0.377319 -0.115040 -0.278072 0.444615 -0.563903 0.018709 -0.348867
4 -0.103433 -0.499515 0.200454 -0.257766 -0.117641 0.200398 0.222757 0.251697 0.125017 -0.139906 0.217320 0.389233 -0.100422 -0.340542 0.457812 -0.625892 0.057524 -0.400519
11 -0.117296 -0.505763 0.181700 -0.236797 -0.117808 0.185563 0.186113 0.228375 0.143000 -0.114835 0.158649 0.391174 -0.128215 -0.255068 0.448475 -0.544156 0.012253 -0.316633
14 -0.112651 -0.543796 0.208904 -0.286214 -0.127266 0.221431 0.204364 0.205489 0.120978 -0.079660 0.148294 0.430141 -0.134964 -0.283665 0.445603 -0.528608 0.038937 -0.327605
13 -0.088367 -0.539129 0.191156 -0.290759 -0.159994 0.215481 0.223011 0.197307 0.151401 -0.069456 0.155939 0.408975 -0.115006 -0.296082 0.466606 -0.544187 -0.006518 -0.327386
12 -0.123740 -0.537058 0.173120 -0.278574 -0.156785 0.202581 0.188688 0.185498 0.118674 -0.072479 0.192676 0.443587 -0.131974 -0.256457 0.442668 -0.508581 -0.008539 -0.293580
1 -0.120119 -0.501438 0.200696 -0.253546 -0.109526 0.169522 0.214322 0.218248 0.135066 -0.105918 0.158347 0.343825 -0.096019 -0.295611 0.397586 -0.553626 0.062357 -0.348232
5 -0.079490 -0.472547 0.146143 -0.229626 -0.101772 0.183980 0.250366 0.172775 0.124902 -0.134951 0.205661 0.346673 -0.118668 -0.290916 0.419771 -0.575543 0.040817 -0.373361
7 -0.068702 -0.482317 0.154548 -0.250246 -0.143655 0.218512 0.233554 0.210005 0.134342 -0.124026 0.177057 0.358647 -0.105465 -0.326361 0.443612 -0.558343 0.059617 -0.355236
17 -0.101662 -0.534838 0.195201 -0.245637 -0.178348 0.196525 0.250676 0.234925 0.159429 -0.075933 0.186999 0.431079 -0.105464 -0.269552 0.435625 -0.536944 0.040927 -0.369063
