18 18
15 -0.411305 -0.434237 0.204947 -0.342780 -0.015639 0.009875 0.079259 0.106866 0.386975 -0.190927 0.376033 0.472777 -0.082469 -0.207608 0.220343 -0.317367 -0.180779 -0.381399
11 -0.397520 -0.409146 0.180376 -0.301739 -0.032553 -0.054189 0.007795 0.228939 0.388990 -0.194875 0.329392 0.460727 -0.058768 -0.234168 0.192043 -0.332134 -0.124646 -0.306632
13 -0.361199 -0.417728 0.191699 -0.331775 -0.027806 -0.043128 0.061659 0.139580 0.409190 -0.173478 0.354891 0.468272 -0.063383 -0.244226 0.221443 -0.322645 -0.177863 -0.391405
3 -0.394260 -0.397887 0.189036 -0.340023 -0.015268 -0.055535 0.056107 0.181744 0.327351 -0.191361 0.358236 0.431638 -0.064133 -0.329455 0.150552 -0.367832 -0.101554 -0.336067
4 -0.365629 -0.394916 0.181262 -0.322303 0.000103 -0.050849 0.041163 0.180401 0.397006 -0.200241 0.390789 0.491718 -0.040983 -0.264862 0.200140 -0.341158 -0.156471 -0.396491
1 -0.386992 -0.428620 0.160312 -0.402147 -0.052389 -0.102149 0.015905 0.280829 0.363489 -0.162751 0.291524 0.440443 0.039732 -0.399347 0.097135 -0.395511 -0.075699 -0.237997
2 -0.342031 -0.407085 0.142352 -0.406471 -0.061824 -0.058424 0.040000 0.242598 0.297378 -0.158799 0.295808 0.446273 0.030345 -0.413647 0.116037 -0.405070 -0.118344 -0.223170
12 -0.416879 -0.444064 0.183603 -0.339815 -0.048951 -0.045554 0.029051 0.160250 0.393742 -0.171318 0.397784 0.524105 -0.074619 -0.234030 0.207224 -0.305287 -0.171307 -0.353385
5 -0.377172 -0.450559 0.147667 -0.327541 0.008359 -0.053702 0.090804 0.143037 0.422686 -0.220129 0.391787 0.498952 -0.088761 -0.255261 0.216234 -0.372833 -0.161254 -0.397760
10 -0.404538 -0.423258 0.154878 -0.334703 -0.069622 -0.022178 0.028256 0.256469 0.431908 -0.192609 0.360751 0.509668 -0.038548 -0.255242 0.143196 -0.294924 -0.100919 -0.251843
9 -0.361806 -0.388746 0.101593 -0.396267 -0.064453 -0.073765 0.019743 0.263211 0.361674 -0.160341 0.314729 0.455066 0.031786 -0.431014 0.093725 -0.380526 -0.101499 -0.201684
0 -0.388591 -0.418394 0.159745 -0.375973 -0.088294 -0.051664 0.004231 0.248957 0.368126 -0.169996 0.350028 0.458473 0.000721 -0.320577 0.153855 -0.353260 -0.070840 -0.263382
8 -0.368360 -0.434785 0.184216 -0.318290 -0.044205 -0.027922 0.073511 0.170609 0.378275 -0.158607 0.343175 0.475072 -0.080238 -0.265957 0.214750 -0.351144 -0.136702 -0.349129
17 -0.387353 -0.409243 0.167462 -0.314449 -0.093274 -0.068516 0.029465 0.252333 0.420839 -0.145937 0.352596 0.508401 -0.004749 -0.260484 0.140132 -0.289189 -0.111549 -0.308546
7 -0.350164 -0.413727 0.144397 -0.298227 -0.041986 -0.028011 0.055950 0.194483 0.449061 -0.204279 0.357809 0.489391 -0.067469 -0.249349 0.222773 -0.306615 -0.131353 -0.370181
16 -0.387020 -0.403789 0.181504 -0.313748 -0.042377 -0.034486 0.071780 0.163715 0.401522 -0.177806 0.345646 0.497126 -0.085467 -0.215550 0.224892 -0.330349 -0.177923 -0.383933
6 -0.360927 -0.431976 0.167571 -0.317823 -0.010811 -0.046421 0.078588 0.198189 0.390025 -0.193155 0.369125 0.464623 -0.058859 -0.314880 0.201474 -0.365645 -0.145109 -0.375096
14 -0.378545 -0.429294 0.194847 -0.354785 -0.010273 -0.023687 0.043474 0.153823 0.361161 -0.164999 0.325359 0.477501 -0.065740 -0.271442 0.191907 -0.328572 -0.132348 -0.340821
