18 18
2 -0.351722 -0.562837 0.111375 -0.654208 -0.161884 0.129498 0.044535 -0.312342 0.166705 0.035662 0.463550 0.425891 -0.005666 -0.152545 0.160048 -0.104854 -0.264232 -0.046571
4 -0.381439 -0.538410 0.117838 -0.639586 -0.138737 0.113113 0.010186 -0.300141 0.199311 0.025071 0.497831 0.425391 -0.003188 -0.144703 0.154864 -0.090524 -0.248687 -0.070967
12 -0.383030 -0.545527 0.116267 -0.619951 -0.155940 0.116578 0.017792 -0.332771 0.161227 0.056773 0.461614 0.411090 -0.032706 -0.105042 0.145616 -0.051919 -0.258482 -0.035689
9 -0.366583 -0.541606 0.089469 -0.629749 -0.150859 0.133100 0.042762 -0.309793 0.203838 0.036137 0.456251 0.418657 -0.026727 -0.156732 0.154421 -0.097188 -0.259146 -0.034286
13 -0.338539 -0.545939 0.126497 -0.649532 -0.164526 0.132969 0.051931 -0.340335 0.194152 0.063113 0.426530 0.373419 -0.008997 -0.154271 0.174442 -0.088443 -0.265725 -0.062052
10 -0.398218 -0.592342 0.119030 -0.667111 -0.146648 0.165342 0.060128 -0.343846 0.210644 0.021321 0.507509 0.446726 -0.051334 -0.120347 0.151671 -0.070419 -0.250117 -0.038481
8 -0.361521 -0.566568 0.136385 -0.618276 -0.166828 0.137941 0.051804 -0.302868 0.178008 0.056718 0.436987 0.394696 -0.038918 -0.135491 0.173753 -0.104133 -0.219896 -0.052808
0 -0.352818 -0.529064 0.120102 -0.617313 -0.163117 0.145658 0.028603 -0.314393 0.154772 0.038529 0.442864 0.366643 -0.018850 -0.112235 0.169134 -0.084830 -0.208086 -0.051301
3 -0.409631 -0.569380 0.154048 -0.653125 -0.155775 0.133182 0.054159 -0.332316 0.156527 0.038938 0.489829 0.401584 -0.056937 -0.166520 0.150298 -0.104899 -0.228518 -0.070264
5 -0.357095 -0.569783 0.085865 -0.631001 -0.138826 0.126920 0.060352 -0.348058 0.210807 0.025172 0.478056 0.418278 -0.045131 -0.126692 0.183973 -0.107565 -0.256421 -0.077654
15 -0.395645 -0.571381 0.141954 -0.652309 -0.141115 0.162165 0.060937 -0.349705 0.183568 0.027703 0.457582 0.389493 -0.027086 -0.112858 0.168272 -0.096020 -0.258896 -0.067168
1 -0.418690 -0.604184 0.152768 -0.685559 -0.140427 0.113422 0.040488 -0.314616 0.225044 0.035860 0.464554 0.413531 -0.010561 -0.155775 0.149423 -0.110049 -0.236491 -0.072340
7 -0.339430 -0.546576 0.083930 -0.640343 -0.177591 0.147021 0.040230 -0.315397 0.217555 0.036524 0.447642 0.411478 -0.016461 -0.165016 0.185404 -0.081684 -0.244204 -0.056813
11 -0.022755 -0.017997 0.010402 0.008892 0.014438 -0.011029 -0.020096 0.023319 0.018649 -0.022508 -0.004615 0.005927 -0.014992 0.016644 0.025927 -0.023252 -0.010098 -0.005158
14 -0.011733 -0.016220 0.026785 -0.021827 0.014521 0.009558 -0.015588 -0.009492 -0.015071 0.014490 -0.026914 0.011819 -0.010079 -0.001944 0.000728 0.009641 0.015475 -0.000266
17 -0.002915 -0.006397 0.005624 0.018021 -0.026928 -0.018564 0.015689 0.014203 0.025956 0.022864 0.010492 0.027524 0.013101 0.016295 -0.014503 0.021066 0.000664 -0.026546
16 -0.003066 0.009981 0.006043 0.000869 -0.007381 -0.001770 0.017455 -0.006904 0.000948 0.004908 -0.016488 0.011175 -0.012361 0.022003 0.021550 -0.015661 -0.025305 -0.027720
6 0.007299 -0.006988 0.006429 0.025394 0.003018 0.008962 0.013628 0.017139 -0.003415 0.002961 0.009307 -0.005691 -0.008572 -0.012634 0.015137 0.000585 -0.007433 -0.019036
