18 18
8 -0.288683 -0.591171 0.379237 -0.263602 -0.096082 0.092043 0.102942 -0.025369 0.198306 0.216144 0.036292 0.435203 -0.247897 -0.138454 0.350779 -0.130747 -0.131653 -0.361947
17 -0.299750 -0.588275 0.396173 -0.268631 -0.133700 0.063582 0.127193 -0.006256 0.219858 0.236479 0.067332 0.474618 -0.203323 -0.162388 0.318606 -0.099227 -0.143644 -0.433674
4 -0.359459 -0.658752 0.500299 -0.352339 -0.091332 0.081492 0.113309 0.027252 0.182139 0.221537 0.071869 0.495589 -0.226745 -0.290573 0.381973 -0.211181 -0.120090 -0.521451
6 -0.287746 -0.574423 0.364957 -0.245387 -0.066581 0.085548 0.086618 -0.016408 0.218575 0.197708 0.070790 0.458984 -0.240361 -0.131024 0.353106 -0.093969 -0.183879 -0.382063
9 -0.301267 -0.551035 0.282653 -0.235575 -0.058714 0.060932 0.039644 -0.044773 0.300110 0.195619 0.086053 0.530464 -0.243233 -0.041660 0.319415 -0.026443 -0.252630 -0.288327
14 -0.322266 -0.627382 0.394073 -0.289234 -0.054990 0.094844 0.068812 -0.059530 0.234539 0.224335 0.033114 0.520324 -0.276807 -0.090882 0.361852 -0.077122 -0.189819 -0.367511
11 -0.312911 -0.558407 0.277117 -0.186484 -0.032123 0.028625 -0.030854 -0.042843 0.334628 0.180091 0.079680 0.539757 -0.278830 0.082631 0.353028 0.011533 -0.285974 -0.248917
3 -0.361623 -0.647998 0.468770 -0.320775 -0.098446 0.094580 0.142461 -0.016939 0.185268 0.218612 0.068489 0.470991 -0.275726 -0.244197 0.357698 -0.170700 -0.120050 -0.474980
2 -0.307612 -0.622643 0.417481 -0.317836 -0.089795 0.077537 0.104760 0.001945 0.187744 0.209598 0.043783 0.498120 -0.222487 -0.208599 0.350893 -0.154938 -0.178119 -0.412056
16 -0.292071 -0.557740 0.371957 -0.278179 -0.093244 0.075582 0.114560 -0.036825 0.218107 0.207891 0.035444 0.472509 -0.228335 -0.116701 0.354705 -0.119874 -0.199889 -0.414546
15 -0.324336 -0.590939 0.369250 -0.282408 -0.074267 0.105937 0.097789 -0.060642 0.229095 0.193233 0.078939 0.478010 -0.239674 -0.101190 0.348699 -0.095191 -0.206926 -0.375268
7 -0.273140 -0.566412 0.336441 -0.278445 -0.097480 0.089571 0.087780 -0.031322 0.250114 0.197393 0.043873 0.475077 -0.222330 -0.144540 0.350035 -0.084285 -0.177686 -0.375081
12 -0.345716 -0.617375 0.359117 -0.280672 -0.091212 0.050179 0.040665 -0.068841 0.262722 0.235600 0.102297 0.551688 -0.259391 -0.050411 0.348452 -0.029527 -0.249413 -0.353690
10 -0.321440 -0.620556 0.341421 -0.254369 -0.056096 0.084903 0.059004 -0.056760 0.328438 0.205442 0.097196 0.572611 -0.291884 -0.011205 0.356386 -0.013371 -0.240824 -0.333747
13 -0.285494 -0.561720 0.316799 -0.246884 -0.059842 0.051428 0.027628 -0.077104 0.304793 0.219492 0.070761 0.510112 -0.249583 -0.018814 0.343767 -0.008348 -0.270484 -0.303220
5 -0.337769 -0.692430 0.429446 -0.332041 -0.078718 0.083719 0.151460 -0.044925 0.241899 0.215373 0.078252 0.532341 -0.272404 -0.203270 0.391879 -0.179431 -0.167013 -0.491200
1 -0.345008 -0.620285 0.430760 -0.322696 -0.076251 0.047020 0.099371 0.000522 0.229861 0.203892 0.044289 0.447623 -0.204733 -0.191348 0.318909 -0.151698 -0.126288 -0.428101
0 -0.319270 -0.603715 0.383394 -0.310410 -0.095349 0.083525 0.067723 -0.025517 0.211837 0.198553 0.082890 0.462949 -0.227358 -0.148138 0.354940 -0.127411 -0.136400 -0.378982
