18 18
9 -0.343150 -0.427800 0.310389 -0.208317 -0.206647 -0.057623 0.146743 0.109062 0.334094 0.125182 0.154392 0.444152 -0.177169 -0.068021 0.362351 -0.333756 -0.189497 -0.472177
10 -0.364588 -0.467756 0.349425 -0.215302 -0.206897 -0.031109 0.179273 0.093813 0.357462 0.115857 0.184087 0.475672 -0.207247 -0.023661 0.394416 -0.331646 -0.201570 -0.519837
16 -0.340586 -0.432283 0.344983 -0.215343 -0.236152 -0.057257 0.178676 0.085073 0.339271 0.151783 0.137181 0.463522 -0.192647 -0.029854 0.434217 -0.364137 -0.246587 -0.562900
17 -0.331870 -0.439423 0.340556 -0.175118 -0.230713 -0.070540 0.170720 0.130716 0.338099 0.136369 0.166865 0.450583 -0.158744 -0.032785 0.348245 -0.311948 -0.155798 -0.508398
2 -0.332908 -0.486487 0.348500 -0.217255 -0.235400 -0.058350 0.173810 0.165177 0.326515 0.106940 0.162242 0.482964 -0.172123 -0.076164 0.383552 -0.389115 -0.155676 -0.490840
4 -0.350714 -0.422945 0.349446 -0.195712 -0.203783 -0.079519 0.132853 0.139005 0.336906 0.112789 0.186427 0.451601 -0.159336 -0.053373 0.384227 -0.352675 -0.187967 -0.529428
3 -0.378717 -0.462489 0.382843 -0.200799 -0.213487 -0.064976 0.177748 0.130180 0.308887 0.114503 0.179848 0.436797 -0.208290 -0.080141 0.368547 -0.371853 -0.127873 -0.533304
0 -0.360441 -0.477307 0.353081 -0.239297 -0.245585 -0.043416 0.152381 0.111571 0.335531 0.126086 0.190656 0.454592 -0.180274 -0.058446 0.417840 -0.369811 -0.155158 -0.524972
7 -0.322197 -0.456437 0.317845 -0.217903 -0.242648 -0.039636 0.167501 0.125522 0.362157 0.114082 0.157407 0.461012 -0.174767 -0.083387 0.406850 -0.347101 -0.168404 -0.516876
11 -0.390543 -0.499175 0.383184 -0.215254 -0.224845 -0.073441 0.146566 0.136401 0.376827 0.119299 0.166819 0.477928 -0.205741 -0.033437 0.449141 -0.388587 -0.206174 -0.557520
8 -0.338374 -0.488272 0.359481 -0.202597 -0.237723 -0.045571 0.176300 0.143304 0.341908 0.132958 0.148103 0.452964 -0.196834 -0.059271 0.398458 -0.371418 -0.129940 -0.493907
14 -0.372693 -0.484385 0.391187 -0.237868 -0.216597 -0.050823 0.155480 0.104912 0.339590 0.152952 0.144201 0.488105 -0.205882 -0.057145 0.426662 -0.363211 -0.191765 -0.559694
15 -0.363485 -0.438657 0.354636 -0.222620 -0.201546 -0.033538 0.167694 0.063864 0.314750 0.121847 0.175468 0.430874 -0.172667 -0.033404 0.392211 -0.336406 -0.224113 -0.524735
12 -0.382677 -0.473066 0.358580 -0.229128 -0.229816 -0.072854 0.141548 0.073661 0.305605 0.152939 0.185312 0.465196 -0.186009 -0.029483 0.386786 -0.323449 -0.218654 -0.516823
13 -0.348586 -0.464493 0.379878 -0.244654 -0.243816 -0.066623 0.177847 0.071459 0.364657 0.179097 0.148439 0.462015 -0.185254 -0.069816 0.447485 -0.363292 -0.268071 -0.588074
1 -0.359150 -0.476887 0.363860 -0.206327 -0.190202 -0.089474 0.139079 0.175253 0.326382 0.097439 0.137454 0.413534 -0.157705 -0.074510 0.329963 -0.371798 -0.073322 -0.473356
5 -0.345950 -0.490629 0.329528 -0.210195 -0.205325 -0.072252 0.191151 0.109195 0.368373 0.105754 0.187536 0.483253 -0.202143 -0.052715 0.410024 -0.394447 -0.177022 -0.556509
6 -0.336143 -0.446000 0.350620 -0.185272 -0.216605 -0.049372 0.174815 0.112570 0.326228 0.140345 0.167780 0.431220 -0.187315 -0.069878 0.418146 -0.348851 -0.221933 -0.548713
