18 18
16 -0.170367 -0.290098 -0.011541 -0.003554 0.073822 -0.064362 0.178571 -0.024118 0.219975 -0.184173 0.225448 0.534783 -0.394384 0.146842 0.512035 -0.380524 -0.399526 -0.533939
12 -0.181334 -0.329154 -0.030162 -0.017354 0.072627 -0.079622 0.155430 -0.042374 0.213883 -0.177889 0.280658 0.557390 -0.384453 0.129062 0.487116 -0.349334 -0.401943 -0.498355
3 -0.165844 -0.287517 -0.005984 -0.007187 0.075987 -0.053257 0.186590 -0.022519 0.194436 -0.192146 0.242880 0.491380 -0.392329 0.077953 0.461042 -0.367938 -0.337298 -0.502025
7 -0.119854 -0.284824 -0.052229 -0.020017 0.045866 -0.033725 0.181580 -0.018783 0.245618 -0.190570 0.224106 0.516107 -0.361336 0.076283 0.498326 -0.355443 -0.362996 -0.499703
5 -0.116708 -0.275944 -0.067484 0.010470 0.090074 -0.057985 0.184139 -0.027230 0.241256 -0.196447 0.226788 0.472208 -0.349937 0.108793 0.428704 -0.335535 -0.319353 -0.448412
11 -0.190596 -0.333652 -0.001758 0.014397 0.096301 -0.080434 0.148102 0.022939 0.245038 -0.215520 0.239986 0.550478 -0.407444 0.140627 0.530933 -0.403073 -0.394211 -0.526638
4 -0.149163 -0.281073 -0.033203 0.009369 0.090964 -0.076967 0.158641 0.009818 0.234583 -0.210115 0.275530 0.534433 -0.362158 0.097759 0.484269 -0.376779 -0.371995 -0.522946
15 -0.187766 -0.310449 0.017078 -0.040939 0.079779 -0.025001 0.177706 -0.054465 0.202760 -0.180535 0.238084 0.499768 -0.364574 0.119595 0.484129 -0.359578 -0.386844 -0.503786
10 -0.152950 -0.322438 -0.045674 0.008836 0.090047 -0.030712 0.196228 -0.010244 0.266807 -0.218934 0.260541 0.562244 -0.410668 0.143687 0.484316 -0.345262 -0.358049 -0.487753
2 -0.138180 -0.337362 -0.041727 -0.008198 0.072532 -0.075195 0.196205 0.010522 0.224970 -0.214555 0.260011 0.595376 -0.397164 0.091064 0.535107 -0.427968 -0.427607 -0.535188
6 -0.150454 -0.310731 -0.008973 0.017341 0.078896 -0.046123 0.180183 -0.001788 0.213470 -0.177123 0.238253 0.506006 -0.378619 0.103600 0.488195 -0.352093 -0.366065 -0.502103
13 -0.141899 -0.298766 -0.007945 -0.035650 0.063422 -0.068848 0.175963 -0.045874 0.219504 -0.161610 0.229396 0.507995 -0.361241 0.084608 0.499563 -0.369026 -0.405984 -0.515010
14 -0.168310 -0.327282 0.000478 -0.029020 0.088307 -0.051406 0.158530 -0.025699 0.211665 -0.175780 0.219069 0.548036 -0.392210 0.109802 0.492335 -0.358215 -0.359164 -0.501144
8 -0.167541 -0.355212 0.002897 -0.017848 0.056620 -0.039774 0.203232 -0.029516 0.224297 -0.171830 0.250110 0.556997 -0.415835 0.109721 0.540260 -0.402636 -0.388314 -0.530603
17 -0.159252 -0.315058 -0.020116 0.018249 0.052174 -0.078833 0.186224 0.002472 0.253260 -0.167046 0.251189 0.555707 -0.366080 0.134393 0.469187 -0.339536 -0.366364 -0.520406
1 -0.027660 -0.027217 0.026180 -0.019122 0.012075 -0.026796 -0.004699 0.019366 0.022084 0.001540 -0.016522 -0.005216 0.015504 -0.011155 -0.013895 -0.016653 0.015775 -0.011908
0 -0.005399 -0.014495 0.001279 -0.026652 -0.021820 0.016369 -0.010898 -0.008016 -0.006711 0.000758 0.022893 0.001004 0.004839 -0.000095 0.023655 -0.011355 0.019530 -0.003746
9 -0.008402 0.003844 -0.023332 -0.006576 0.000593 0.000225 -0.003692 0.013429 0.026437 -0.004111 0.005667 0.021814 0.003016 -0.025362 -0.007905 -0.006482 -0.012628 0.018993
