18 18
7 -0.280909 -0.498445 0.125956 -0.314861 -0.054470 0.083641 0.029378 -0.040765 0.735991 0.081248 0.031276 0.507643 -0.139136 0.043492 0.550466 -0.117093 -0.299747 -0.460154
12 -0.366277 -0.567143 0.182624 -0.370430 -0.048307 0.053837 0.012698 -0.079243 0.693703 0.109751 0.070590 0.578941 -0.166155 0.075605 0.556618 -0.131944 -0.352405 -0.479589
11 -0.325923 -0.510961 0.161106 -0.307240 -0.027326 0.053257 0.003074 -0.029301 0.718270 0.063730 0.034502 0.501884 -0.151958 0.083705 0.562129 -0.156155 -0.330056 -0.460325
16 -0.311541 -0.515191 0.192200 -0.316956 -0.058448 0.100116 0.066068 -0.060624 0.756323 0.108109 -0.008611 0.501486 -0.159059 0.122612 0.599747 -0.132465 -0.340995 -0.523841
10 -0.347862 -0.583807 0.177484 -0.355415 -0.027996 0.110398 0.057946 -0.063083 0.811108 0.085369 0.052163 0.590377 -0.185371 0.109204 0.589590 -0.116309 -0.333659 -0.509808
5 -0.336355 -0.534019 0.083102 -0.307356 -0.004687 0.019886 0.013564 -0.086984 0.801840 0.073592 0.104207 0.578811 -0.168499 0.116662 0.546249 -0.116698 -0.331816 -0.489128
9 -0.332222 -0.505102 0.125748 -0.332555 -0.029328 0.058339 0.015456 -0.042522 0.755466 0.088033 0.056555 0.545645 -0.138609 0.041709 0.520550 -0.123737 -0.338027 -0.445723
3 -0.052341 -0.877943 0.724860 -0.810908 -0.249546 0.217107 1.172029 0.800550 -0.864018 -0.373305 -0.111841 1.085254 -0.267161 -1.598762 0.201444 -1.843982 -0.495243 -0.488365
2 -0.019494 -0.934054 0.711342 -0.855146 -0.273463 0.232746 1.185406 0.823381 -0.823119 -0.359661 -0.135139 1.169198 -0.232219 -1.601526 0.250611 -1.871417 -0.567012 -0.485695
1 -0.357546 -0.557571 0.189229 -0.363506 -0.016411 0.022845 0.044312 -0.007389 0.688777 0.074163 0.032899 0.556331 -0.140351 0.008959 0.492514 -0.193716 -0.304694 -0.468899
4 -0.313762 -0.477158 0.154002 -0.315964 -0.008373 0.019448 0.017977 0.001101 0.619100 0.052122 0.079299 0.541520 -0.128513 0.006297 0.464691 -0.177985 -0.295785 -0.444496
14 -0.339647 -0.522018 0.188923 -0.338845 -0.019577 0.070210 -0.014109 -0.079099 0.703463 0.120417 0.014987 0.506631 -0.152547 0.095369 0.535963 -0.082679 -0.297413 -0.459953
8 -0.285332 -0.519649 0.180324 -0.305488 -0.060121 0.078682 0.073452 -0.023922 0.619808 0.094196 0.018459 0.499669 -0.162980 0.040935 0.511755 -0.173806 -0.272322 -0.431937
13 -0.278852 -0.512254 0.196707 -0.349425 -0.060078 0.087806 0.064103 -0.054807 0.699587 0.108612 -0.000371 0.475444 -0.127040 0.017119 0.562030 -0.157886 -0.347030 -0.484908
15 -0.350385 -0.566088 0.221200 -0.360005 -0.047387 0.126080 0.064348 -0.089479 0.771778 0.107049 0.015684 0.511806 -0.153667 0.112591 0.607775 -0.131342 -0.350381 -0.531118
6 -0.323420 -0.525378 0.182914 -0.308661 -0.025722 0.080113 0.014954 -0.043161 0.729184 0.101494 0.049693 0.496025 -0.148279 0.062300 0.572919 -0.112157 -0.337721 -0.492172
17 -0.313885 -0.541888 0.170736 -0.312852 -0.072922 0.046390 0.099960 0.009192 0.711492 0.089014 0.053204 0.592141 -0.140459 0.037185 0.506069 -0.177663 -0.324147 -0.497316
0 -0.252719 -0.464239 0.166998 -0.321384 -0.065434 0.077852 0.063497 -0.002220 0.496516 0.051302 0.048987 0.459441 -0.122458 -0.030783 0.459460 -0.210840 -0.254941 -0.388099
