18 18
4 -0.434287 -0.502225 0.189351 -0.259106 -0.052118 0.045414 -0.085073 0.143909 0.292711 -0.105793 0.239217 0.512721 -0.162783 -0.023402 0.432330 -0.294396 -0.209947 -0.304981
16 -0.395530 -0.490541 0.175938 -0.256641 -0.103878 0.064448 -0.015368 0.083090 0.269515 -0.064737 0.172190 0.471231 -0.179597 0.012065 0.433525 -0.281142 -0.227360 -0.302230
12 -0.427559 -0.538427 0.176469 -0.253886 -0.097834 0.046502 -0.080030 0.093554 0.236583 -0.056282 0.237833 0.522181 -0.180890 0.012225 0.428986 -0.245715 -0.246031 -0.264987
6 -0.429685 -0.553478 0.200355 -0.227267 -0.091386 0.076899 -0.044533 0.137260 0.275679 -0.074385 0.231417 0.510226 -0.202197 -0.003255 0.482279 -0.293142 -0.227083 -0.320976
5 -0.396682 -0.533056 0.152575 -0.259024 -0.062235 0.065437 -0.010905 0.060916 0.294926 -0.091008 0.229609 0.495804 -0.201560 0.003684 0.461598 -0.310220 -0.231588 -0.324544
14 -0.450608 -0.572766 0.228936 -0.283276 -0.077877 0.085524 -0.064758 0.096878 0.254174 -0.056509 0.194817 0.520475 -0.209390 0.002015 0.466155 -0.290673 -0.215348 -0.305449
15 -0.437744 -0.533560 0.207182 -0.270689 -0.084787 0.106089 -0.029659 0.077458 0.258142 -0.076344 0.219040 0.478622 -0.187099 0.005865 0.447904 -0.292246 -0.226257 -0.293911
10 -0.423630 -0.541581 0.170733 -0.255047 -0.084966 0.098658 -0.025626 0.109537 0.320885 -0.099423 0.228378 0.524997 -0.202022 0.013627 0.436940 -0.260890 -0.213685 -0.284412
1 -0.427484 -0.538175 0.208873 -0.264874 -0.085912 0.038636 -0.048643 0.121879 0.279095 -0.061274 0.179366 0.463965 -0.161515 -0.007053 0.407957 -0.278075 -0.178570 -0.286066
17 -0.427919 -0.546169 0.187681 -0.232185 -0.116728 0.046635 -0.043328 0.142509 0.306609 -0.065420 0.237719 0.544806 -0.172470 0.011026 0.440467 -0.266827 -0.219504 -0.321097
0 -0.403348 -0.521373 0.189299 -0.262529 -0.117195 0.095313 -0.046377 0.084886 0.231958 -0.052855 0.214613 0.455447 -0.184468 0.012093 0.451418 -0.282848 -0.163753 -0.272966
11 -0.447662 -0.557372 0.190854 -0.219287 -0.073085 0.033878 -0.093922 0.174478 0.292537 -0.112461 0.211551 0.522129 -0.191711 0.023388 0.470361 -0.301730 -0.236022 -0.286306
3 -0.459683 -0.550168 0.219397 -0.278808 -0.079776 0.088658 -0.020688 0.082504 0.262788 -0.088250 0.243541 0.498592 -0.223429 -0.039644 0.459873 -0.318829 -0.216569 -0.338007
7 -0.412069 -0.551788 0.158923 -0.256574 -0.110217 0.069872 -0.062270 0.145381 0.319821 -0.096943 0.217178 0.538449 -0.172414 -0.025672 0.473570 -0.279304 -0.233179 -0.304733
13 -0.376560 -0.494501 0.178301 -0.279386 -0.087467 0.069657 -0.020776 0.068445 0.291376 -0.064943 0.191485 0.453971 -0.156361 -0.037807 0.427333 -0.274724 -0.237476 -0.304906
2 -0.414886 -0.559719 0.180410 -0.252448 -0.100354 0.053216 -0.063122 0.169001 0.261203 -0.090137 0.218812 0.552546 -0.168265 -0.016214 0.448325 -0.307257 -0.237083 -0.269796
8 -0.427207 -0.573829 0.210373 -0.251054 -0.123555 0.086024 -0.034327 0.113531 0.265482 -0.042402 0.203974 0.504461 -0.216758 0.006929 0.481153 -0.308009 -0.191439 -0.290629
9 -0.380535 -0.457263 0.147114 -0.237734 -0.080102 0.068741 -0.049280 0.104576 0.256080 -0.065312 0.190199 0.455055 -0.164601 -0.030247 0.381703 -0.259871 -0.190502 -0.225883
