18 18
5 -0.171577 -0.426403 -0.053172 -0.278010 0.083424 -0.098940 0.064159 0.063108 0.427077 -0.151639 0.208677 0.503445 -0.119505 -0.282461 0.354230 -0.464196 -0.213575 -0.369031
9 -0.194020 -0.412259 -0.052965 -0.286795 0.061532 -0.096816 0.049695 0.108831 0.453326 -0.136758 0.204417 0.546071 -0.099186 -0.319640 0.340325 -0.466484 -0.230936 -0.344223
4 -0.187788 -0.397798 -0.023242 -0.290256 0.082366 -0.131212 0.008106 0.122662 0.434672 -0.142370 0.214269 0.534304 -0.081428 -0.335750 0.351847 -0.472797 -0.221822 -0.389028
8 -0.178667 -0.444736 -0.012620 -0.275161 0.050409 -0.099888 0.068257 0.108394 0.430328 -0.117814 0.180360 0.516150 -0.123515 -0.294782 0.375559 -0.489299 -0.200348 -0.373428
3 -0.210651 -0.405416 -0.004501 -0.283194 0.065915 -0.098164 0.067159 0.089587 0.407281 -0.144114 0.206632 0.502605 -0.128775 -0.325933 0.340295 -0.478500 -0.192926 -0.391490
2 -0.164223 -0.424320 -0.039119 -0.289558 0.059811 -0.095071 0.068848 0.113576 0.418662 -0.146597 0.189538 0.539505 -0.096208 -0.317426 0.354668 -0.493394 -0.230883 -0.360740
0 -0.179037 -0.422345 -0.035271 -0.301990 0.039580 -0.079559 0.042631 0.087984 0.412044 -0.136260 0.212315 0.508016 -0.102831 -0.295972 0.373149 -0.471389 -0.183471 -0.363724
10 -0.220527 -0.448467 -0.012010 -0.306012 0.102307 -0.054881 0.053900 0.081567 0.492403 -0.180294 0.243246 0.557091 -0.122507 -0.255983 0.347845 -0.426323 -0.230209 -0.366014
11 -0.227619 -0.430160 0.013865 -0.294074 0.092686 -0.112086 -0.004414 0.094542 0.437613 -0.149669 0.198410 0.513135 -0.106056 -0.270364 0.361883 -0.433655 -0.238806 -0.368818
7 -0.145721 -0.391835 -0.046682 -0.293512 0.038834 -0.080445 0.045551 0.093506 0.436391 -0.132892 0.167336 0.498979 -0.089940 -0.336413 0.364650 -0.439849 -0.202443 -0.362129
16 -0.182679 -0.405271 -0.029142 -0.296786 0.057238 -0.096608 0.079965 0.072917 0.439203 -0.132978 0.177134 0.542220 -0.123606 -0.291350 0.382721 -0.484425 -0.256726 -0.405795
1 -0.210156 -0.438830 -0.002020 -0.299203 0.078570 -0.114436 0.048671 0.115624 0.452505 -0.142562 0.183170 0.507083 -0.090506 -0.296572 0.337248 -0.473717 -0.195879 -0.372494
14 -0.204348 -0.434002 0.023955 -0.341810 0.087736 -0.111741 -0.020693 0.067207 0.399059 -0.100327 0.167321 0.528895 -0.093991 -0.341091 0.353149 -0.423428 -0.222752 -0.370859
13 -0.194597 -0.448861 0.016076 -0.373739 0.075483 -0.124876 0.011633 0.054415 0.462753 -0.107468 0.195557 0.544201 -0.082468 -0.381008 0.387761 -0.460917 -0.285335 -0.422774
12 -0.228024 -0.456016 -0.013361 -0.333486 0.066587 -0.114659 0.008796 0.062970 0.432857 -0.124811 0.233477 0.571649 -0.104299 -0.308092 0.363643 -0.440437 -0.267700 -0.372682
6 -0.180342 -0.428049 -0.009873 -0.274320 0.077818 -0.099485 0.045177 0.108118 0.428912 -0.129815 0.204513 0.511205 -0.107826 -0.323081 0.364303 -0.445095 -0.229146 -0.386156
15 -0.266995 -0.472987 0.014523 -0.330349 0.098628 -0.043416 0.067615 0.043688 0.467078 -0.185358 0.252228 0.544877 -0.123283 -0.243641 0.379138 -0.470203 -0.259724 -0.407332
17 -0.198933 -0.429254 -0.011624 -0.276297 0.045455 -0.113373 0.065834 0.103896 0.462174 -0.118442 0.211403 0.549488 -0.092610 -0.277561 0.340025 -0.436735 -0.223794 -0.402124
