18 18
6 -0.370809 -0.495136 0.295992 -0.112614 -0.235578 0.049906 0.291570 0.021113 0.333847 0.060152 0.347725 0.516825 -0.325948 0.016767 0.256503 -0.059688 -0.229726 -0.449672
0 -0.402511 -0.486339 0.311786 -0.194157 -0.268460 0.039522 0.216957 -0.030542 0.291660 0.070474 0.376467 0.487681 -0.289169 0.017132 0.247521 -0.044611 -0.177275 -0.423198
17 -0.359542 -0.484162 0.277890 -0.113065 -0.253872 0.024022 0.305638 0.006081 0.352048 0.074714 0.349561 0.545515 -0.303747 0.051911 0.218515 -0.047824 -0.223420 -0.443439
16 -0.355294 -0.436803 0.271792 -0.127601 -0.229654 0.029864 0.268373 -0.010333 0.300673 0.060138 0.304812 0.490559 -0.299168 0.051547 0.241645 -0.066206 -0.242669 -0.425720
2 -0.347926 -0.500323 0.280423 -0.150637 -0.239516 0.055978 0.311481 0.006709 0.309794 0.053558 0.341208 0.537546 -0.299201 0.006565 0.235616 -0.090836 -0.246583 -0.393893
7 -0.368007 -0.461745 0.284801 -0.160204 -0.259966 0.036444 0.239474 -0.005517 0.318087 0.065469 0.323406 0.490267 -0.293271 -0.003110 0.239988 -0.037450 -0.198941 -0.429340
8 -0.323114 -0.482737 0.271696 -0.111470 -0.239504 0.053945 0.300761 0.005877 0.316842 0.081363 0.302820 0.494659 -0.323746 0.028290 0.256000 -0.088778 -0.192023 -0.398420
10 -0.322613 -0.498859 0.228449 -0.094871 -0.190502 0.095499 0.354048 0.012284 0.383887 0.009767 0.349064 0.554197 -0.345385 0.068799 0.233431 -0.073464 -0.208498 -0.362687
5 -0.324166 -0.495981 0.220882 -0.111976 -0.203242 0.043627 0.328824 -0.010355 0.361785 0.027236 0.343909 0.537301 -0.337400 0.036919 0.258694 -0.109341 -0.232287 -0.425168
3 -0.441006 -0.487310 0.362524 -0.169371 -0.250265 0.019495 0.249263 -0.032554 0.269023 0.075762 0.365111 0.477273 -0.335817 0.001772 0.218747 -0.051000 -0.183500 -0.463534
13 -0.405500 -0.455921 0.357364 -0.217714 -0.270591 -0.006967 0.195130 -0.076779 0.263486 0.122938 0.330837 0.434373 -0.270978 -0.006637 0.224201 -0.007576 -0.220256 -0.448534
11 -0.404514 -0.488367 0.318372 -0.144832 -0.231357 0.018250 0.227566 0.008608 0.327779 0.053830 0.331842 0.504166 -0.316865 0.044067 0.255166 -0.057958 -0.225982 -0.435974
14 -0.386448 -0.482006 0.331832 -0.172994 -0.224074 0.044121 0.231793 -0.026520 0.278614 0.086547 0.306057 0.490073 -0.306100 0.016318 0.229846 -0.036361 -0.194556 -0.426532
1 -0.429661 -0.505660 0.332767 -0.185665 -0.238766 -0.008200 0.238818 0.000080 0.332446 0.073086 0.339871 0.506985 -0.290948 0.017530 0.224503 -0.064864 -0.206043 -0.452059
15 -0.393272 -0.513592 0.303433 -0.165605 -0.219881 0.080428 0.306350 -0.034943 0.321689 0.044752 0.355305 0.509507 -0.305708 0.032686 0.251905 -0.083363 -0.251627 -0.419141
4 -0.376861 -0.426790 0.304693 -0.151863 -0.223628 0.002127 0.195421 0.001805 0.278705 0.064132 0.349539 0.465587 -0.265512 0.004463 0.213687 -0.043429 -0.186961 -0.428602
12 -0.468599 -0.500675 0.351776 -0.222082 -0.278568 -0.008847 0.172932 -0.077225 0.248407 0.110509 0.387731 0.498724 -0.297385 0.030444 0.223498 0.004822 -0.227524 -0.432327
9 -0.357123 -0.471698 0.252663 -0.141395 -0.229913 0.046575 0.271881 0.009069 0.332389 0.054629 0.336231 0.518237 -0.301677 -0.008515 0.227226 -0.074998 -0.225799 -0.380087
