18 18
5 -0.423839 -0.342844 0.333406 -0.367532 0.172522 -0.007380 0.068575 -0.099559 0.049849 -0.068871 0.153389 0.403295 -0.343487 -0.122064 0.324835 -0.508697 0.028922 -0.541058
4 -0.482107 -0.301503 0.361491 -0.375260 0.220175 -0.069668 -0.059046 -0.018565 0.030560 -0.082271 0.175205 0.426244 -0.275262 -0.150164 0.264498 -0.475559 0.051865 -0.502372
16 -0.402869 -0.310458 0.377077 -0.347602 0.118295 0.038507 0.107219 -0.085761 0.029558 -0.023708 0.071874 0.385969 -0.355487 -0.072823 0.357327 -0.501177 0.026945 -0.555299
14 -0.479519 -0.354014 0.396424 -0.431609 0.184983 -0.005700 -0.025949 -0.091871 -0.006659 -0.032140 0.104681 0.411220 -0.305322 -0.145787 0.289689 -0.447106 0.065497 -0.486061
7 -0.436312 -0.334594 0.344726 -0.413953 0.141888 0.001217 0.008089 -0.075130 0.027748 -0.058936 0.134505 0.401380 -0.297953 -0.176242 0.315443 -0.465608 0.055721 -0.501850
2 -0.427600 -0.338946 0.373055 -0.409931 0.147652 -0.003255 0.028588 -0.070011 -0.012977 -0.045250 0.121321 0.407926 -0.300494 -0.160446 0.307883 -0.499134 0.037503 -0.505797
13 -0.441614 -0.327088 0.403490 -0.424499 0.151390 -0.011135 0.030042 -0.107412 0.016056 -0.020094 0.126555 0.377676 -0.313646 -0.165425 0.323737 -0.496703 0.028752 -0.551968
1 -0.497846 -0.360230 0.408361 -0.408394 0.189583 -0.048395 0.000084 -0.033864 0.049019 -0.051539 0.116642 0.413959 -0.301797 -0.147280 0.292414 -0.510849 0.067132 -0.536711
0 -0.457622 -0.347069 0.400683 -0.448065 0.114315 0.019531 0.005669 -0.120402 -0.023962 -0.014304 0.149113 0.365226 -0.299155 -0.142079 0.329210 -0.473146 0.073044 -0.509291
15 -0.441453 -0.329902 0.404785 -0.400254 0.131859 0.050907 0.075007 -0.127662 0.003088 -0.029153 0.130601 0.356762 -0.326697 -0.111097 0.332367 -0.486746 0.029763 -0.546198
3 -0.485663 -0.342655 0.427736 -0.411863 0.152905 0.013406 0.064047 -0.118053 -0.024974 -0.038053 0.153002 0.377867 -0.374350 -0.158121 0.325934 -0.525283 0.070198 -0.573924
12 -0.483777 -0.351626 0.375271 -0.427950 0.145938 -0.020642 -0.013897 -0.130309 -0.015217 -0.015642 0.173919 0.405536 -0.306892 -0.131245 0.285363 -0.434339 0.014765 -0.480862
9 -0.477883 -0.335768 0.351875 -0.394514 0.180706 -0.016247 0.009215 -0.053953 0.054822 -0.055078 0.142045 0.436778 -0.315509 -0.154502 0.292461 -0.490578 0.031466 -0.493562
8 -0.371043 -0.316208 0.361229 -0.316722 0.107807 0.039426 0.088361 -0.058894 0.024558 -0.013011 0.072718 0.353207 -0.331028 -0.093651 0.327484 -0.468566 0.062862 -0.497731
10 -0.400111 -0.318204 0.366188 -0.353717 0.133373 0.067646 0.105102 -0.093399 0.039904 -0.043518 0.117531 0.381158 -0.355068 -0.083799 0.320853 -0.463614 0.054575 -0.518087
11 -0.482067 -0.350526 0.361373 -0.382477 0.192551 -0.039183 -0.029114 -0.041053 0.043662 -0.080450 0.138620 0.416414 -0.312158 -0.130651 0.310416 -0.489341 0.031270 -0.493479
17 -0.002915 -0.006397 0.005624 0.018021 -0.026928 -0.018564 0.015689 0.014203 0.025956 0.022864 0.010492 0.027524 0.013101 0.016295 -0.014503 0.021066 0.000664 -0.026546
6 0.007299 -0.006988 0.006429 0.025394 0.003018 0.008962 0.013628 0.017139 -0.003415 0.002961 0.009307 -0.005691 -0.008572 -0.012634 0.015137 0.000585 -0.007433 -0.019036
