18 18
10 -0.219139 -0.401400 0.072898 -0.129745 -0.080065 0.132189 0.255236 -0.018669 0.247821 -0.115036 0.426958 0.470802 -0.329917 0.029001 0.419449 -0.343586 -0.110698 -0.421946
3 -0.256866 -0.410005 0.119096 -0.142630 -0.095947 0.100507 0.255697 -0.016708 0.197663 -0.095747 0.426501 0.452777 -0.336422 -0.019727 0.418616 -0.391752 -0.103699 -0.469392
17 -0.262663 -0.433850 0.113373 -0.133998 -0.124040 0.079055 0.246531 -0.026611 0.250737 -0.057261 0.422639 0.491073 -0.304454 0.042156 0.416015 -0.330918 -0.140043 -0.485699
5 -0.205370 -0.409350 0.039506 -0.122921 -0.085230 0.085725 0.263096 -0.004114 0.253222 -0.117126 0.440165 0.472097 -0.314265 -0.010978 0.416319 -0.396260 -0.102755 -0.439665
7 -0.210482 -0.408005 0.070246 -0.148447 -0.130986 0.113934 0.233902 -0.000090 0.249351 -0.090080 0.393459 0.456950 -0.287942 -0.022621 0.436667 -0.348928 -0.113069 -0.432715
2 -0.194428 -0.417419 0.064156 -0.139149 -0.121312 0.113453 0.282363 0.040953 0.231877 -0.114388 0.439896 0.503889 -0.304611 -0.038461 0.436452 -0.428194 -0.111476 -0.441717
6 -0.225940 -0.418778 0.095127 -0.123645 -0.110529 0.115689 0.254501 -0.008314 0.231004 -0.080687 0.427700 0.462660 -0.324030 0.003523 0.461703 -0.359389 -0.143272 -0.461220
0 -0.244079 -0.428076 0.086336 -0.165125 -0.124325 0.117075 0.222141 -0.014382 0.218869 -0.094488 0.434365 0.470426 -0.303107 0.013054 0.452079 -0.376425 -0.103438 -0.433545
16 -0.259024 -0.413041 0.110938 -0.154099 -0.100008 0.104219 0.252634 -0.055022 0.217884 -0.079540 0.394144 0.476514 -0.339557 0.049390 0.456316 -0.372416 -0.168540 -0.476356
4 -0.244033 -0.403625 0.093294 -0.134607 -0.091960 0.083064 0.230063 0.019586 0.242507 -0.110808 0.462952 0.498931 -0.303569 -0.003804 0.431557 -0.396829 -0.121634 -0.480823
11 -0.328310 -0.487419 0.148861 -0.156201 -0.086977 0.082882 0.204005 -0.044843 0.261647 -0.092842 0.417271 0.505138 -0.355589 0.079260 0.484218 -0.361814 -0.197145 -0.497970
1 -0.267912 -0.450821 0.103716 -0.152587 -0.104059 0.071416 0.240865 0.032462 0.281971 -0.099751 0.422399 0.476060 -0.294083 -0.012841 0.419130 -0.390748 -0.091694 -0.458600
12 -0.321412 -0.482072 0.143169 -0.186141 -0.108888 0.087945 0.202388 -0.095602 0.204811 -0.049981 0.438194 0.514276 -0.341598 0.073599 0.451590 -0.319202 -0.204503 -0.467272
13 -0.258235 -0.441532 0.149154 -0.197359 -0.110386 0.106974 0.238890 -0.100101 0.213876 -0.036820 0.381008 0.457892 -0.321506 0.021688 0.465006 -0.346145 -0.202111 -0.489408
15 -0.272369 -0.412501 0.134115 -0.172133 -0.074335 0.125200 0.234447 -0.088075 0.190587 -0.079834 0.388875 0.441269 -0.311991 0.050316 0.425684 -0.342739 -0.179124 -0.451888
14 -0.276691 -0.444401 0.148372 -0.185054 -0.075843 0.114425 0.216690 -0.073734 0.190345 -0.057998 0.365124 0.480117 -0.337740 0.037432 0.443376 -0.347408 -0.152206 -0.466201
8 -0.208470 -0.417619 0.082163 -0.127729 -0.127452 0.115704 0.262113 0.018052 0.233090 -0.081246 0.410679 0.463665 -0.314741 -0.014453 0.437445 -0.400108 -0.087780 -0.427053
9 -0.238082 -0.417554 0.052238 -0.138665 -0.113620 0.096567 0.250876 0.034180 0.283041 -0.109012 0.453231 0.514912 -0.313483 -0.037764 0.423751 -0.400602 -0.115418 -0.437938
