18 18
0 -0.268919 -0.241983 0.236575 -0.097173 0.032378 -0.185404 -0.025671 0.363789 0.298946 -0.132901 0.306582 0.403622 -0.035559 -0.157231 0.359326 -0.434577 -0.194457 -0.578468
3 -0.289090 -0.219351 0.262301 -0.075184 0.065755 -0.202685 0.004863 0.368740 0.273290 -0.154304 0.305079 0.386163 -0.058949 -0.194004 0.325289 -0.451167 -0.195152 -0.613154
4 -0.253560 -0.190971 0.221931 -0.060228 0.079950 -0.212295 -0.039808 0.381331 0.296890 -0.157839 0.304399 0.398027 -0.011159 -0.157836 0.322383 -0.421682 -0.209866 -0.583619
12 -0.295093 -0.252329 0.235945 -0.101891 0.051404 -0.206510 -0.031388 0.351626 0.287969 -0.138383 0.338000 0.447364 -0.049766 -0.173232 0.345898 -0.415399 -0.275335 -0.579581
2 -0.232590 -0.221745 0.223165 -0.071689 0.044286 -0.195814 -0.001323 0.395096 0.256614 -0.135338 0.269031 0.418647 -0.012535 -0.185906 0.304550 -0.433680 -0.211118 -0.544630
1 -0.295727 -0.248991 0.254348 -0.089868 0.072512 -0.233977 -0.025509 0.379743 0.313370 -0.138257 0.264549 0.385461 -0.018938 -0.162234 0.312301 -0.438795 -0.200048 -0.572777
10 -0.274212 -0.243552 0.238214 -0.067711 0.072237 -0.196272 -0.002413 0.405490 0.348309 -0.163133 0.315953 0.456498 -0.053745 -0.150354 0.339751 -0.428310 -0.232053 -0.591633
7 -0.243666 -0.229318 0.210134 -0.087649 0.039583 -0.176108 -0.012175 0.383563 0.330012 -0.153634 0.285046 0.419929 -0.022207 -0.194415 0.361488 -0.430439 -0.210577 -0.590563
9 -0.278508 -0.228912 0.214728 -0.073423 0.065719 -0.201468 -0.014115 0.389452 0.333338 -0.136486 0.284883 0.439640 -0.039770 -0.184059 0.305276 -0.415109 -0.229839 -0.546443
11 -0.281266 -0.235804 0.239893 -0.055067 0.074166 -0.213999 -0.034074 0.390814 0.308183 -0.153086 0.267451 0.400365 -0.055348 -0.148481 0.330403 -0.427048 -0.227737 -0.548511
16 -0.257683 -0.209911 0.235130 -0.073443 0.056210 -0.201504 0.002060 0.361845 0.310304 -0.141228 0.270214 0.412622 -0.039388 -0.131257 0.360313 -0.443689 -0.240964 -0.611287
17 -0.285935 -0.243136 0.259258 -0.054989 0.038353 -0.238486 0.000483 0.400777 0.339219 -0.117945 0.299043 0.439287 -0.023470 -0.144587 0.325561 -0.426723 -0.210357 -0.633122
6 -0.270690 -0.249763 0.250445 -0.055355 0.065042 -0.195131 0.003531 0.394743 0.316449 -0.140276 0.301280 0.415329 -0.051307 -0.175985 0.358380 -0.435352 -0.234541 -0.612195
8 -0.272643 -0.259025 0.261910 -0.068837 0.028888 -0.199399 0.000468 0.386630 0.297104 -0.110309 0.281165 0.411363 -0.054070 -0.165555 0.361204 -0.458074 -0.187664 -0.594972
15 -0.284739 -0.245892 0.250089 -0.101788 0.060032 -0.161970 0.000848 0.337487 0.292940 -0.147486 0.296804 0.400893 -0.030037 -0.152334 0.335937 -0.423578 -0.225939 -0.581391
14 -0.300586 -0.263486 0.283149 -0.096666 0.082280 -0.213960 -0.030964 0.399137 0.311916 -0.135724 0.276968 0.453417 -0.041871 -0.171386 0.345270 -0.445365 -0.208018 -0.623497
5 -0.250627 -0.244520 0.199182 -0.071006 0.075417 -0.205141 0.008999 0.341512 0.319876 -0.153548 0.296442 0.415687 -0.052282 -0.148993 0.332781 -0.436469 -0.219923 -0.573922
13 -0.241520 -0.220422 0.235207 -0.088958 0.057021 -0.207410 -0.007189 0.348988 0.313180 -0.123758 0.266068 0.383021 -0.027237 -0.180613 0.333684 -0.420239 -0.246839 -0.571176
