18 18
10 0.005243 -0.250371 -0.002626 -0.010263 -0.042009 0.251237 0.495245 0.365271 0.314957 -0.335782 0.260818 0.543967 -0.204031 -0.352778 0.268396 -0.501902 -0.187745 -0.360800
17 0.012545 -0.254175 0.034639 0.031351 -0.129050 0.189204 0.484382 0.389342 0.273959 -0.224922 0.282520 0.520789 -0.147189 -0.322031 0.251322 -0.457327 -0.162292 -0.414946
2 0.026663 -0.251406 0.005401 -0.021155 -0.067850 0.207011 0.465889 0.356631 0.264570 -0.296924 0.233969 0.530107 -0.154515 -0.361286 0.264504 -0.513505 -0.223069 -0.349643
13 0.023003 -0.225471 0.020651 -0.029990 -0.071634 0.190367 0.448828 0.315314 0.277070 -0.259319 0.221318 0.470665 -0.149111 -0.366421 0.260981 -0.484008 -0.215910 -0.363798
3 -0.017200 -0.224219 0.046216 -0.004931 -0.059850 0.197293 0.472838 0.372475 0.239147 -0.288079 0.249273 0.473630 -0.194653 -0.404185 0.243451 -0.520465 -0.155084 -0.388719
14 -0.017636 -0.249241 0.048903 -0.036467 -0.038033 0.202358 0.440469 0.340379 0.270203 -0.271428 0.207912 0.518009 -0.183884 -0.372838 0.246889 -0.490220 -0.183347 -0.364825
15 -0.031748 -0.258272 0.015424 -0.050648 -0.037348 0.238116 0.439152 0.279608 0.291203 -0.318530 0.235333 0.491328 -0.173985 -0.300914 0.293530 -0.490595 -0.225483 -0.353217
8 0.004646 -0.248238 0.027776 0.000605 -0.089846 0.204019 0.425009 0.330090 0.247187 -0.229760 0.218909 0.467341 -0.179018 -0.308354 0.268662 -0.456751 -0.148142 -0.332651
7 0.014517 -0.241451 -0.043459 -0.038784 -0.070919 0.235490 0.439179 0.327432 0.334626 -0.324453 0.223920 0.527384 -0.178258 -0.370018 0.298683 -0.489596 -0.200727 -0.335919
9 -0.013019 -0.232832 0.005206 -0.011161 -0.077951 0.197076 0.443494 0.368665 0.285556 -0.262146 0.254263 0.518461 -0.167616 -0.378892 0.246530 -0.487098 -0.191868 -0.352930
6 0.024442 -0.283126 0.068837 0.062766 -0.147775 0.243193 0.549675 0.475800 0.245590 -0.240478 0.332894 0.538200 -0.185138 -0.395863 0.318348 -0.530842 -0.151936 -0.495495
16 0.006084 -0.243114 0.010258 -0.015749 -0.097249 0.215010 0.484678 0.354909 0.283664 -0.289402 0.239519 0.537345 -0.184652 -0.335254 0.317751 -0.529436 -0.223872 -0.412158
1 -0.018134 -0.260331 0.037337 -0.026862 -0.063773 0.169798 0.433611 0.353477 0.279852 -0.255463 0.220665 0.474284 -0.145762 -0.338196 0.239484 -0.475275 -0.161361 -0.363221
12 -0.035569 -0.259122 0.018405 -0.026108 -0.082356 0.197839 0.417887 0.308047 0.256653 -0.254530 0.273588 0.517211 -0.183380 -0.311608 0.262899 -0.442739 -0.197903 -0.349145
11 -0.023048 -0.253077 0.007621 -0.011780 -0.043227 0.201483 0.421034 0.351255 0.311948 -0.319334 0.232787 0.501717 -0.187767 -0.326326 0.294251 -0.493366 -0.200430 -0.346658
0 0.024612 -0.257254 0.050661 0.008928 -0.169998 0.229845 0.455351 0.425242 0.201780 -0.207259 0.300055 0.469849 -0.150154 -0.337616 0.301787 -0.479240 -0.084717 -0.411066
4 0.007437 -0.217279 0.010911 -0.004526 -0.055060 0.187539 0.427625 0.373055 0.271541 -0.302125 0.264546 0.511207 -0.144370 -0.353796 0.266468 -0.505703 -0.192308 -0.382533
5 0.014234 -0.260521 -0.013719 -0.013633 -0.055342 0.196299 0.465434 0.319443 0.285575 -0.288218 0.255143 0.502913 -0.181893 -0.332115 0.280086 -0.501377 -0.192899 -0.375845
