18 18
0 -0.236778 -0.507461 0.284288 -0.361488 -0.108546 0.305764 0.124449 0.019311 0.107992 -0.023916 0.402575 0.415676 -0.052985 -0.125982 0.349252 -0.250467 0.153382 -0.447969
4 -0.265246 -0.464527 0.328331 -0.274766 -0.096174 0.253936 0.098467 0.103199 0.159726 -0.028482 0.408375 0.420706 -0.042207 -0.076969 0.350258 -0.236152 0.113080 -0.500212
3 -0.348649 -0.517208 0.389528 -0.284253 -0.104641 0.274444 0.118292 0.092875 0.159798 -0.045314 0.418644 0.429800 -0.104546 -0.029798 0.387651 -0.268240 0.105680 -0.536521
11 -0.354037 -0.523140 0.365087 -0.259937 -0.079451 0.247608 0.059574 0.123095 0.210795 -0.073589 0.394053 0.455376 -0.094493 0.049721 0.425269 -0.267195 0.035715 -0.499465
14 -0.252349 -0.559408 0.321501 -0.388266 -0.077988 0.319412 0.138203 0.014703 0.108254 -0.005042 0.395208 0.477793 -0.069876 -0.147315 0.338669 -0.239196 0.162609 -0.468285
15 -0.318089 -0.494036 0.339206 -0.298967 -0.076184 0.280478 0.104410 0.047254 0.161804 -0.051705 0.378613 0.406903 -0.069246 -0.002433 0.364480 -0.241487 0.052139 -0.464662
6 -0.253836 -0.522181 0.341193 -0.284434 -0.125703 0.294463 0.148483 0.090245 0.156110 -0.005528 0.416130 0.413557 -0.059468 -0.115881 0.377288 -0.230873 0.121193 -0.521094
8 -0.302178 -0.546441 0.362170 -0.301370 -0.128769 0.291259 0.115727 0.090041 0.170161 -0.014681 0.387054 0.448041 -0.087290 -0.031054 0.417318 -0.272292 0.105091 -0.501135
2 -0.260865 -0.541914 0.323189 -0.330085 -0.097831 0.294062 0.148570 0.068615 0.119597 -0.035347 0.403764 0.469915 -0.056404 -0.094418 0.356744 -0.268294 0.102252 -0.472717
12 -0.343067 -0.535591 0.352814 -0.300143 -0.112580 0.252718 0.073624 0.075364 0.171305 -0.030465 0.422323 0.474713 -0.078475 0.019045 0.392934 -0.231145 0.038282 -0.482846
10 -0.329547 -0.512854 0.342999 -0.265804 -0.088144 0.286687 0.096233 0.097318 0.215486 -0.069099 0.410092 0.457097 -0.097807 0.050012 0.390733 -0.226498 0.057069 -0.473704
9 -0.273472 -0.501317 0.292682 -0.320328 -0.103515 0.286337 0.122343 0.079513 0.179626 -0.029815 0.412563 0.461377 -0.060413 -0.118650 0.352093 -0.251774 0.104250 -0.465806
1 -0.309104 -0.543701 0.360762 -0.327471 -0.094888 0.257563 0.103867 0.096522 0.183797 -0.027883 0.375063 0.426642 -0.048871 -0.068275 0.360423 -0.258810 0.120503 -0.491584
7 -0.248954 -0.488960 0.297975 -0.291704 -0.126297 0.280369 0.117059 0.088986 0.186598 -0.034470 0.371723 0.424667 -0.055257 -0.088109 0.377025 -0.234299 0.104345 -0.477763
5 -0.253176 -0.537706 0.278089 -0.316571 -0.075719 0.273536 0.162184 0.024428 0.158691 -0.044160 0.420685 0.452737 -0.081937 -0.089128 0.351144 -0.258462 0.097717 -0.480938
17 -0.286271 -0.516669 0.343973 -0.277244 -0.138974 0.253718 0.132420 0.099501 0.197044 -0.004239 0.418087 0.460649 -0.045377 -0.048216 0.353031 -0.215558 0.102127 -0.522397
16 -0.360456 -0.504699 0.373605 -0.265211 -0.102312 0.257990 0.091128 0.104458 0.210145 -0.058338 0.386453 0.471571 -0.102596 0.081893 0.434864 -0.268348 0.015329 -0.534947
13 -0.249656 -0.495992 0.341525 -0.310650 -0.122974 0.267768 0.134809 0.060719 0.154972 0.000776 0.376643 0.390362 -0.044499 -0.104071 0.356216 -0.234458 0.085489 -0.487186
