18 18
0 -0.179956 -0.544854 0.304176 -0.580651 -0.318600 0.253556 0.118056 -0.004264 0.276397 0.215842 -0.108100 0.301201 0.078584 -0.237117 0.474091 -0.289496 -0.164344 -0.251038
2 -0.231144 -0.542379 0.339332 -0.567599 -0.170884 0.167069 0.186746 0.015312 0.216810 0.119650 -0.052354 0.291780 0.031166 -0.333503 0.373132 -0.391092 -0.153770 -0.341371
13 -0.158398 -0.574061 0.364213 -0.655807 -0.429935 0.288238 0.130258 -0.065859 0.301445 0.379830 -0.237638 0.315407 0.153039 -0.185252 0.490059 -0.175577 -0.295647 -0.216140
1 -0.247995 -0.545222 0.339391 -0.558999 -0.174912 0.146164 0.152204 0.016169 0.281888 0.140289 -0.077600 0.276348 0.046752 -0.295211 0.372425 -0.347392 -0.128168 -0.346031
12 -0.194901 -0.562510 0.325087 -0.580574 -0.364401 0.243159 0.112196 -0.039313 0.242958 0.294425 -0.135607 0.337593 0.086048 -0.181536 0.440799 -0.202921 -0.234159 -0.212205
8 -0.165626 -0.520299 0.296824 -0.498048 -0.264510 0.214958 0.136607 0.013175 0.253742 0.196677 -0.124571 0.267508 0.033785 -0.233336 0.432584 -0.295898 -0.144204 -0.245012
17 -0.209825 -0.526421 0.330900 -0.524216 -0.260983 0.180161 0.171538 0.005481 0.273199 0.206034 -0.078788 0.314766 0.061832 -0.243244 0.388037 -0.284869 -0.172257 -0.329594
16 -0.187292 -0.513350 0.347456 -0.597222 -0.364456 0.247809 0.143369 -0.054580 0.246929 0.316770 -0.185552 0.316371 0.115086 -0.157529 0.435472 -0.198961 -0.272316 -0.250165
15 -0.261165 -0.480326 0.319976 -0.500287 -0.088032 0.137969 0.181236 -0.014637 0.222820 0.056731 0.006135 0.240706 -0.000331 -0.301219 0.324405 -0.373130 -0.123057 -0.374331
9 -0.191385 -0.525400 0.295315 -0.557315 -0.307221 0.226566 0.124042 0.002862 0.285377 0.238490 -0.131636 0.310088 0.082746 -0.237836 0.415441 -0.251225 -0.208522 -0.214968
14 -0.192786 -0.530619 0.344514 -0.566888 -0.280226 0.236159 0.120217 -0.027710 0.232204 0.253710 -0.164713 0.295921 0.070663 -0.210609 0.402177 -0.222378 -0.180939 -0.237836
6 -0.212975 -0.549874 0.352750 -0.568994 -0.259228 0.224597 0.169165 -0.010447 0.256332 0.219882 -0.099597 0.294118 0.061737 -0.267833 0.436075 -0.294033 -0.210636 -0.321346
10 -0.222053 -0.534567 0.313710 -0.539060 -0.173924 0.200340 0.184012 0.002501 0.274618 0.116600 -0.043080 0.307264 0.008390 -0.282870 0.381202 -0.332269 -0.135493 -0.326327
4 -0.420281 -0.512483 0.374427 -0.492068 0.284644 -0.063713 0.268920 0.088982 0.209704 -0.270655 0.278885 0.251481 -0.160665 -0.613836 0.238658 -0.746863 0.053755 -0.718803
7 -0.157997 -0.531834 0.286565 -0.559617 -0.306371 0.243486 0.150208 0.004198 0.288506 0.206667 -0.135910 0.307833 0.069281 -0.268196 0.445068 -0.273240 -0.171134 -0.265013
3 -0.352736 -0.510731 0.359836 -0.479913 0.092604 0.035138 0.248039 0.049415 0.191026 -0.115016 0.138499 0.226667 -0.129036 -0.497294 0.271247 -0.578491 0.017681 -0.545760
5 -0.400971 -0.530468 0.316959 -0.462001 0.305611 -0.069196 0.303029 0.047084 0.216943 -0.296844 0.294306 0.252722 -0.213967 -0.591981 0.239406 -0.755239 0.064403 -0.708202
11 -0.183299 -0.538669 0.304390 -0.516907 -0.293830 0.226646 0.097485 0.030963 0.298338 0.205527 -0.155223 0.293683 0.057501 -0.191995 0.467677 -0.268001 -0.191978 -0.223946
