18 18
3 -0.037423 -0.413257 0.063154 -0.049566 -0.067959 0.207373 0.479245 0.034578 -0.006657 -0.117535 0.193993 0.165787 -0.395991 -0.410928 0.350972 -0.548965 -0.031612 -0.290325
15 -0.085712 -0.465134 0.095518 -0.121639 -0.029259 0.229198 0.453824 -0.000904 0.036637 -0.124889 0.191511 0.197603 -0.337976 -0.351631 0.366194 -0.536246 -0.078283 -0.310401
7 -0.021962 -0.476285 0.045498 -0.100807 -0.086084 0.254602 0.508078 0.036802 0.064951 -0.120926 0.193335 0.218000 -0.393415 -0.469002 0.402994 -0.558917 -0.044707 -0.314011
13 0.001240 -0.459386 0.057160 -0.101851 -0.107500 0.224239 0.505347 0.008917 0.049601 -0.070136 0.169129 0.175769 -0.366133 -0.462923 0.395291 -0.529999 -0.094497 -0.291344
6 -0.041154 -0.480836 0.076630 -0.069713 -0.049052 0.232341 0.498335 0.049571 0.031921 -0.118605 0.203964 0.202244 -0.374397 -0.420450 0.395638 -0.556712 -0.063994 -0.325323
1 -0.180891 -0.572538 0.181334 -0.222426 0.039171 0.182581 0.439300 0.029567 0.095989 -0.136567 0.190714 0.241894 -0.301325 -0.388841 0.343330 -0.579422 -0.040070 -0.384072
16 -0.057633 -0.472735 0.084821 -0.093046 -0.066585 0.217041 0.489354 0.028558 0.031072 -0.111207 0.166463 0.213731 -0.379180 -0.368139 0.409257 -0.584738 -0.093415 -0.338044
8 -0.041583 -0.456798 0.078714 -0.071886 -0.054781 0.208986 0.448813 0.040563 0.022652 -0.096549 0.162487 0.190726 -0.347183 -0.347861 0.364324 -0.533259 -0.044297 -0.275875
5 -0.040049 -0.475163 0.030750 -0.080049 -0.026740 0.204061 0.480649 0.008207 0.061569 -0.137204 0.205318 0.220797 -0.369071 -0.366845 0.385422 -0.564713 -0.075225 -0.309330
0 -0.075253 -0.501574 0.087269 -0.133132 -0.056556 0.236641 0.464044 0.016233 0.025152 -0.125336 0.222054 0.220404 -0.363380 -0.380636 0.408256 -0.585963 -0.042129 -0.325482
10 -0.033997 -0.487382 0.050412 -0.087009 -0.064472 0.262945 0.522712 0.030195 0.064042 -0.132289 0.212558 0.226851 -0.412172 -0.421146 0.386539 -0.547138 -0.055656 -0.295888
9 -0.027035 -0.432232 0.019706 -0.069219 -0.077938 0.227378 0.475840 0.041689 0.060845 -0.107057 0.186302 0.214025 -0.377206 -0.431547 0.374300 -0.541373 -0.077705 -0.259971
2 -0.022123 -0.475883 0.060175 -0.086609 -0.057806 0.223573 0.503298 0.055867 -0.001073 -0.132800 0.184515 0.228000 -0.365707 -0.410993 0.385042 -0.610961 -0.080521 -0.300406
11 -0.060958 -0.479008 0.064851 -0.068677 -0.034804 0.206368 0.443676 0.063755 0.054417 -0.145868 0.179177 0.217234 -0.374276 -0.359194 0.402902 -0.575090 -0.076157 -0.295076
12 -0.083057 -0.518058 0.070259 -0.126654 -0.072810 0.223932 0.479533 0.001403 0.038382 -0.100830 0.237860 0.248018 -0.395385 -0.427279 0.387480 -0.540744 -0.080973 -0.300987
14 -0.119910 -0.546155 0.147587 -0.183863 -0.001580 0.239437 0.469195 0.003908 0.049265 -0.113921 0.184375 0.249018 -0.371064 -0.412389 0.379914 -0.561217 -0.042807 -0.354413
4 -0.089541 -0.490415 0.098958 -0.120290 -0.006555 0.208382 0.464577 0.050519 0.053749 -0.149491 0.233910 0.243968 -0.354930 -0.411470 0.385055 -0.597457 -0.057189 -0.359433
17 -0.002915 -0.006397 0.005624 0.018021 -0.026928 -0.018564 0.015689 0.014203 0.025956 0.022864 0.010492 0.027524 0.013101 0.016295 -0.014503 0.021066 0.000664 -0.026546
