18 18
13 -0.240023 -0.486569 0.263046 -0.447042 -0.124889 -0.025506 0.021823 0.127422 0.293392 0.063418 -0.026853 0.208232 -0.010171 -0.606823 0.322775 -0.365835 -0.109067 -0.324728
12 -0.287542 -0.521119 0.273605 -0.460966 -0.156164 -0.043564 0.004136 0.130044 0.234571 0.079014 0.021169 0.253828 -0.017407 -0.613231 0.302607 -0.358193 -0.109803 -0.300379
1 -0.288052 -0.508800 0.288669 -0.446842 -0.103922 -0.058551 0.004720 0.172106 0.304261 0.046548 -0.031381 0.214977 -0.000185 -0.607421 0.294515 -0.382086 -0.065681 -0.328704
17 -0.276745 -0.518647 0.271526 -0.419306 -0.136799 -0.042863 0.024945 0.173441 0.324955 0.058052 0.014495 0.270692 -0.015340 -0.591837 0.327402 -0.374503 -0.086947 -0.378194
14 -0.273324 -0.505851 0.277816 -0.441068 -0.090970 -0.021498 -0.002022 0.132867 0.272797 0.055065 -0.026111 0.244058 -0.038454 -0.587840 0.325497 -0.370114 -0.079668 -0.335747
7 -0.225208 -0.473681 0.221508 -0.436202 -0.163427 0.004432 0.019052 0.173356 0.318014 0.037657 -0.011803 0.246217 -0.010264 -0.661854 0.344265 -0.369108 -0.079001 -0.329528
4 -0.266206 -0.467593 0.244874 -0.411981 -0.094735 -0.034808 -0.018654 0.202930 0.327614 -0.000849 0.032967 0.255460 -0.012378 -0.629219 0.349750 -0.408472 -0.081977 -0.376153
5 -0.266303 -0.515659 0.233255 -0.416033 -0.072671 -0.041532 0.033175 0.108054 0.305962 0.018644 0.020528 0.239466 -0.048606 -0.539896 0.332403 -0.391850 -0.106820 -0.354116
11 -0.284468 -0.509088 0.253615 -0.399497 -0.083769 -0.032208 -0.013544 0.169662 0.323047 0.000312 0.004325 0.241498 -0.047997 -0.548368 0.368405 -0.397567 -0.106047 -0.348989
6 -0.248733 -0.485547 0.240070 -0.385991 -0.086757 -0.013865 0.014951 0.151870 0.298450 0.025665 0.016578 0.228609 -0.042802 -0.572205 0.354478 -0.371684 -0.109508 -0.357441
2 -0.224576 -0.466561 0.252042 -0.418245 -0.152988 -0.021575 0.032767 0.168986 0.204349 0.057516 -0.011869 0.230623 0.001745 -0.612579 0.274344 -0.370547 -0.079848 -0.276207
3 -0.283557 -0.481837 0.286404 -0.428556 -0.127479 -0.028651 0.028837 0.165123 0.250442 0.040012 0.007255 0.212647 -0.042063 -0.661322 0.304620 -0.399110 -0.055784 -0.345296
9 -0.261715 -0.475593 0.218633 -0.420281 -0.118050 -0.017908 0.007375 0.173864 0.325310 0.027685 0.009181 0.258105 -0.022058 -0.622530 0.325374 -0.384765 -0.101344 -0.317168
15 -0.296070 -0.513286 0.276843 -0.452945 -0.106839 -0.004658 0.022580 0.138014 0.308091 0.022671 0.009474 0.235674 -0.021737 -0.598207 0.343393 -0.401073 -0.106429 -0.358643
8 -0.255761 -0.507720 0.272828 -0.413871 -0.142538 -0.017401 0.030721 0.166595 0.265975 0.062754 -0.012842 0.227698 -0.036826 -0.603064 0.328185 -0.395055 -0.063143 -0.320376
0 -0.267158 -0.508171 0.257266 -0.447196 -0.133870 -0.007577 0.002150 0.137490 0.275620 0.037815 0.025586 0.230998 -0.021241 -0.573319 0.349435 -0.386611 -0.068768 -0.338692
10 0.005737 -0.002757 -0.014246 0.006132 0.011972 0.026533 0.015869 -0.001352 0.023172 -0.019827 0.015226 0.016952 -0.017475 0.021206 -0.010712 0.022008 0.009309 0.018390
16 -0.003066 0.009981 0.006043 0.000869 -0.007381 -0.001770 0.017455 -0.006904 0.000948 0.004908 -0.016488 0.011175 -0.012361 0.022003 0.021550 -0.015661 -0.025305 -0.027720
