18 18
5 -0.198371 -0.391422 0.118974 -0.394201 -0.016592 -0.020886 0.246547 -0.058447 0.212732 -0.026692 -0.056512 0.500344 -0.071240 -0.101188 0.330474 -0.426911 -0.397027 -0.439965
16 -0.214671 -0.369993 0.168199 -0.414320 -0.049460 0.010066 0.257742 -0.048336 0.187625 -0.005662 -0.092808 0.508311 -0.086638 -0.102436 0.365396 -0.439625 -0.435031 -0.465335
0 -0.206499 -0.387170 0.140478 -0.434918 -0.058896 0.003687 0.206997 -0.054937 0.176193 -0.006589 -0.050444 0.482169 -0.045176 -0.107432 0.343218 -0.422138 -0.378323 -0.414114
7 -0.190561 -0.370778 0.177074 -0.377279 -0.063086 0.061837 0.260228 -0.044020 0.178801 -0.007930 -0.078403 0.437890 -0.101353 -0.148135 0.341903 -0.371134 -0.343179 -0.438122
3 -0.314600 -0.438984 0.493797 -0.313947 -0.097470 0.291016 0.513187 -0.102043 0.038098 0.040311 -0.040892 0.346733 -0.367064 -0.217675 0.418744 -0.337255 -0.269385 -0.684306
1 -0.262692 -0.435937 0.174753 -0.465900 -0.012249 -0.058950 0.198283 -0.024603 0.243017 -0.013289 -0.100711 0.524775 -0.039353 -0.120930 0.329619 -0.456759 -0.409253 -0.441899
4 -0.216718 -0.370116 0.094570 -0.439028 -0.004756 -0.082435 0.152264 0.005642 0.258524 -0.045682 -0.059898 0.564770 0.006418 -0.117517 0.321982 -0.460420 -0.428610 -0.417749
14 -0.236084 -0.407576 0.192601 -0.434532 -0.023206 0.019454 0.223846 -0.048743 0.191959 0.000899 -0.100928 0.517115 -0.092077 -0.127318 0.348856 -0.410599 -0.391907 -0.450246
13 -0.219358 -0.376367 0.315588 -0.346661 -0.074603 0.159389 0.368961 -0.086704 0.118841 0.030807 -0.062484 0.376359 -0.202236 -0.166705 0.373124 -0.342274 -0.340676 -0.535705
17 -0.239898 -0.425271 0.229149 -0.396686 -0.079249 0.036768 0.309620 -0.043706 0.206957 0.026011 -0.064787 0.524939 -0.108525 -0.120469 0.352938 -0.390370 -0.394393 -0.527461
15 -0.233037 -0.397630 0.190522 -0.427343 -0.041326 0.042860 0.267574 -0.072613 0.177685 -0.012405 -0.064247 0.483228 -0.079398 -0.109882 0.350965 -0.420275 -0.416632 -0.461414
12 -0.244850 -0.405840 0.123767 -0.442957 -0.035464 -0.053412 0.161088 -0.051328 0.209233 -0.005193 -0.050013 0.537756 -0.043823 -0.096235 0.328611 -0.410445 -0.433683 -0.392146
11 -0.264464 -0.425916 0.186800 -0.418765 -0.019113 -0.010386 0.206208 -0.009047 0.236118 -0.035343 -0.077662 0.525657 -0.096986 -0.105756 0.378237 -0.452391 -0.419225 -0.457558
2 -0.207575 -0.413999 0.220870 -0.426669 -0.065678 0.067002 0.330118 -0.048669 0.134250 -0.002559 -0.079312 0.507515 -0.110104 -0.158756 0.369532 -0.453554 -0.424992 -0.493926
9 -0.236279 -0.406586 0.095274 -0.476224 -0.029238 -0.052781 0.194235 -0.019117 0.270392 -0.028897 -0.083683 0.578718 -0.026942 -0.141006 0.345127 -0.480723 -0.464595 -0.410633
6 -0.241411 -0.404944 0.363771 -0.308612 -0.072805 0.207057 0.415700 -0.055379 0.098490 0.024793 -0.049076 0.386287 -0.252450 -0.174948 0.409698 -0.347051 -0.330930 -0.594388
10 -0.261383 -0.439173 0.326929 -0.377353 -0.066660 0.203888 0.424592 -0.073194 0.163382 -0.004376 -0.049348 0.483080 -0.248647 -0.149904 0.414126 -0.377987 -0.368981 -0.586044
8 0.003889 -0.024784 0.014791 0.006068 -0.018192 0.009774 0.013932 0.005426 -0.001505 0.020585 -0.012265 0.000073 -0.017512 0.000480 0.021614 -0.017675 0.015234 0.001164
