18 18
5 -0.060107 -0.470925 -0.000697 -0.198674 -0.153902 0.133169 0.349501 -0.186765 0.176497 -0.005924 0.280063 0.308840 -0.236916 -0.156349 0.461156 -0.362994 -0.174706 -0.449453
0 -0.082462 -0.500074 0.025366 -0.237704 -0.223705 0.154923 0.341698 -0.178844 0.175267 0.017530 0.304959 0.315604 -0.221071 -0.172832 0.501570 -0.383180 -0.158090 -0.456747
6 -0.058521 -0.482897 0.018787 -0.189152 -0.161235 0.157689 0.348511 -0.173417 0.172636 -0.004547 0.299397 0.293037 -0.256610 -0.215324 0.515148 -0.368410 -0.196336 -0.473704
3 -0.098959 -0.455538 0.036939 -0.192224 -0.166270 0.135494 0.358937 -0.158410 0.152859 -0.026103 0.305935 0.287161 -0.270735 -0.221365 0.469337 -0.396218 -0.143316 -0.479549
7 -0.037855 -0.447933 -0.011796 -0.202113 -0.193888 0.163340 0.348466 -0.169612 0.195041 -0.014923 0.272584 0.301757 -0.236752 -0.213732 0.504358 -0.355406 -0.170396 -0.456293
2 -0.079730 -0.505932 0.061513 -0.218681 -0.242241 0.104213 0.363349 -0.089259 0.148680 0.046081 0.223656 0.340907 -0.173209 -0.162845 0.429043 -0.422908 -0.147087 -0.438632
10 -0.054966 -0.485643 0.001725 -0.205764 -0.165818 0.184819 0.363148 -0.183595 0.200685 -0.016039 0.306466 0.340740 -0.261920 -0.165186 0.491991 -0.348230 -0.176138 -0.444157
8 -0.074234 -0.507243 0.053683 -0.203811 -0.234560 0.133045 0.346639 -0.123536 0.172762 0.054651 0.232121 0.314535 -0.215568 -0.155477 0.468188 -0.391419 -0.123785 -0.425785
12 -0.086620 -0.512390 0.020001 -0.245030 -0.188229 0.147323 0.324643 -0.230050 0.148904 0.026799 0.320595 0.329114 -0.250373 -0.185183 0.504170 -0.347986 -0.213108 -0.452181
11 -0.096994 -0.492209 0.026111 -0.203041 -0.170300 0.130854 0.318133 -0.147440 0.193928 -0.021812 0.274219 0.311632 -0.256013 -0.176925 0.509947 -0.399536 -0.181822 -0.454854
17 -0.095618 -0.523305 0.055704 -0.202350 -0.268221 0.103933 0.390147 -0.115147 0.215560 0.062601 0.264494 0.369897 -0.196258 -0.151788 0.464917 -0.393315 -0.163717 -0.503807
1 -0.113500 -0.532064 0.063034 -0.239309 -0.199772 0.109825 0.354074 -0.139625 0.201085 0.024756 0.258928 0.320395 -0.214482 -0.189819 0.478157 -0.413995 -0.157573 -0.487285
16 -0.087876 -0.472616 0.057644 -0.208867 -0.225923 0.117005 0.361289 -0.140563 0.162513 0.044035 0.227961 0.323982 -0.212454 -0.140210 0.470510 -0.394968 -0.179351 -0.474205
13 -0.047175 -0.459458 0.018343 -0.225833 -0.183217 0.134261 0.338959 -0.191801 0.181978 0.019082 0.263982 0.278188 -0.223983 -0.217639 0.487913 -0.365844 -0.197742 -0.447767
15 -0.095155 -0.478464 0.054810 -0.223729 -0.183416 0.151066 0.338947 -0.172766 0.157034 0.014225 0.260466 0.291508 -0.204560 -0.157856 0.459416 -0.369790 -0.177580 -0.447363
9 -0.085492 -0.471981 0.006216 -0.211360 -0.203813 0.119603 0.332842 -0.114077 0.211207 0.015101 0.255402 0.336296 -0.206710 -0.202610 0.452157 -0.397852 -0.164518 -0.418621
4 -0.073247 -0.502105 0.024246 -0.219131 -0.190192 0.143338 0.360555 -0.152467 0.203908 -0.014179 0.336978 0.349677 -0.236385 -0.213561 0.533224 -0.422343 -0.180607 -0.519231
14 -0.078178 -0.497187 0.053576 -0.236906 -0.181621 0.144646 0.319129 -0.174300 0.155031 0.041168 0.240794 0.321142 -0.224547 -0.180420 0.471060 -0.356837 -0.157810 -0.443208
