18 18
2 -0.264236 -0.551097 0.331462 -0.206244 -0.165816 0.206507 0.203655 0.143957 0.113286 -0.028370 0.174168 0.309679 -0.195197 -0.125774 0.406113 -0.458226 0.014136 -0.290377
7 -0.260344 -0.583173 0.317425 -0.196447 -0.191680 0.244387 0.211477 0.148289 0.182760 -0.038964 0.182012 0.305528 -0.221094 -0.127715 0.476207 -0.466997 0.042404 -0.320687
15 -0.305145 -0.548078 0.340574 -0.200644 -0.141182 0.232642 0.212932 0.104057 0.140777 -0.041773 0.198075 0.267018 -0.205765 -0.098521 0.420941 -0.454395 0.003563 -0.316462
8 -0.258659 -0.577685 0.321192 -0.157392 -0.181896 0.213636 0.215855 0.143343 0.158687 -0.007128 0.169286 0.281648 -0.226560 -0.087120 0.442250 -0.457211 0.038822 -0.287180
4 -0.338891 -0.573441 0.399324 -0.211211 -0.162976 0.210338 0.193837 0.160769 0.118149 -0.028122 0.241325 0.322737 -0.221681 -0.146031 0.455238 -0.505022 0.020991 -0.372662
3 -0.340432 -0.567599 0.395580 -0.206289 -0.160579 0.218779 0.221024 0.131170 0.102233 -0.032090 0.215974 0.280630 -0.253576 -0.154355 0.425223 -0.490601 0.056048 -0.356439
13 -0.289070 -0.559981 0.391005 -0.230972 -0.194730 0.202688 0.211722 0.108884 0.112011 0.024668 0.190550 0.282482 -0.200608 -0.161392 0.434609 -0.459428 -0.004993 -0.355781
1 -0.321561 -0.574420 0.377439 -0.210975 -0.143896 0.172047 0.188214 0.155285 0.147359 -0.014701 0.172650 0.277383 -0.187813 -0.137733 0.392678 -0.466899 0.039123 -0.323462
11 -0.297190 -0.611619 0.320004 -0.170231 -0.145808 0.207327 0.199646 0.174033 0.215145 -0.070403 0.185900 0.304276 -0.228865 -0.078125 0.473066 -0.505338 0.017771 -0.306386
0 -0.291441 -0.579859 0.339062 -0.214263 -0.183162 0.232055 0.195780 0.129575 0.141158 -0.028202 0.213274 0.291764 -0.216502 -0.111913 0.466056 -0.481932 0.048098 -0.323132
16 -0.313677 -0.543187 0.369894 -0.200133 -0.181432 0.212364 0.218674 0.115250 0.117631 -0.006331 0.187160 0.304844 -0.234978 -0.105010 0.448308 -0.464783 -0.010382 -0.363647
5 -0.251468 -0.569891 0.265670 -0.163525 -0.125447 0.183726 0.238653 0.113461 0.207598 -0.056043 0.200298 0.291564 -0.214221 -0.079254 0.438734 -0.489908 -0.010716 -0.329501
6 -0.303046 -0.556790 0.369119 -0.167512 -0.150027 0.216006 0.222369 0.151561 0.122099 -0.020776 0.219691 0.273757 -0.220421 -0.142730 0.443880 -0.478798 0.001692 -0.360979
12 -0.307634 -0.557959 0.355726 -0.220213 -0.196683 0.193391 0.182748 0.089904 0.087807 0.019204 0.219269 0.315073 -0.214328 -0.108444 0.421096 -0.422377 -0.011690 -0.318053
10 -0.299317 -0.547967 0.335546 -0.200619 -0.136877 0.231524 0.192116 0.129905 0.136050 -0.046878 0.204409 0.310027 -0.235451 -0.103503 0.397048 -0.424987 0.058042 -0.282522
14 -0.319654 -0.541771 0.386442 -0.230347 -0.139662 0.211124 0.155340 0.112779 0.071163 -0.001320 0.164041 0.299282 -0.224888 -0.132327 0.388958 -0.412923 0.055314 -0.295603
9 -0.334021 -0.591392 0.346941 -0.213100 -0.166198 0.224297 0.208134 0.152725 0.170051 -0.032192 0.216078 0.322311 -0.226415 -0.156864 0.441170 -0.494786 0.008356 -0.316372
17 -0.277895 -0.557725 0.341609 -0.171297 -0.199693 0.189544 0.212789 0.149056 0.161068 0.006850 0.201746 0.324780 -0.195917 -0.100448 0.414430 -0.427880 0.024487 -0.343689
