18 18
11 -0.089430 -0.512065 -0.054481 -0.130444 -0.066342 0.145290 0.249999 -0.046194 0.393269 -0.132471 0.341247 0.418368 -0.307642 -0.029831 0.479871 -0.288685 -0.000905 -0.428472
3 -0.092806 -0.524067 -0.045213 -0.127672 -0.073797 0.171247 0.307293 -0.076875 0.360178 -0.134221 0.388726 0.401085 -0.351814 -0.063471 0.467645 -0.301814 0.044081 -0.463683
0 -0.063445 -0.520931 -0.081885 -0.170909 -0.112719 0.163825 0.262654 -0.072595 0.390461 -0.107775 0.375905 0.433527 -0.285394 -0.054922 0.493565 -0.288345 0.017527 -0.440967
6 -0.058622 -0.487848 -0.061812 -0.109209 -0.069323 0.157593 0.267324 -0.053645 0.361507 -0.101259 0.338358 0.388468 -0.286197 -0.054056 0.443135 -0.248658 -0.006581 -0.424367
13 -0.048520 -0.515194 -0.073131 -0.177712 -0.096742 0.152674 0.294101 -0.093500 0.416753 -0.100608 0.360009 0.435368 -0.293801 -0.080356 0.501338 -0.305253 -0.029177 -0.463789
10 -0.063881 -0.547533 -0.077830 -0.124093 -0.065481 0.222211 0.309263 -0.079051 0.402858 -0.148477 0.385294 0.425416 -0.352911 -0.017370 0.474721 -0.254477 0.044398 -0.417473
5 -0.063688 -0.545115 -0.098182 -0.137958 -0.052943 0.175843 0.302392 -0.106968 0.395834 -0.142686 0.384165 0.433384 -0.343038 -0.031316 0.492806 -0.293762 0.005855 -0.456184
15 -0.096644 -0.495160 -0.038988 -0.151903 -0.060521 0.192124 0.278107 -0.101127 0.352945 -0.123953 0.345387 0.384510 -0.295400 -0.031932 0.445913 -0.267078 -0.007429 -0.420296
17 -0.067553 -0.514990 -0.071586 -0.119392 -0.110247 0.139510 0.293948 -0.049589 0.423540 -0.091386 0.365882 0.454275 -0.284269 -0.031863 0.450642 -0.246014 -0.000215 -0.458562
8 -0.070427 -0.559840 -0.056219 -0.143402 -0.101254 0.180806 0.303698 -0.072225 0.390426 -0.103528 0.366459 0.439233 -0.347968 -0.052686 0.519244 -0.326194 0.027599 -0.454945
7 -0.043311 -0.501556 -0.090826 -0.143633 -0.102297 0.175251 0.278056 -0.069025 0.401949 -0.114635 0.331928 0.408000 -0.283997 -0.071445 0.470289 -0.250349 0.009469 -0.429319
14 -0.084978 -0.532407 -0.041627 -0.166963 -0.065965 0.178701 0.265279 -0.087096 0.361858 -0.102655 0.332285 0.431236 -0.321655 -0.054789 0.467085 -0.273248 0.020024 -0.437830
4 -0.061612 -0.440403 -0.075142 -0.148892 -0.068100 0.119502 0.226212 -0.034680 0.386700 -0.115338 0.367238 0.443521 -0.253183 -0.068279 0.457986 -0.302836 -0.008957 -0.436913
16 -0.068824 -0.477579 -0.064806 -0.141591 -0.084170 0.148169 0.281298 -0.076547 0.376996 -0.108442 0.332603 0.428394 -0.306201 -0.027730 0.480524 -0.291235 -0.020224 -0.452607
12 -0.099130 -0.519350 -0.059875 -0.151153 -0.094411 0.151831 0.259916 -0.101810 0.351278 -0.093540 0.373064 0.427385 -0.310794 -0.026316 0.450223 -0.240359 -0.016396 -0.412805
1 -0.092227 -0.526553 -0.042640 -0.157134 -0.069166 0.132798 0.273881 -0.052763 0.400972 -0.110903 0.338839 0.418273 -0.290314 -0.056807 0.453970 -0.295142 0.024781 -0.448786
9 -0.072347 -0.448644 -0.093521 -0.160364 -0.082253 0.133789 0.238993 -0.049469 0.393434 -0.097399 0.333004 0.436976 -0.258551 -0.083702 0.427743 -0.278132 -0.030222 -0.388324
2 -0.049436 -0.507886 -0.076728 -0.151745 -0.091381 0.159163 0.290382 -0.053199 0.369272 -0.120316 0.357358 0.444936 -0.286329 -0.068166 0.467923 -0.305873 -0.015048 -0.427094
