18 18
8 -0.131410 -0.598079 0.095209 -0.097423 -0.061648 -0.049997 0.135553 0.283180 0.284900 -0.084543 0.300385 0.590526 -0.132881 -0.136816 0.415274 -0.487830 -0.057958 -0.401678
7 -0.047277 -0.544465 -0.030122 -0.044636 -0.080445 0.013955 0.204088 0.390621 0.421753 -0.166174 0.321499 0.645098 -0.107231 -0.219152 0.370401 -0.460272 0.008176 -0.381315
1 -0.151401 -0.620901 0.077398 -0.118195 -0.038169 -0.049319 0.156783 0.325502 0.361607 -0.130252 0.305796 0.629848 -0.115471 -0.168964 0.387430 -0.501286 -0.038960 -0.417642
2 -0.080572 -0.535877 0.051521 -0.086568 -0.053445 -0.046917 0.152740 0.311223 0.261244 -0.118959 0.286199 0.569320 -0.094845 -0.176328 0.362837 -0.485317 -0.062330 -0.372937
3 -0.125144 -0.529267 0.065108 -0.077712 -0.042585 -0.034974 0.177403 0.300918 0.290025 -0.133428 0.320495 0.582828 -0.143417 -0.191315 0.350453 -0.478464 -0.023333 -0.410122
5 -0.127478 -0.557368 0.059600 -0.096802 -0.011603 -0.062201 0.143771 0.219022 0.285698 -0.115628 0.302978 0.550513 -0.136153 -0.113709 0.383291 -0.461856 -0.088561 -0.410271
14 -0.321257 -0.639714 0.280843 -0.345818 0.004537 -0.124795 -0.064920 -0.079931 0.028505 0.042261 0.193947 0.498586 -0.160221 0.019603 0.445149 -0.402121 -0.264652 -0.378880
4 -0.130569 -0.524874 0.077108 -0.081754 -0.024162 -0.072775 0.105060 0.303518 0.285345 -0.118983 0.321899 0.576292 -0.095653 -0.144741 0.370221 -0.471394 -0.057572 -0.412079
0 -0.221714 -0.599974 0.154681 -0.216690 -0.046292 -0.071792 0.033073 0.126418 0.188306 -0.052777 0.290497 0.539818 -0.123154 -0.061690 0.428965 -0.446246 -0.136648 -0.389368
11 -0.307197 -0.644003 0.225378 -0.277263 -0.006594 -0.119728 -0.026755 0.036699 0.139854 -0.034745 0.238529 0.524483 -0.159555 0.001544 0.457460 -0.449395 -0.250499 -0.384308
16 -0.175159 -0.546570 0.122335 -0.156812 -0.039055 -0.057732 0.110096 0.163012 0.225092 -0.069314 0.243127 0.541339 -0.140485 -0.070297 0.403527 -0.443593 -0.141290 -0.407528
6 -0.097811 -0.545304 0.070725 -0.044178 -0.035302 -0.041240 0.163452 0.320868 0.294187 -0.116707 0.314795 0.552600 -0.119080 -0.169010 0.390685 -0.478198 -0.050725 -0.433848
13 -0.326723 -0.678474 0.284214 -0.385855 -0.015507 -0.144530 -0.046835 -0.107032 0.066317 0.043894 0.215907 0.500744 -0.153255 0.007470 0.481192 -0.432761 -0.335952 -0.406058
12 -0.320384 -0.643010 0.235814 -0.329755 -0.028018 -0.135545 -0.044827 -0.066670 0.054593 0.029747 0.252445 0.526500 -0.154315 0.014426 0.438316 -0.398788 -0.293126 -0.368619
17 -0.216029 -0.552669 0.171839 -0.166133 -0.041652 -0.111773 0.043260 0.116376 0.179478 -0.017025 0.253496 0.501765 -0.106747 -0.026918 0.364176 -0.386658 -0.156678 -0.399182
15 -0.263848 -0.586217 0.205740 -0.257225 -0.008854 -0.069596 0.028713 0.016287 0.123290 -0.032346 0.237148 0.474524 -0.132923 -0.017954 0.414074 -0.416031 -0.225745 -0.382937
9 -0.087609 -0.524741 -0.024632 -0.049018 -0.056695 -0.002980 0.196633 0.375979 0.403560 -0.161678 0.339459 0.658544 -0.117548 -0.214229 0.334968 -0.459761 -0.018441 -0.360080
10 -0.100443 -0.560906 0.005592 -0.085473 -0.048059 0.017315 0.190335 0.311033 0.378073 -0.159214 0.335550 0.658902 -0.143686 -0.152909 0.352738 -0.429450 -0.036593 -0.348712
