18 18
3 -0.383060 -0.355220 0.433100 -0.064434 -0.208008 0.100837 0.454139 -0.030463 0.027047 0.096346 0.194459 0.271596 -0.382089 0.000012 0.301789 -0.365829 -0.073010 -0.617728
15 -0.366827 -0.371086 0.416338 -0.092876 -0.197845 0.134556 0.418272 -0.062574 0.027284 0.087184 0.194380 0.259861 -0.330308 0.042398 0.334386 -0.351211 -0.111571 -0.587206
17 -0.340350 -0.331371 0.403400 -0.031667 -0.249317 0.064006 0.445607 0.001488 0.067152 0.133365 0.180096 0.284304 -0.313663 0.032195 0.287013 -0.324209 -0.086764 -0.626276
8 -0.324678 -0.360289 0.393897 -0.056972 -0.215982 0.118937 0.412269 -0.030605 0.030171 0.109089 0.161791 0.246761 -0.338810 0.036702 0.341233 -0.351933 -0.076231 -0.566529
11 -0.363792 -0.363933 0.422573 -0.042687 -0.208692 0.096348 0.412818 -0.001239 0.050968 0.078233 0.172808 0.246359 -0.347439 0.048582 0.365341 -0.385113 -0.095512 -0.621444
16 -0.333741 -0.321384 0.407816 -0.052006 -0.223928 0.090486 0.426470 -0.025213 0.029458 0.104841 0.147456 0.238889 -0.324467 0.049484 0.345852 -0.364265 -0.109467 -0.633836
1 -0.382778 -0.389287 0.442649 -0.091432 -0.223990 0.065880 0.449927 -0.002739 0.078076 0.117132 0.169212 0.282918 -0.326726 0.004052 0.305472 -0.377222 -0.082981 -0.627888
10 -0.344579 -0.360610 0.381141 -0.067104 -0.201079 0.146157 0.440045 -0.043294 0.066426 0.091094 0.205961 0.319409 -0.385471 0.050694 0.317140 -0.312273 -0.100468 -0.569505
9 -0.367531 -0.362399 0.386741 -0.072226 -0.228053 0.107537 0.442405 -0.010789 0.082942 0.111320 0.200723 0.327451 -0.361464 -0.001145 0.321611 -0.358211 -0.115287 -0.600598
12 -0.360065 -0.367293 0.384913 -0.093087 -0.226446 0.093406 0.390394 -0.055092 0.031245 0.133176 0.203019 0.326273 -0.349467 0.036907 0.306947 -0.296785 -0.130802 -0.553595
14 -0.363425 -0.380578 0.433760 -0.096202 -0.207339 0.118304 0.420444 -0.039910 0.028121 0.119642 0.164524 0.292698 -0.358312 0.019355 0.331232 -0.346488 -0.074212 -0.608248
13 -0.330268 -0.345742 0.418190 -0.079569 -0.229936 0.088844 0.447608 -0.036654 0.057267 0.126324 0.158739 0.247856 -0.329637 -0.007016 0.326629 -0.360751 -0.111592 -0.619956
0 -0.333300 -0.351362 0.392721 -0.093171 -0.222814 0.129592 0.389543 -0.046279 0.005934 0.087051 0.202924 0.232385 -0.317375 0.032724 0.356988 -0.359490 -0.060863 -0.583088
6 -0.328123 -0.354726 0.407631 -0.034158 -0.210151 0.113987 0.428595 -0.011297 0.027020 0.104768 0.186203 0.245589 -0.339116 0.017856 0.346254 -0.347093 -0.096252 -0.612884
5 -0.334620 -0.379447 0.365378 -0.078514 -0.188211 0.110439 0.434696 -0.067349 0.054533 0.077741 0.208846 0.284995 -0.359018 0.041607 0.350053 -0.366789 -0.105606 -0.600073
2 -0.317945 -0.349932 0.381145 -0.078739 -0.221423 0.103371 0.429079 -0.014177 0.025766 0.104207 0.174966 0.300595 -0.324707 0.007070 0.302118 -0.348946 -0.109951 -0.560972
4 -0.000863 0.026536 0.000487 0.011658 0.016931 -0.018308 -0.024615 0.027506 0.003913 -0.015616 0.024595 0.006644 0.019102 -0.007194 -0.007301 -0.006238 0.005807 -0.017039
7 0.025536 0.002637 -0.024458 -0.006487 -0.021911 0.018456 0.005430 0.006920 0.025711 -0.005710 -0.012468 0.004183 0.006040 -0.027377 0.019628 0.004891 0.006248 -0.002409
