18 18
12 -0.331281 -0.564548 0.338843 -0.467035 -0.240717 0.019751 0.175862 0.051964 0.428518 0.171371 -0.135094 0.498144 0.048469 0.009958 0.272363 -0.223336 -0.257327 -0.330056
1 -0.336766 -0.540030 0.368989 -0.446417 -0.177848 0.002424 0.198314 0.095655 0.457650 0.143003 -0.187633 0.432914 0.063420 -0.016541 0.246015 -0.281197 -0.213647 -0.350988
17 -0.298311 -0.528367 0.337131 -0.402083 -0.247822 0.000609 0.209434 0.106135 0.468328 0.171084 -0.159667 0.474562 0.066305 0.009992 0.259296 -0.236831 -0.219614 -0.366905
7 -0.252864 -0.497601 0.298777 -0.430610 -0.235492 0.039974 0.191917 0.088322 0.447740 0.137778 -0.180323 0.427216 0.067200 -0.045631 0.289957 -0.249767 -0.213060 -0.338152
15 -0.323620 -0.535804 0.356455 -0.452379 -0.191103 0.060682 0.204821 0.055761 0.431634 0.123891 -0.154550 0.436613 0.054663 0.001719 0.280695 -0.270611 -0.249126 -0.347029
11 -0.302626 -0.509115 0.327952 -0.400004 -0.191540 0.014508 0.162436 0.094952 0.423247 0.117619 -0.163740 0.420284 0.036591 0.010448 0.288144 -0.267676 -0.223852 -0.328392
13 -0.275193 -0.519564 0.349259 -0.470758 -0.221066 0.027103 0.204547 0.051670 0.431530 0.169012 -0.181676 0.408343 0.067978 -0.035598 0.292115 -0.265906 -0.244757 -0.352590
2 -0.261029 -0.515468 0.313957 -0.421014 -0.235244 0.025789 0.201945 0.098367 0.394416 0.140267 -0.158233 0.448929 0.072273 -0.018072 0.265027 -0.268295 -0.231505 -0.316787
14 -0.290600 -0.501321 0.336247 -0.421298 -0.180446 0.031532 0.158601 0.069036 0.397647 0.147674 -0.183995 0.430063 0.037367 -0.007688 0.251838 -0.222066 -0.192808 -0.314621
0 -0.297883 -0.534183 0.327323 -0.448092 -0.249524 0.035648 0.170198 0.073600 0.430996 0.154976 -0.136268 0.446993 0.056996 -0.001325 0.294711 -0.247355 -0.191361 -0.340322
10 -0.298202 -0.520754 0.316721 -0.417268 -0.194129 0.055369 0.200086 0.084988 0.468227 0.120664 -0.148432 0.469610 0.032025 0.015425 0.258008 -0.226353 -0.211676 -0.318301
16 -0.302405 -0.509782 0.346013 -0.427233 -0.217263 0.024412 0.217392 0.071163 0.425154 0.153756 -0.183446 0.446885 0.040795 0.014609 0.291110 -0.281160 -0.250600 -0.366601
8 -0.292493 -0.536608 0.360049 -0.429012 -0.211766 0.041994 0.204239 0.075501 0.421725 0.160661 -0.182737 0.415739 0.036037 -0.013880 0.295790 -0.283726 -0.206958 -0.338636
9 -0.313001 -0.517662 0.309055 -0.444449 -0.203087 0.032475 0.187251 0.100827 0.482432 0.134694 -0.168307 0.476732 0.057142 -0.043943 0.262301 -0.261830 -0.237973 -0.321782
4 -0.333756 -0.551789 0.370809 -0.468240 -0.215933 0.014286 0.189785 0.119792 0.489192 0.141398 -0.162713 0.502540 0.078895 -0.019030 0.295239 -0.294916 -0.247739 -0.392254
3 -0.024675 0.005665 0.025365 0.004601 0.007865 -0.001883 0.014761 -0.000233 -0.026227 -0.010111 0.011993 -0.020661 -0.026950 -0.026588 -0.012274 -0.019090 0.026092 -0.020014
5 0.004065 -0.024114 -0.027650 -0.000619 0.020703 -0.008521 0.024223 -0.023969 0.025914 -0.018771 0.021210 0.020548 -0.020024 0.006829 0.014933 -0.023795 -0.013973 -0.021943
6 0.007299 -0.006988 0.006429 0.025394 0.003018 0.008962 0.013628 0.017139 -0.003415 0.002961 0.009307 -0.005691 -0.008572 -0.012634 0.015137 0.000585 -0.007433 -0.019036
