18 18
8 -0.073376 -0.490905 0.192662 -0.141781 -0.215671 0.046236 0.377175 0.138697 0.354056 0.127267 0.023206 0.319349 -0.181104 -0.328099 0.380624 -0.420337 -0.066823 -0.430013
13 -0.034996 -0.464911 0.188975 -0.167427 -0.213117 0.041203 0.382098 0.116813 0.360409 0.127791 0.015167 0.308122 -0.146801 -0.362937 0.382478 -0.416211 -0.114406 -0.457808
1 -0.097908 -0.499776 0.204913 -0.163005 -0.194178 0.021388 0.374333 0.165055 0.385223 0.104048 0.021857 0.330791 -0.155690 -0.359215 0.366253 -0.444488 -0.074569 -0.462870
10 -0.087333 -0.499341 0.175132 -0.153544 -0.194238 0.071945 0.391129 0.131134 0.387056 0.085313 0.058905 0.374075 -0.191298 -0.306569 0.372699 -0.401161 -0.114054 -0.424985
2 -0.037067 -0.462177 0.168281 -0.149051 -0.203653 0.048937 0.379035 0.158015 0.332233 0.094729 0.017396 0.335040 -0.154092 -0.369508 0.383565 -0.455052 -0.104560 -0.440184
4 -0.062656 -0.458559 0.178431 -0.141008 -0.193451 0.028250 0.358610 0.175356 0.372388 0.089400 0.058735 0.343966 -0.147193 -0.366215 0.380179 -0.440540 -0.085519 -0.476355
7 -0.015826 -0.437801 0.139663 -0.140078 -0.219153 0.067969 0.375356 0.162155 0.382047 0.091143 0.008465 0.317567 -0.149956 -0.392313 0.397778 -0.423199 -0.076092 -0.453743
12 -0.127362 -0.534156 0.198780 -0.183687 -0.226917 0.030021 0.361978 0.102230 0.348593 0.130077 0.078969 0.381773 -0.183735 -0.304082 0.373014 -0.384378 -0.131813 -0.424360
11 -0.106089 -0.516152 0.196503 -0.147124 -0.194411 0.037753 0.365608 0.158089 0.388494 0.086826 0.035436 0.353360 -0.191115 -0.316133 0.406275 -0.445553 -0.116550 -0.450414
3 -0.093472 -0.471187 0.205572 -0.138319 -0.191802 0.045705 0.390329 0.145847 0.341142 0.089409 0.051523 0.316517 -0.196983 -0.373346 0.374029 -0.452664 -0.066657 -0.478488
0 -0.067288 -0.474212 0.178378 -0.166428 -0.222502 0.059134 0.361871 0.138396 0.350550 0.106006 0.053181 0.327250 -0.156114 -0.346841 0.393982 -0.429650 -0.067293 -0.453067
6 -0.050716 -0.468851 0.181961 -0.114938 -0.203152 0.046389 0.387550 0.166206 0.356728 0.111655 0.044727 0.317086 -0.165945 -0.366601 0.382881 -0.418367 -0.086215 -0.473720
9 -0.085563 -0.457508 0.146027 -0.146816 -0.191440 0.042020 0.354625 0.146804 0.373457 0.089489 0.052918 0.348880 -0.164322 -0.344355 0.351547 -0.398879 -0.110511 -0.408637
5 -0.053235 -0.482098 0.147272 -0.140400 -0.180238 0.030069 0.389331 0.111641 0.373810 0.091105 0.051412 0.334230 -0.178199 -0.325824 0.376622 -0.422091 -0.099530 -0.456225
17 -0.057220 -0.478227 0.187881 -0.129020 -0.232068 0.025325 0.398011 0.154903 0.383485 0.134262 0.037133 0.353402 -0.153045 -0.338292 0.365227 -0.407229 -0.089446 -0.479689
15 -0.096704 -0.455488 0.176223 -0.162258 -0.177176 0.074187 0.355418 0.104540 0.346954 0.077403 0.043749 0.321297 -0.156356 -0.304861 0.369696 -0.406769 -0.131914 -0.418644
16 -0.052636 -0.430287 0.171730 -0.138310 -0.202952 0.044529 0.372676 0.128290 0.341329 0.105247 0.011430 0.319390 -0.165528 -0.317458 0.386106 -0.424175 -0.107758 -0.462426
14 -0.055749 -0.457145 0.190460 -0.157054 -0.182237 0.049879 0.344363 0.130680 0.327519 0.118491 0.001639 0.321642 -0.159767 -0.345958 0.363058 -0.390025 -0.069871 -0.434308
