18 18
2 -0.403141 -0.572677 0.304688 -0.274656 0.127831 0.247516 0.211316 0.253028 0.265240 -0.239176 0.111989 0.507024 -0.426064 -0.295296 0.289023 -0.515130 0.161024 -0.260459
11 -0.430242 -0.599067 0.278398 -0.252742 0.110021 0.243427 0.219860 0.238516 0.329491 -0.260003 0.130569 0.475361 -0.457398 -0.249786 0.334308 -0.531505 0.140359 -0.263692
10 -0.425022 -0.576882 0.310011 -0.278152 0.159162 0.270775 0.196795 0.228006 0.307842 -0.243383 0.129009 0.501680 -0.440900 -0.245997 0.280208 -0.458481 0.183632 -0.261941
1 -0.465294 -0.636060 0.316133 -0.299382 0.122748 0.243140 0.236610 0.263077 0.350723 -0.253817 0.117802 0.494103 -0.446888 -0.302870 0.309514 -0.549401 0.181000 -0.287320
9 -0.430667 -0.565809 0.264722 -0.272014 0.117066 0.244378 0.199541 0.253679 0.334351 -0.240213 0.131382 0.502943 -0.429216 -0.302027 0.287291 -0.506160 0.160236 -0.248245
3 -0.453736 -0.591961 0.314767 -0.263158 0.121019 0.264008 0.262540 0.240194 0.298275 -0.263721 0.150504 0.467680 -0.492204 -0.316622 0.304567 -0.548789 0.196190 -0.297069
0 -0.417547 -0.611805 0.268603 -0.287596 0.070045 0.284404 0.259943 0.215420 0.322527 -0.251537 0.158229 0.463147 -0.448069 -0.275499 0.331380 -0.527430 0.164779 -0.252563
14 -0.774245 0.039786 1.517454 -0.673531 1.384752 -0.198992 -1.753640 0.624519 -0.655463 0.158014 -0.380047 1.004154 0.141117 -0.343597 -0.109588 0.102152 1.076653 -0.851608
4 -0.777644 0.079666 1.510019 -0.637662 1.403259 -0.231610 -1.775890 0.683703 -0.634613 0.119628 -0.322957 1.010391 0.169335 -0.360580 -0.119708 0.074750 1.089616 -0.885251
13 -0.400513 -0.532650 0.349824 -0.286267 0.138177 0.221277 0.137559 0.192458 0.243363 -0.167416 0.094397 0.452235 -0.378253 -0.259427 0.274407 -0.424709 0.158971 -0.275121
5 -0.409677 -0.585471 0.275473 -0.274483 0.164648 0.233760 0.206615 0.213601 0.315238 -0.253247 0.136129 0.500574 -0.436415 -0.262680 0.303353 -0.506586 0.157219 -0.291017
8 -0.427036 -0.629591 0.293965 -0.252647 0.074776 0.279909 0.274939 0.223830 0.317332 -0.224051 0.136631 0.482653 -0.485397 -0.279992 0.331461 -0.532882 0.169048 -0.256379
6 -0.411757 -0.574497 0.310097 -0.250164 0.130090 0.260475 0.208265 0.244280 0.284671 -0.223081 0.126570 0.475841 -0.439125 -0.287908 0.314424 -0.488859 0.165770 -0.290709
12 -0.453201 -0.589419 0.317634 -0.303315 0.123839 0.238425 0.153509 0.202709 0.268058 -0.203678 0.147229 0.524331 -0.435465 -0.265482 0.301545 -0.469176 0.161968 -0.274529
7 -0.391559 -0.524479 0.294711 -0.284434 0.140250 0.243230 0.134514 0.239178 0.285021 -0.219965 0.091992 0.479623 -0.387967 -0.296247 0.289597 -0.450602 0.198398 -0.275882
15 -0.444997 -0.579727 0.328378 -0.292890 0.135702 0.267702 0.194417 0.200135 0.280436 -0.229314 0.127599 0.481810 -0.424810 -0.260550 0.306535 -0.502082 0.163079 -0.293642
16 -0.410532 -0.510701 0.328523 -0.274898 0.146830 0.216991 0.142138 0.227495 0.248197 -0.199956 0.083455 0.486290 -0.399014 -0.247144 0.296220 -0.466435 0.160815 -0.304088
17 -0.410634 -0.511019 0.343442 -0.235739 0.144928 0.192238 0.120773 0.238206 0.244528 -0.172136 0.112940 0.492357 -0.370873 -0.230233 0.242827 -0.407238 0.200476 -0.304326
