18 18
4 -0.213994 -0.279938 0.179697 0.033428 -0.075644 -0.107340 0.199952 0.239469 0.354694 0.093219 0.318122 0.472263 -0.159955 -0.188859 0.313229 -0.357497 0.036247 -0.691194
8 -0.217706 -0.371648 0.174043 0.028657 -0.134747 -0.094137 0.171535 0.257100 0.348676 0.195614 0.262105 0.535690 -0.204926 -0.243478 0.344247 -0.353660 0.041151 -0.588753
17 -0.188505 -0.220971 0.207389 0.044116 -0.109157 -0.096028 0.339278 0.150724 0.370995 0.053715 0.310458 0.378817 -0.125729 -0.046506 0.278628 -0.312360 -0.009313 -0.798553
1 -0.228662 -0.296213 0.219727 0.006663 -0.073750 -0.117740 0.248039 0.217313 0.369242 0.078406 0.276110 0.407713 -0.139670 -0.152285 0.295739 -0.369100 0.048599 -0.724470
10 -0.196801 -0.285377 0.174762 0.023258 -0.080329 -0.051478 0.263040 0.186650 0.366930 0.070390 0.299275 0.440527 -0.180854 -0.128667 0.298114 -0.314085 0.030413 -0.665550
15 -0.226656 -0.274092 0.218390 -0.004174 -0.081802 -0.040359 0.316990 0.136060 0.359436 0.043460 0.318412 0.402101 -0.165751 -0.098853 0.331867 -0.360094 -0.012686 -0.773068
3 -0.230355 -0.270991 0.223024 0.022393 -0.076195 -0.079892 0.280816 0.182289 0.322399 0.068312 0.310909 0.405851 -0.201383 -0.169282 0.308738 -0.373720 0.047877 -0.744257
0 -0.184767 -0.254037 0.188813 -0.005047 -0.094397 -0.051648 0.253815 0.148139 0.307799 0.050672 0.298525 0.360978 -0.146540 -0.096732 0.323191 -0.342872 0.042157 -0.697982
5 -0.179983 -0.258600 0.165016 0.014564 -0.046860 -0.070685 0.305214 0.125584 0.348290 0.005569 0.317095 0.369526 -0.167904 -0.076517 0.317941 -0.366055 0.021220 -0.749286
6 -0.218089 -0.336961 0.193003 0.042927 -0.101450 -0.080925 0.227995 0.244442 0.361089 0.138994 0.303212 0.497767 -0.196151 -0.222799 0.342889 -0.348460 0.018745 -0.687651
14 -0.237760 -0.379941 0.197402 -0.002272 -0.108350 -0.087121 0.134244 0.246382 0.328989 0.210408 0.234066 0.552704 -0.203103 -0.262728 0.322635 -0.312953 0.044104 -0.573177
9 -0.237993 -0.342318 0.152872 0.010176 -0.109164 -0.098830 0.183156 0.254811 0.390979 0.159428 0.285117 0.549641 -0.187355 -0.263894 0.316505 -0.349964 0.004780 -0.606611
7 -0.176096 -0.273023 0.152825 0.016673 -0.106812 -0.070886 0.249439 0.204188 0.381232 0.075265 0.283200 0.438203 -0.154369 -0.175266 0.322903 -0.336609 0.029231 -0.690547
16 -0.184918 -0.216393 0.192304 0.029980 -0.089293 -0.078056 0.311991 0.139677 0.334741 0.049333 0.272520 0.376649 -0.158244 -0.056022 0.312594 -0.341459 -0.026603 -0.752398
13 -0.177563 -0.239710 0.217037 0.003518 -0.087792 -0.069310 0.335062 0.124250 0.357223 0.050847 0.298642 0.353083 -0.149892 -0.101278 0.321558 -0.354941 -0.014448 -0.790426
12 -0.237925 -0.343495 0.172240 -0.001424 -0.118969 -0.098747 0.170722 0.197971 0.324462 0.160859 0.293066 0.512125 -0.186835 -0.195703 0.314824 -0.312933 0.001589 -0.600936
11 -0.022755 -0.017997 0.010402 0.008892 0.014438 -0.011029 -0.020096 0.023319 0.018649 -0.022508 -0.004615 0.005927 -0.014992 0.016644 0.025927 -0.023252 -0.010098 -0.005158
2 0.021368 -0.003688 -0.004957 -0.007525 -0.007603 0.001755 0.011077 0.016235 -0.024745 -0.003279 -0.008624 0.014563 0.014594 -0.017313 -0.004715 -0.020484 -0.014205 0.014938
