18 18
13 -0.044189 -0.491781 0.008929 -0.293685 -0.108827 0.090314 0.254644 0.030452 0.350645 -0.122504 0.156397 0.430827 -0.163559 -0.222278 0.394766 -0.433375 -0.014461 -0.375172
15 -0.077190 -0.506512 0.011548 -0.271646 -0.125354 0.124732 0.319303 0.004807 0.360002 -0.131876 0.203300 0.491625 -0.183564 -0.157366 0.405927 -0.433755 -0.044123 -0.446166
7 -0.031977 -0.489165 -0.033912 -0.287954 -0.115529 0.123659 0.233675 0.064289 0.364543 -0.160413 0.160691 0.455386 -0.170803 -0.235773 0.407401 -0.423662 0.025052 -0.348152
10 -0.058419 -0.529665 -0.016659 -0.283984 -0.104594 0.126091 0.282408 0.052460 0.392393 -0.163181 0.201843 0.504739 -0.202555 -0.196224 0.403847 -0.436390 0.011411 -0.381230
5 -0.047685 -0.481532 -0.025722 -0.236792 -0.099666 0.073856 0.292402 0.000626 0.342430 -0.121313 0.187673 0.468204 -0.183104 -0.146761 0.374406 -0.408275 -0.044572 -0.405495
17 -0.058440 -0.481633 0.008197 -0.210927 -0.179797 0.060355 0.363736 0.007722 0.374854 -0.065252 0.223221 0.539081 -0.171256 -0.118019 0.375455 -0.390610 -0.079761 -0.515206
9 -0.064613 -0.496593 -0.024735 -0.287871 -0.113845 0.090052 0.244260 0.069692 0.372077 -0.139747 0.185117 0.482227 -0.161593 -0.238862 0.381885 -0.448165 -0.001554 -0.358248
14 -0.079149 -0.538109 0.028049 -0.315035 -0.086883 0.100329 0.223236 0.055681 0.335776 -0.137976 0.149826 0.481772 -0.189801 -0.224928 0.400355 -0.447617 0.037900 -0.373225
12 -0.097398 -0.574318 0.009419 -0.322091 -0.120250 0.086549 0.243992 0.031673 0.354736 -0.127731 0.195252 0.527297 -0.198806 -0.201503 0.421676 -0.448677 -0.017688 -0.387729
3 -0.088376 -0.529780 0.019245 -0.315836 -0.097244 0.092216 0.253874 0.068551 0.335992 -0.181077 0.220665 0.466807 -0.208948 -0.282655 0.409483 -0.512791 0.058908 -0.411733
1 -0.092452 -0.535185 0.027839 -0.304398 -0.078129 0.074759 0.205759 0.091691 0.366754 -0.151758 0.126125 0.436128 -0.162776 -0.222794 0.379018 -0.450855 0.052357 -0.340809
0 -0.053866 -0.508093 -0.012718 -0.309856 -0.139236 0.105990 0.229914 0.044612 0.322462 -0.135312 0.212550 0.469899 -0.157206 -0.209067 0.412496 -0.453946 0.025090 -0.369249
2 -0.035959 -0.525989 -0.010477 -0.305143 -0.133350 0.086184 0.260660 0.075844 0.320875 -0.137251 0.178389 0.504207 -0.154604 -0.243128 0.395970 -0.477520 -0.001945 -0.369269
8 -0.057811 -0.568037 0.006728 -0.295371 -0.125255 0.120024 0.266564 0.064837 0.371067 -0.133772 0.151952 0.485698 -0.207030 -0.223234 0.441157 -0.475364 0.031546 -0.373067
16 -0.066133 -0.479450 0.007627 -0.243110 -0.132277 0.088797 0.314584 0.013998 0.349799 -0.105869 0.167735 0.501360 -0.196086 -0.125962 0.407691 -0.425879 -0.062783 -0.449647
11 -0.098267 -0.524725 0.021412 -0.275049 -0.077143 0.074880 0.199487 0.084434 0.352977 -0.159448 0.142931 0.455619 -0.188432 -0.186812 0.400047 -0.449154 0.009338 -0.345012
6 -0.068655 -0.515346 0.016344 -0.233598 -0.108703 0.097897 0.296793 0.050874 0.359621 -0.120527 0.189722 0.478227 -0.196975 -0.174127 0.408948 -0.423415 -0.033795 -0.436183
4 -0.069761 -0.490331 -0.000122 -0.298373 -0.080804 0.068930 0.200730 0.092566 0.352869 -0.181370 0.226068 0.477712 -0.160533 -0.246898 0.401012 -0.483774 0.036476 -0.393662
