18 18
0 -0.319251 -0.584274 0.213091 -0.279633 -0.177669 0.092972 0.234684 0.120142 0.235290 -0.026067 0.390377 0.519902 -0.191362 -0.095090 0.228728 -0.291446 0.111874 -0.349156
2 -0.308759 -0.632876 0.204660 -0.283167 -0.171325 0.077292 0.289749 0.149698 0.246727 -0.034106 0.376797 0.576293 -0.218556 -0.143247 0.213204 -0.336656 0.076682 -0.332747
14 -0.338212 -0.573929 0.277299 -0.269587 -0.114663 0.098466 0.223797 0.113319 0.209337 -0.021374 0.333784 0.508015 -0.215966 -0.078411 0.222266 -0.282912 0.130933 -0.382428
7 -0.280113 -0.633722 0.149583 -0.278027 -0.171437 0.112322 0.309045 0.147814 0.311600 -0.064701 0.364225 0.564808 -0.251679 -0.199588 0.229825 -0.329812 0.110182 -0.309696
3 -0.335081 -0.588570 0.216883 -0.254319 -0.127618 0.087639 0.288620 0.126739 0.234409 -0.066471 0.385855 0.509395 -0.255877 -0.152897 0.194521 -0.331033 0.125209 -0.350306
10 -0.277126 -0.612110 0.156859 -0.233513 -0.118895 0.137304 0.334046 0.136484 0.292176 -0.087443 0.375037 0.539327 -0.286550 -0.147436 0.189465 -0.307326 0.125514 -0.276276
8 -0.270518 -0.633617 0.165260 -0.244012 -0.153269 0.121639 0.313822 0.129382 0.258878 -0.039209 0.327278 0.499206 -0.274469 -0.179006 0.221019 -0.334009 0.118372 -0.257579
11 -0.338069 -0.616379 0.221585 -0.260663 -0.145822 0.060957 0.242035 0.135991 0.269739 -0.050617 0.371724 0.519986 -0.231753 -0.092655 0.244603 -0.326887 0.075361 -0.351686
12 -0.313875 -0.602352 0.173284 -0.280235 -0.162336 0.069187 0.250880 0.094603 0.244685 -0.023324 0.377249 0.540426 -0.222645 -0.123920 0.197434 -0.277163 0.059039 -0.288861
4 -0.341835 -0.576928 0.250156 -0.265552 -0.140251 0.062349 0.231258 0.147217 0.249293 -0.038977 0.407362 0.547794 -0.191900 -0.089570 0.227269 -0.313578 0.098849 -0.405691
9 -0.336067 -0.640755 0.170313 -0.291900 -0.161845 0.098429 0.287654 0.144836 0.305755 -0.051453 0.388023 0.581345 -0.242684 -0.170419 0.214715 -0.330400 0.077061 -0.306513
17 -0.322349 -0.558679 0.234135 -0.229773 -0.176494 0.063892 0.258742 0.132238 0.257626 -0.001328 0.385141 0.537663 -0.189316 -0.058948 0.193819 -0.253918 0.098669 -0.388919
6 -0.309976 -0.604961 0.219944 -0.231549 -0.148273 0.103063 0.288781 0.147244 0.248410 -0.034712 0.381466 0.523567 -0.237031 -0.128247 0.225939 -0.302584 0.099493 -0.362454
1 -0.339917 -0.626970 0.244198 -0.293719 -0.142617 0.047959 0.247069 0.143441 0.271178 -0.026889 0.346731 0.518659 -0.191228 -0.121743 0.207940 -0.321934 0.108425 -0.354921
13 -0.298235 -0.598455 0.237696 -0.289719 -0.165030 0.074015 0.270626 0.103218 0.262679 -0.010561 0.353070 0.501180 -0.206463 -0.122060 0.237395 -0.308208 0.073569 -0.368541
15 -0.343397 -0.575345 0.247919 -0.266576 -0.133543 0.120776 0.261923 0.093515 0.236595 -0.045892 0.375842 0.504615 -0.209738 -0.069694 0.231400 -0.297303 0.079936 -0.379985
5 -0.307721 -0.626690 0.174345 -0.264118 -0.125627 0.074452 0.299899 0.101589 0.287421 -0.060465 0.397451 0.551620 -0.247373 -0.118481 0.222451 -0.331923 0.086138 -0.356319
16 -0.330288 -0.583268 0.246179 -0.267707 -0.163649 0.091944 0.268797 0.117465 0.243020 -0.022533 0.348583 0.525419 -0.221813 -0.071706 0.251654 -0.311880 0.082628 -0.394834
