18 18
1 -0.335518 -0.518292 0.324075 -0.379630 0.066684 0.030195 0.176728 0.211862 0.321091 -0.194816 0.190660 0.353146 0.067170 -0.251343 0.282059 -0.515234 -0.316366 -0.396409
13 -0.325762 -0.523146 0.343233 -0.403041 -0.024418 0.049471 0.175465 0.111452 0.334941 -0.103587 0.148743 0.391534 0.040656 -0.152291 0.324503 -0.429620 -0.430990 -0.399251
11 -0.390473 -0.565530 0.345951 -0.373743 -0.033944 0.025137 0.127912 0.123601 0.371235 -0.107893 0.155015 0.448281 0.005196 -0.056478 0.353427 -0.415040 -0.452683 -0.405717
15 -0.337022 -0.490666 0.321978 -0.376621 0.023315 0.068315 0.163554 0.122607 0.292008 -0.155014 0.191315 0.358795 0.049955 -0.160944 0.300216 -0.445241 -0.364014 -0.394860
6 -0.306811 -0.494529 0.300530 -0.326749 0.062832 0.058631 0.184575 0.201888 0.293485 -0.191464 0.206349 0.348573 0.039169 -0.232938 0.300948 -0.485351 -0.332705 -0.389543
0 -0.344105 -0.533499 0.318208 -0.404795 -0.012202 0.063073 0.169253 0.148083 0.335960 -0.157431 0.223644 0.406366 0.045153 -0.178943 0.334800 -0.481131 -0.362637 -0.415128
2 -0.286313 -0.473187 0.279858 -0.357993 0.047468 0.059185 0.177274 0.195015 0.266035 -0.197972 0.184142 0.367247 0.063045 -0.225128 0.270889 -0.485430 -0.349835 -0.335719
4 -0.297588 -0.435253 0.283470 -0.336589 0.105188 0.036491 0.145098 0.249078 0.284794 -0.243057 0.237975 0.337704 0.076180 -0.283114 0.263865 -0.519323 -0.280839 -0.386255
9 -0.308189 -0.456537 0.250717 -0.350095 0.070092 0.054061 0.169593 0.207558 0.315132 -0.203825 0.195028 0.367747 0.048199 -0.266045 0.255172 -0.486136 -0.320353 -0.333051
3 -0.323104 -0.447036 0.301498 -0.327220 0.098018 0.050614 0.189401 0.213499 0.249578 -0.229287 0.214021 0.310194 0.017679 -0.287389 0.236303 -0.509885 -0.258167 -0.369656
14 -0.301299 -0.458444 0.297098 -0.347884 0.044892 0.052951 0.131405 0.149732 0.257375 -0.137150 0.145330 0.349744 0.021240 -0.179165 0.252866 -0.399049 -0.286107 -0.333490
12 -0.342429 -0.502803 0.296179 -0.365484 -0.001364 0.037927 0.143635 0.122237 0.294214 -0.133056 0.209423 0.397555 0.029445 -0.148795 0.290262 -0.409933 -0.378670 -0.363981
10 -0.301034 -0.471415 0.264954 -0.330216 0.028929 0.081670 0.171388 0.156210 0.333995 -0.182415 0.205497 0.388574 0.016382 -0.140093 0.272620 -0.402109 -0.336252 -0.337798
7 -0.283273 -0.487275 0.264401 -0.367079 0.025596 0.079532 0.176686 0.200824 0.341110 -0.200453 0.197890 0.367939 0.047390 -0.258823 0.317558 -0.479257 -0.298860 -0.387197
17 -0.337755 -0.507341 0.314324 -0.345236 -0.039751 0.025535 0.171567 0.134539 0.357098 -0.097427 0.183722 0.428236 0.038942 -0.103979 0.285144 -0.381967 -0.388095 -0.407428
5 -0.288500 -0.480612 0.238955 -0.331445 0.109842 0.037039 0.197030 0.185229 0.304024 -0.237582 0.231639 0.338204 0.027434 -0.265853 0.276639 -0.527348 -0.276906 -0.385296
16 -0.282375 -0.425403 0.277133 -0.321394 0.015172 0.042335 0.165502 0.138049 0.269728 -0.137911 0.143754 0.337379 0.025636 -0.144899 0.275478 -0.415682 -0.334818 -0.359381
8 -0.315376 -0.526714 0.306312 -0.352763 0.004673 0.067306 0.179877 0.178298 0.320896 -0.150194 0.189309 0.380885 0.015276 -0.189593 0.322373 -0.472347 -0.310926 -0.379604
