18 18
2 -0.218559 -0.493153 0.173756 -0.306873 0.008424 -0.052903 0.045335 0.300148 0.435729 0.032088 0.118758 0.608340 0.071430 -0.401240 0.189378 -0.263354 0.014444 -0.475646
15 -0.254289 -0.472359 0.190939 -0.292251 0.025080 -0.037029 0.049700 0.264970 0.457258 0.026978 0.128196 0.567355 0.058847 -0.354148 0.189222 -0.235264 0.004086 -0.482453
14 -0.234440 -0.465955 0.179442 -0.290096 0.035629 -0.055957 0.019225 0.267673 0.433233 0.042517 0.092451 0.571803 0.044262 -0.370044 0.178904 -0.227348 0.036719 -0.470819
0 -0.219153 -0.456937 0.145419 -0.295377 -0.012195 -0.039696 0.025230 0.257802 0.426728 0.036363 0.134952 0.551037 0.060920 -0.359585 0.192994 -0.227384 0.041992 -0.450360
1 -0.261759 -0.508836 0.184063 -0.313539 0.025058 -0.083407 0.031731 0.308334 0.484678 0.034110 0.109986 0.592866 0.070646 -0.396264 0.176195 -0.255387 0.042616 -0.491094
9 -0.238853 -0.455630 0.133821 -0.282318 0.018286 -0.061397 0.035642 0.295139 0.481944 0.026634 0.134445 0.590541 0.058819 -0.397391 0.171230 -0.240474 0.014391 -0.461179
17 -0.240185 -0.460413 0.169297 -0.254167 -0.001803 -0.089674 0.047068 0.303010 0.488986 0.058566 0.129754 0.591084 0.075684 -0.353517 0.154852 -0.200388 0.023211 -0.499066
13 -0.219266 -0.478128 0.167442 -0.309488 0.007465 -0.071403 0.044800 0.276949 0.486743 0.053400 0.106477 0.568559 0.074291 -0.412413 0.195404 -0.241633 0.002590 -0.499245
8 -0.229005 -0.493001 0.182728 -0.279791 0.003035 -0.053388 0.048087 0.289980 0.449636 0.052807 0.113696 0.581987 0.037467 -0.380585 0.200300 -0.257141 0.047071 -0.474603
4 -0.234330 -0.429488 0.172104 -0.261657 0.045063 -0.079150 0.013406 0.296487 0.438170 0.014047 0.143111 0.560305 0.063783 -0.365721 0.170953 -0.244080 0.031313 -0.483068
5 -0.220218 -0.468517 0.119415 -0.269940 0.032245 -0.071317 0.057858 0.247412 0.472321 0.017326 0.131656 0.565662 0.036677 -0.348146 0.183773 -0.238919 0.011589 -0.470965
10 -0.227496 -0.475751 0.158317 -0.276717 0.026708 -0.036191 0.054231 0.289060 0.478824 0.017691 0.139770 0.607140 0.038787 -0.354885 0.174012 -0.216997 0.032610 -0.463815
7 -0.202967 -0.461375 0.125151 -0.288146 -0.005147 -0.043518 0.040237 0.289036 0.489203 0.027795 0.102985 0.573599 0.063679 -0.400951 0.200842 -0.219153 0.023603 -0.471287
3 -0.254223 -0.460245 0.189547 -0.275089 0.023317 -0.062065 0.052959 0.279796 0.422721 0.022498 0.138460 0.555730 0.026549 -0.395130 0.168269 -0.258834 0.055118 -0.491976
16 -0.249982 -0.485626 0.175262 -0.291499 0.009183 -0.068587 0.058355 0.286319 0.480215 0.043090 0.115244 0.612718 0.041068 -0.368517 0.206951 -0.257256 0.005448 -0.517873
6 -0.230484 -0.478190 0.180177 -0.257254 0.027621 -0.054203 0.051449 0.311753 0.460400 0.033602 0.136853 0.584477 0.047870 -0.395927 0.199832 -0.243558 0.016890 -0.505189
12 -0.237958 -0.443179 0.159207 -0.271558 0.008161 -0.062427 0.014919 0.235347 0.390076 0.042856 0.142136 0.554400 0.036326 -0.326840 0.169672 -0.203342 0.002996 -0.421416
11 -0.239893 -0.444906 0.167390 -0.246671 0.030871 -0.069377 0.014908 0.285572 0.431890 0.008648 0.112356 0.538166 0.033490 -0.328846 0.193314 -0.244840 0.013328 -0.440764
