18 18
11 -0.111385 -0.543002 0.135690 -0.138695 -0.034833 0.307158 0.311526 0.157505 0.345552 -0.178494 0.076105 0.213277 -0.222375 -0.291592 0.556537 -0.413926 -0.031516 -0.463834
1 -0.110435 -0.508711 0.132596 -0.152106 -0.039793 0.253833 0.292651 0.138610 0.314700 -0.139091 0.057213 0.177905 -0.172300 -0.286716 0.468079 -0.375923 0.000961 -0.425495
0 -0.059151 -0.488084 0.054687 -0.118339 -0.062391 0.272745 0.287115 0.181353 0.329846 -0.182079 0.153675 0.198528 -0.166773 -0.326054 0.493050 -0.388524 0.015140 -0.412041
8 -0.085104 -0.531656 0.134942 -0.134007 -0.064097 0.315113 0.342781 0.136261 0.317537 -0.127445 0.061534 0.210804 -0.217895 -0.300453 0.521582 -0.395414 0.001392 -0.448609
4 -0.007431 -0.421173 -0.048063 0.027118 0.039248 0.146829 0.317265 0.329773 0.387087 -0.294007 0.298064 0.225313 -0.176054 -0.473346 0.451040 -0.478920 0.027357 -0.493415
2 -0.050186 -0.509514 0.078604 -0.115110 -0.039270 0.289140 0.339466 0.172802 0.305700 -0.180930 0.107035 0.238322 -0.191945 -0.327384 0.506183 -0.413877 -0.033112 -0.439830
10 -0.066158 -0.559887 0.087618 -0.145948 -0.037348 0.367860 0.381200 0.179626 0.419490 -0.211543 0.112316 0.248091 -0.228029 -0.345473 0.555682 -0.411070 -0.010255 -0.462963
14 -0.156462 -0.553966 0.236240 -0.237694 -0.055482 0.399644 0.334801 0.038340 0.261915 -0.097295 -0.011163 0.254044 -0.233506 -0.223875 0.541290 -0.353730 -0.014449 -0.484324
7 -0.024868 -0.468219 0.019902 -0.085778 -0.039275 0.259836 0.315581 0.198320 0.361212 -0.211069 0.137208 0.205762 -0.182954 -0.366127 0.492258 -0.390117 -0.000993 -0.430243
6 -0.038510 -0.511331 0.029070 -0.034313 -0.013828 0.254160 0.358884 0.237220 0.371191 -0.221698 0.205713 0.210283 -0.215367 -0.411689 0.525545 -0.434721 -0.000432 -0.503996
3 -0.047884 -0.471784 0.019726 -0.033109 -0.001191 0.201630 0.339774 0.260592 0.347850 -0.247620 0.221365 0.186129 -0.211041 -0.448909 0.460920 -0.458923 0.044267 -0.468412
15 -0.157128 -0.513980 0.208402 -0.228239 -0.067412 0.387924 0.325408 0.005392 0.246902 -0.107581 0.015196 0.209353 -0.198718 -0.178784 0.514760 -0.336597 -0.054577 -0.442070
5 -0.019476 -0.479921 -0.042246 -0.023107 0.020044 0.195655 0.345412 0.202068 0.384710 -0.253770 0.243026 0.221642 -0.217372 -0.377935 0.482377 -0.436695 -0.000295 -0.479523
9 -0.090591 -0.488912 0.085534 -0.132981 -0.041362 0.283009 0.309369 0.170750 0.346376 -0.157715 0.087745 0.230005 -0.184535 -0.332953 0.475482 -0.386399 -0.026286 -0.412174
17 -0.114782 -0.524211 0.168085 -0.169174 -0.093689 0.323339 0.334066 0.105033 0.317344 -0.099804 0.038147 0.247404 -0.186717 -0.233720 0.500661 -0.338180 -0.024743 -0.464286
16 -0.141174 -0.509218 0.217951 -0.222248 -0.084785 0.379425 0.349335 0.021435 0.253235 -0.089595 -0.029313 0.232426 -0.223716 -0.177947 0.550957 -0.364847 -0.069454 -0.479291
12 -0.118598 -0.518887 0.126146 -0.163700 -0.055800 0.290107 0.292759 0.099349 0.285455 -0.133827 0.099048 0.233096 -0.207072 -0.272460 0.496176 -0.351162 -0.041990 -0.423932
13 -0.053883 -0.516636 0.111553 -0.158903 -0.051862 0.310919 0.353619 0.138990 0.363617 -0.148355 0.068619 0.202780 -0.191031 -0.353947 0.530082 -0.401205 -0.038839 -0.464426
