18 18
0 0.113704 -0.391262 -0.060859 -0.388420 -0.153244 0.167653 0.165131 0.001590 0.464963 -0.052342 0.222588 0.447426 -0.057429 -0.206535 0.545725 -0.338199 -0.053053 -0.425859
5 0.139971 -0.363670 -0.113152 -0.316056 -0.110806 0.140187 0.207679 -0.009439 0.487812 -0.068992 0.203159 0.434558 -0.087088 -0.193352 0.505292 -0.320853 -0.082380 -0.407625
6 0.144696 -0.397330 -0.072107 -0.336365 -0.138291 0.174945 0.196774 0.037010 0.485564 -0.049258 0.211373 0.453266 -0.071023 -0.230437 0.553522 -0.329130 -0.080783 -0.439085
4 0.131527 -0.372571 -0.075776 -0.373367 -0.128676 0.155066 0.157201 0.042825 0.508459 -0.069734 0.237332 0.486904 -0.046091 -0.238837 0.550796 -0.345015 -0.073739 -0.449240
16 0.106656 -0.355411 -0.046984 -0.350153 -0.152978 0.151731 0.200059 -0.004728 0.477696 -0.035743 0.161178 0.450329 -0.086570 -0.159068 0.555556 -0.333957 -0.104632 -0.443339
2 0.145426 -0.356589 -0.072861 -0.338367 -0.136352 0.153412 0.179022 0.033503 0.420475 -0.049539 0.175723 0.428873 -0.042786 -0.220034 0.483306 -0.321612 -0.089778 -0.365089
1 0.095209 -0.404787 -0.034124 -0.372858 -0.127499 0.129029 0.171836 0.036987 0.492606 -0.042541 0.170152 0.441391 -0.044498 -0.216756 0.511505 -0.341716 -0.068692 -0.422847
7 0.162174 -0.325582 -0.124886 -0.317401 -0.143111 0.171612 0.166010 0.031863 0.484737 -0.061679 0.177367 0.421231 -0.056434 -0.239324 0.494997 -0.274105 -0.042622 -0.365950
3 0.097582 -0.356522 -0.045313 -0.353501 -0.139459 0.158799 0.199852 0.019462 0.461865 -0.059505 0.215291 0.425799 -0.092958 -0.254463 0.524466 -0.359300 -0.050677 -0.447502
14 0.113195 -0.409381 -0.034467 -0.397085 -0.131260 0.169385 0.168312 -0.000270 0.476677 -0.032062 0.173186 0.477290 -0.071754 -0.207986 0.547073 -0.322058 -0.066798 -0.433795
9 0.124847 -0.326402 -0.121177 -0.333302 -0.137801 0.162298 0.172835 0.032135 0.489362 -0.059873 0.216044 0.453795 -0.064621 -0.252116 0.492060 -0.317845 -0.085490 -0.367421
13 0.135956 -0.377084 -0.048158 -0.373438 -0.154429 0.146866 0.191344 -0.001026 0.480764 -0.027202 0.181979 0.427957 -0.050260 -0.223393 0.544589 -0.340067 -0.114995 -0.433251
12 0.096252 -0.404983 -0.064401 -0.374216 -0.152245 0.148971 0.162543 -0.006413 0.473268 -0.036734 0.226404 0.481740 -0.070552 -0.194925 0.540195 -0.310456 -0.107691 -0.414742
15 0.082068 -0.361943 -0.034985 -0.345538 -0.124425 0.167401 0.181851 -0.011449 0.437967 -0.053529 0.190579 0.405301 -0.061972 -0.178157 0.505304 -0.318634 -0.100018 -0.403985
8 0.136244 -0.368653 -0.070995 -0.325433 -0.154130 0.172455 0.191525 0.023686 0.466982 -0.033912 0.181721 0.426200 -0.086584 -0.217399 0.529197 -0.325034 -0.052367 -0.390078
11 0.090321 -0.377366 -0.042139 -0.325897 -0.122811 0.131070 0.155560 0.037821 0.475387 -0.062500 0.172146 0.429755 -0.078325 -0.171428 0.534521 -0.335838 -0.084962 -0.412387
10 0.135786 -0.365812 -0.094025 -0.339876 -0.122006 0.183485 0.193204 0.011672 0.500835 -0.070256 0.207782 0.459980 -0.081466 -0.189728 0.504135 -0.288181 -0.069300 -0.380764
17 0.105750 -0.371017 -0.033974 -0.319613 -0.171759 0.122031 0.199664 0.028831 0.485724 -0.011850 0.175163 0.449116 -0.052276 -0.165221 0.507707 -0.305388 -0.085340 -0.444217
