18 18
8 -0.072533 -0.443418 0.422779 -0.241297 -0.229150 0.157260 0.200058 0.056700 0.257898 0.247218 -0.056517 0.285738 -0.122525 -0.286696 0.445036 -0.196164 -0.001040 -0.549878
13 -0.051233 -0.417757 0.408610 -0.285256 -0.267326 0.180964 0.180384 0.018213 0.320552 0.269721 -0.092123 0.264109 -0.057116 -0.255172 0.442502 -0.121024 -0.041193 -0.532217
7 -0.023412 -0.413179 0.369074 -0.259490 -0.280739 0.211982 0.202515 0.045750 0.345054 0.240873 -0.099323 0.283397 -0.076647 -0.272075 0.453518 -0.115327 -0.016526 -0.528889
2 -0.040273 -0.460112 0.431098 -0.276088 -0.260495 0.179275 0.216025 0.067749 0.264782 0.258267 -0.081240 0.341487 -0.090108 -0.315959 0.465752 -0.193492 -0.042969 -0.573182
11 -0.094382 -0.452568 0.424238 -0.256689 -0.238060 0.174210 0.171755 0.061830 0.318815 0.226278 -0.074585 0.310464 -0.108227 -0.229947 0.476912 -0.164621 -0.042827 -0.554888
14 -0.086251 -0.434261 0.427044 -0.286870 -0.238437 0.203690 0.164839 0.016383 0.294031 0.264121 -0.094386 0.306537 -0.097935 -0.240434 0.458008 -0.116840 -0.010216 -0.547757
0 -0.065386 -0.448267 0.401549 -0.292893 -0.287686 0.210328 0.185425 0.038454 0.327888 0.249859 -0.055871 0.287911 -0.063387 -0.244098 0.454277 -0.130413 -0.000918 -0.529425
9 -0.077260 -0.444054 0.389671 -0.274663 -0.242583 0.186549 0.197442 0.056457 0.323110 0.242499 -0.051001 0.335197 -0.099875 -0.300051 0.445012 -0.164577 -0.036707 -0.527193
17 -0.067643 -0.422736 0.406159 -0.235798 -0.278356 0.165349 0.193536 0.052552 0.331382 0.272415 -0.073627 0.317074 -0.072026 -0.220109 0.437831 -0.106568 -0.034464 -0.571123
6 -0.059046 -0.467033 0.433079 -0.243858 -0.249170 0.201468 0.229389 0.069778 0.312805 0.248873 -0.058363 0.304042 -0.111042 -0.295050 0.472328 -0.162974 -0.027207 -0.578263
1 -0.096383 -0.466745 0.444809 -0.285473 -0.243515 0.161045 0.193150 0.065839 0.330391 0.255793 -0.086604 0.298640 -0.077067 -0.281938 0.444499 -0.163300 -0.005294 -0.580462
3 -0.085494 -0.436459 0.435757 -0.256474 -0.224543 0.179832 0.232653 0.054589 0.265711 0.214874 -0.028628 0.295712 -0.142019 -0.335505 0.440571 -0.202109 0.011395 -0.584377
10 -0.059808 -0.458164 0.407080 -0.265431 -0.242020 0.214835 0.224970 0.046334 0.331814 0.226922 -0.047523 0.330352 -0.119087 -0.258952 0.448354 -0.139348 -0.013284 -0.537161
4 -0.074154 -0.441103 0.438824 -0.261315 -0.227488 0.166494 0.198765 0.081742 0.296868 0.226191 -0.008368 0.349073 -0.107673 -0.324829 0.473792 -0.205394 -0.023134 -0.610177
5 -0.053855 -0.458540 0.376147 -0.260381 -0.216696 0.169287 0.232398 0.024558 0.310490 0.217320 -0.022153 0.339856 -0.132574 -0.298932 0.470409 -0.200346 -0.035636 -0.582735
16 -0.072447 -0.404644 0.406494 -0.256410 -0.253202 0.180331 0.195281 0.028279 0.297636 0.250292 -0.088931 0.304753 -0.097477 -0.214215 0.464417 -0.145787 -0.054289 -0.567914
15 -0.090399 -0.443804 0.418408 -0.287168 -0.256235 0.219986 0.201736 0.012738 0.322081 0.237008 -0.052283 0.305318 -0.082377 -0.231919 0.459115 -0.133068 -0.048170 -0.552423
12 -0.093636 -0.434217 0.397256 -0.259581 -0.240023 0.153251 0.164290 0.018310 0.251933 0.252242 -0.026748 0.323682 -0.109655 -0.245795 0.438633 -0.136763 -0.052310 -0.529523
