18 18
11 -0.385192 -0.558611 0.317756 -0.287121 -0.012750 -0.038335 0.034071 0.051339 0.228019 -0.041658 0.194871 0.368457 -0.186860 -0.090830 0.416543 -0.429074 -0.166736 -0.431368
1 -0.378631 -0.548719 0.353206 -0.320837 -0.059184 -0.073605 0.060186 0.026915 0.200382 0.035826 0.148277 0.353013 -0.145378 -0.103991 0.370316 -0.409915 -0.144211 -0.446903
14 -0.352916 -0.544431 0.337643 -0.333320 -0.026437 -0.015778 0.049302 0.000083 0.177114 0.021653 0.141754 0.378048 -0.168755 -0.112888 0.378009 -0.384400 -0.136619 -0.421185
4 -0.364247 -0.524735 0.326265 -0.301197 -0.029136 -0.053571 0.041142 0.047063 0.200282 -0.013261 0.203406 0.378447 -0.153025 -0.115408 0.390566 -0.429889 -0.153915 -0.451043
3 -0.376735 -0.533949 0.328176 -0.297914 -0.013462 -0.020749 0.070038 0.028970 0.182201 -0.034501 0.206498 0.344811 -0.194059 -0.151550 0.377717 -0.427330 -0.123362 -0.445255
5 -0.354299 -0.574958 0.284725 -0.298412 -0.005654 -0.038271 0.078191 0.008866 0.229237 -0.041914 0.222826 0.371440 -0.187830 -0.110906 0.419044 -0.448371 -0.167660 -0.458045
7 -0.354368 -0.565758 0.317321 -0.338646 -0.069239 -0.013017 0.074622 0.030976 0.241249 0.001486 0.173805 0.415419 -0.170269 -0.146239 0.421351 -0.420179 -0.160102 -0.455769
8 -0.374675 -0.591370 0.373897 -0.326039 -0.109411 -0.051886 0.090611 0.004239 0.185171 0.073752 0.158624 0.397833 -0.184983 -0.086693 0.428944 -0.443474 -0.163766 -0.467171
13 -0.335809 -0.541644 0.336603 -0.335008 -0.053439 -0.035237 0.069915 -0.011765 0.188814 0.021435 0.173181 0.331843 -0.153342 -0.144371 0.407416 -0.417836 -0.171506 -0.456673
9 -0.416449 -0.592322 0.329482 -0.358679 -0.035013 -0.017223 0.063245 0.039125 0.256085 -0.013763 0.200501 0.442719 -0.184592 -0.156330 0.406500 -0.444217 -0.182106 -0.443563
16 -0.372967 -0.535738 0.363876 -0.331367 -0.094901 -0.060550 0.090784 -0.009937 0.186207 0.063406 0.132099 0.401462 -0.176623 -0.064792 0.410845 -0.422991 -0.193404 -0.479160
15 -0.358296 -0.518302 0.319331 -0.315031 -0.031994 -0.002295 0.066347 -0.011112 0.184224 -0.004306 0.172177 0.336568 -0.148795 -0.097110 0.367451 -0.380397 -0.163329 -0.410861
0 -0.353999 -0.537137 0.292951 -0.317392 -0.042962 -0.008498 0.038044 0.016518 0.188632 -0.026182 0.223713 0.346199 -0.161341 -0.117220 0.407668 -0.411097 -0.129971 -0.424660
17 -0.385016 -0.568686 0.354148 -0.309882 -0.094633 -0.067535 0.079503 0.032531 0.227780 0.048788 0.190817 0.422731 -0.159283 -0.089864 0.388976 -0.399274 -0.162759 -0.486367
10 -0.381045 -0.576313 0.329287 -0.331391 -0.015020 0.011159 0.080938 0.030680 0.245297 -0.030558 0.197889 0.427882 -0.196043 -0.104755 0.386049 -0.393934 -0.152116 -0.427937
2 -0.346541 -0.550092 0.327838 -0.319335 -0.064011 -0.045992 0.074688 0.038563 0.174699 0.011311 0.170165 0.389735 -0.151398 -0.124142 0.390526 -0.439819 -0.173709 -0.433436
6 -0.366692 -0.564227 0.331313 -0.293495 -0.029941 -0.016997 0.072897 0.043326 0.207227 -0.010382 0.205367 0.374151 -0.181854 -0.136085 0.419342 -0.423126 -0.172622 -0.467564
12 -0.394574 -0.560553 0.346412 -0.338060 -0.096349 -0.067933 0.050876 -0.024428 0.167996 0.066343 0.185343 0.403285 -0.165167 -0.068529 0.381160 -0.374766 -0.191693 -0.431727
