18 18
12 -0.259558 -0.574097 0.065450 -0.378882 -0.214923 0.012520 0.139517 -0.047109 0.440096 0.075934 0.255264 0.627952 -0.076949 -0.138176 0.179193 0.016073 -0.200319 -0.280952
5 -0.194707 -0.695496 -0.006709 -0.122699 -0.105154 0.075716 0.469787 -0.399443 0.389474 0.046478 0.586906 0.524971 -0.271583 0.195244 0.327613 -0.209852 -0.148866 -0.493291
3 -0.265153 -0.534889 0.089741 -0.327201 -0.178671 0.019950 0.160768 0.001353 0.421392 0.026767 0.254456 0.576731 -0.100117 -0.165536 0.162849 -0.026636 -0.137816 -0.313502
7 -0.226591 -0.562267 0.046537 -0.419645 -0.244872 0.037311 0.136252 0.020291 0.508151 0.060089 0.182337 0.640701 -0.047762 -0.230698 0.187379 0.026275 -0.180860 -0.277830
1 -0.273304 -0.571015 0.096889 -0.408682 -0.195891 -0.026435 0.122180 0.046455 0.489343 0.066351 0.162429 0.608266 -0.032921 -0.201945 0.134946 0.007085 -0.162030 -0.278373
14 -0.267247 -0.555604 0.112610 -0.460522 -0.213311 0.011019 0.073292 0.054302 0.487466 0.087772 0.110508 0.659007 -0.041474 -0.248399 0.149199 0.065498 -0.179583 -0.265540
17 -0.212322 -0.580353 0.036249 -0.183725 -0.164200 0.020109 0.290487 -0.176040 0.406852 0.068142 0.407574 0.540280 -0.146610 0.066898 0.214316 -0.072359 -0.128806 -0.389280
13 -0.227861 -0.515162 0.089704 -0.457140 -0.234519 0.000307 0.088194 0.064776 0.489253 0.077593 0.110132 0.612835 -0.007718 -0.284656 0.147465 0.042577 -0.205917 -0.251199
2 -0.235277 -0.543151 0.076165 -0.430852 -0.227273 0.004954 0.108552 0.085321 0.460427 0.054142 0.136417 0.643573 -0.014972 -0.256908 0.139745 0.014263 -0.198416 -0.242339
0 -0.256947 -0.684202 0.044076 -0.263919 -0.185104 0.062833 0.303621 -0.217575 0.419648 0.047932 0.481346 0.591008 -0.177740 0.046668 0.284077 -0.124824 -0.126435 -0.415997
4 -0.271068 -0.574461 0.053588 -0.261028 -0.137586 0.008740 0.155752 -0.026039 0.458514 -0.006361 0.395593 0.619392 -0.105845 -0.049305 0.196829 -0.043194 -0.132873 -0.353689
15 -0.225584 -0.665145 0.053709 -0.157249 -0.121216 0.123788 0.440201 -0.351019 0.387075 0.035101 0.555137 0.513429 -0.232254 0.162996 0.327986 -0.206920 -0.155022 -0.476501
16 -0.233973 -0.499303 0.093648 -0.425736 -0.224570 0.001360 0.126674 0.032467 0.470945 0.087205 0.093212 0.615674 -0.047113 -0.216644 0.167618 0.018433 -0.217840 -0.285153
6 -0.214851 -0.606988 0.051763 -0.230486 -0.168226 0.055372 0.300263 -0.153943 0.414311 0.066498 0.380420 0.562499 -0.159496 -0.015880 0.252097 -0.082510 -0.175313 -0.391029
11 -0.285612 -0.538235 0.076096 -0.317793 -0.157636 -0.010658 0.055844 0.091593 0.473472 -0.010007 0.237055 0.626324 -0.076780 -0.137289 0.177002 -0.001134 -0.158752 -0.272340
8 -0.214794 -0.680296 0.059012 -0.202167 -0.169724 0.083955 0.389662 -0.260408 0.420113 0.082074 0.460612 0.569880 -0.216903 0.078113 0.315242 -0.171462 -0.154541 -0.435949
10 -0.220004 -0.545489 0.040330 -0.300511 -0.167662 0.050491 0.193250 -0.053410 0.452188 0.033233 0.290853 0.594367 -0.106761 -0.078237 0.173117 0.001119 -0.148242 -0.282726
9 -0.247643 -0.496061 0.064077 -0.426338 -0.214974 -0.005069 0.079789 0.092803 0.502731 0.068716 0.113431 0.646594 -0.023386 -0.273776 0.126971 0.042154 -0.204367 -0.231130
