18 18
9 -0.100038 -0.420230 0.088556 -0.179508 -0.147319 0.015484 0.355604 0.027495 0.333474 0.074697 0.173988 0.375351 -0.219840 -0.424781 0.363703 -0.377794 -0.272167 -0.447149
4 -0.114579 -0.393711 0.151162 -0.164717 -0.104142 -0.024308 0.330752 0.059686 0.296501 0.054733 0.184419 0.319178 -0.202496 -0.440963 0.352021 -0.418774 -0.219246 -0.504631
2 -0.101890 -0.418032 0.151639 -0.187534 -0.105830 -0.020739 0.350050 0.048141 0.244012 0.059627 0.151373 0.321076 -0.198857 -0.456160 0.333917 -0.440339 -0.229081 -0.469688
12 -0.159835 -0.492924 0.149660 -0.236278 -0.133497 0.022847 0.320722 -0.060570 0.250971 0.101608 0.187821 0.371913 -0.232854 -0.356285 0.361057 -0.320469 -0.325089 -0.420071
1 -0.126378 -0.434945 0.162813 -0.177103 -0.110004 -0.038003 0.349592 0.062971 0.312860 0.068219 0.143068 0.302856 -0.194794 -0.436990 0.335915 -0.425926 -0.196318 -0.500128
7 -0.079715 -0.447988 0.109002 -0.195385 -0.172234 0.034646 0.372839 0.015265 0.342669 0.081842 0.149090 0.351647 -0.218057 -0.428641 0.405488 -0.372548 -0.265390 -0.486196
14 -0.150843 -0.490323 0.185474 -0.240022 -0.107583 0.024225 0.328148 -0.021064 0.271868 0.102390 0.133205 0.366657 -0.239746 -0.415108 0.374363 -0.368979 -0.283149 -0.462189
13 -0.098260 -0.436246 0.148571 -0.200812 -0.133843 0.004429 0.357577 -0.011621 0.296542 0.094957 0.151454 0.314167 -0.214902 -0.423279 0.372761 -0.380847 -0.282887 -0.471449
8 -0.112381 -0.461195 0.152190 -0.177687 -0.149079 0.013671 0.370092 0.022177 0.300772 0.097883 0.155261 0.339591 -0.240739 -0.416802 0.388678 -0.411167 -0.241509 -0.477572
3 -0.139920 -0.388029 0.174251 -0.152198 -0.095762 -0.024863 0.354119 0.051002 0.252754 0.043997 0.182420 0.276689 -0.240172 -0.464287 0.326483 -0.445768 -0.167769 -0.511064
16 -0.087326 -0.398156 0.113663 -0.158497 -0.157033 0.002186 0.369493 0.033960 0.311319 0.076797 0.133096 0.342433 -0.219238 -0.376844 0.377414 -0.393244 -0.255592 -0.487938
17 -0.095558 -0.434589 0.131549 -0.146951 -0.176801 -0.021688 0.382839 0.054586 0.334285 0.105332 0.170616 0.362604 -0.201699 -0.410598 0.353738 -0.386916 -0.236686 -0.516029
11 -0.158560 -0.482075 0.152937 -0.203811 -0.113139 0.016289 0.314864 0.001187 0.307407 0.059723 0.170410 0.359083 -0.246488 -0.370696 0.402327 -0.383534 -0.292377 -0.452694
0 -0.127473 -0.477382 0.140539 -0.225942 -0.161938 0.027959 0.355576 0.008702 0.312047 0.075076 0.204783 0.366289 -0.230217 -0.432649 0.417282 -0.424902 -0.239925 -0.507510
5 -0.091900 -0.416312 0.101936 -0.145421 -0.093431 -0.016784 0.355410 0.002537 0.294956 0.051380 0.184570 0.316617 -0.228035 -0.383561 0.353270 -0.397001 -0.226847 -0.480078
10 -0.118604 -0.458650 0.130020 -0.184780 -0.121581 0.036328 0.376111 0.006010 0.322373 0.058798 0.186625 0.364462 -0.248482 -0.383331 0.365390 -0.365978 -0.255969 -0.465669
6 -0.095658 -0.439063 0.140975 -0.147940 -0.123868 0.013666 0.367121 0.028799 0.282079 0.083684 0.169810 0.317574 -0.224595 -0.412630 0.368386 -0.372612 -0.260620 -0.479514
15 -0.161216 -0.505479 0.172234 -0.258518 -0.134943 0.048084 0.368817 -0.044235 0.304574 0.082602 0.173455 0.372939 -0.229389 -0.404101 0.405470 -0.394408 -0.329597 -0.486656
