18 18
11 -0.277359 -0.475549 0.205399 -0.280658 -0.106380 0.015552 0.210565 -0.041358 0.281732 0.099510 0.048064 0.447250 -0.170464 -0.053561 0.432987 -0.350870 -0.347856 -0.452561
9 -0.233678 -0.405463 0.113706 -0.172047 -0.203455 0.131010 0.318936 0.048583 0.420473 0.121014 0.079203 0.538062 -0.203722 -0.065888 0.433108 -0.297734 -0.307374 -0.449317
7 -0.195034 -0.381317 0.114565 -0.130673 -0.253998 0.188194 0.354577 0.083502 0.458461 0.120927 0.068708 0.544576 -0.218570 -0.051092 0.488004 -0.279660 -0.287584 -0.500425
12 -0.291875 -0.513523 0.203373 -0.350504 -0.116748 0.001081 0.188593 -0.130681 0.222844 0.138977 0.085442 0.458840 -0.153220 -0.064223 0.417889 -0.310293 -0.387531 -0.433074
1 -0.294839 -0.512329 0.239879 -0.366180 -0.067647 -0.047050 0.177412 -0.093894 0.220743 0.110626 0.040149 0.385916 -0.112717 -0.105832 0.386330 -0.366448 -0.341919 -0.447754
4 -0.263442 -0.426015 0.185199 -0.227159 -0.160169 0.064742 0.264186 0.023719 0.347616 0.112661 0.102829 0.514810 -0.172587 -0.070682 0.451575 -0.344467 -0.332856 -0.515251
13 -0.253249 -0.473565 0.214749 -0.351695 -0.109347 0.000713 0.207989 -0.116108 0.230843 0.135575 0.051493 0.402032 -0.124890 -0.113792 0.414765 -0.343268 -0.379729 -0.448741
0 -0.280691 -0.499244 0.201955 -0.347693 -0.129981 0.032567 0.208455 -0.087362 0.243960 0.112219 0.088773 0.441384 -0.145269 -0.090484 0.448590 -0.366274 -0.341889 -0.461398
15 -0.267486 -0.440172 0.190904 -0.272035 -0.135557 0.087934 0.253792 -0.058807 0.283403 0.105418 0.072077 0.436055 -0.157691 -0.055690 0.423198 -0.319241 -0.340951 -0.452272
6 -0.236154 -0.421553 0.168514 -0.185515 -0.178592 0.121694 0.304670 0.030082 0.346970 0.118252 0.083121 0.485435 -0.193500 -0.075419 0.460807 -0.309540 -0.328025 -0.495045
17 -0.219218 -0.397594 0.146582 -0.165402 -0.201640 0.082861 0.295618 0.032281 0.368331 0.134793 0.076750 0.495012 -0.167643 -0.033176 0.402693 -0.266777 -0.295578 -0.465136
5 -0.252789 -0.504028 0.174479 -0.347743 -0.055448 -0.027833 0.199353 -0.137679 0.217532 0.086949 0.077307 0.406091 -0.141819 -0.085642 0.401560 -0.368032 -0.361599 -0.430930
3 -0.282601 -0.442899 0.215681 -0.275538 -0.116563 0.033852 0.255517 -0.049179 0.243990 0.097878 0.078251 0.421992 -0.182192 -0.105832 0.399241 -0.361670 -0.308367 -0.474524
2 -0.252426 -0.474941 0.197771 -0.308574 -0.129366 0.034043 0.249492 -0.036183 0.246573 0.104301 0.065371 0.463629 -0.144679 -0.111779 0.420496 -0.382007 -0.352072 -0.450812
16 -0.238776 -0.402286 0.178550 -0.227567 -0.169537 0.084070 0.278969 -0.018961 0.306915 0.125304 0.047625 0.467403 -0.183710 -0.034177 0.449873 -0.326266 -0.340662 -0.483341
10 -0.258443 -0.467147 0.174114 -0.242566 -0.165227 0.110072 0.307023 -0.021896 0.373105 0.115776 0.088429 0.523774 -0.209563 -0.034469 0.452835 -0.310948 -0.338226 -0.481341
8 -0.229597 -0.430348 0.170341 -0.169253 -0.222339 0.126693 0.318273 0.035340 0.373377 0.149860 0.064161 0.500238 -0.214669 -0.032602 0.461904 -0.308097 -0.283081 -0.473732
14 -0.275577 -0.505305 0.217657 -0.332619 -0.104863 0.048644 0.212495 -0.099121 0.256352 0.140031 0.021610 0.464964 -0.171566 -0.057965 0.427182 -0.310668 -0.339937 -0.443026
