18 18
11 -0.234225 -0.288692 0.054582 -0.070012 -0.098262 -0.116084 0.239965 0.325753 0.468864 -0.091957 0.214377 0.504287 -0.056965 -0.184323 0.342254 -0.549996 -0.350584 -0.484753
2 -0.199334 -0.361218 0.014580 -0.192379 -0.185771 -0.039687 0.252487 0.255465 0.398513 -0.026567 0.230239 0.556033 -0.019991 -0.244433 0.323000 -0.521213 -0.371657 -0.345369
0 -0.217105 -0.389149 0.012425 -0.249728 -0.223867 0.010956 0.217299 0.196534 0.388788 -0.000297 0.261482 0.521522 -0.022860 -0.251929 0.334570 -0.477592 -0.311254 -0.298797
16 -0.179392 -0.271758 0.009971 -0.104996 -0.150066 -0.060338 0.291737 0.247334 0.430872 -0.042033 0.198664 0.516715 -0.060574 -0.188163 0.337557 -0.505840 -0.371611 -0.445240
9 -0.212272 -0.395438 -0.037306 -0.240107 -0.222608 0.015201 0.231946 0.206378 0.436366 0.006410 0.251981 0.568178 -0.030969 -0.274446 0.302646 -0.453483 -0.339518 -0.242286
1 -0.234440 -0.375895 0.054686 -0.205384 -0.167729 -0.063365 0.236345 0.245206 0.424106 -0.010741 0.209799 0.509411 -0.013935 -0.245320 0.307439 -0.505510 -0.333972 -0.367447
15 -0.232350 -0.397750 0.019661 -0.247364 -0.196858 0.027862 0.239333 0.174433 0.402273 -0.007514 0.246450 0.522188 -0.027193 -0.237622 0.319013 -0.464858 -0.349584 -0.289315
13 -0.181402 -0.365516 0.019650 -0.253519 -0.206078 -0.006688 0.229181 0.159932 0.375304 0.025526 0.219429 0.491018 -0.012961 -0.266996 0.313814 -0.456634 -0.355016 -0.287841
12 -0.226097 -0.412805 0.000262 -0.245135 -0.228972 -0.012029 0.227656 0.175392 0.381686 0.024421 0.271032 0.580082 -0.037677 -0.232770 0.324148 -0.453325 -0.377420 -0.285596
7 -0.164142 -0.373457 -0.029131 -0.222523 -0.225560 0.024031 0.243275 0.198027 0.424731 0.000644 0.215583 0.525117 -0.023429 -0.266666 0.326173 -0.440081 -0.324964 -0.278424
8 -0.206852 -0.448213 0.007893 -0.269840 -0.259388 0.037050 0.237273 0.181826 0.382363 0.046628 0.233133 0.553502 -0.038229 -0.265791 0.332424 -0.467121 -0.324519 -0.225280
5 -0.150882 -0.295118 -0.022884 -0.126015 -0.122765 -0.040693 0.245836 0.177438 0.382384 -0.042186 0.209539 0.460424 -0.053450 -0.176338 0.288038 -0.432379 -0.307513 -0.340687
4 -0.191192 -0.262345 0.026125 -0.111337 -0.119607 -0.088109 0.222426 0.272653 0.409683 -0.055842 0.236610 0.490842 -0.020520 -0.214883 0.297615 -0.491373 -0.327799 -0.418682
6 -0.175523 -0.273418 0.037990 -0.056808 -0.121627 -0.085605 0.284871 0.297044 0.421291 -0.052722 0.216499 0.490541 -0.055464 -0.210098 0.337660 -0.515432 -0.357990 -0.483508
3 -0.222777 -0.307264 0.048059 -0.126837 -0.150336 -0.077070 0.295580 0.271520 0.416881 -0.050280 0.246989 0.521218 -0.070945 -0.259635 0.332398 -0.555930 -0.352466 -0.470843
10 -0.189426 -0.388250 -0.016528 -0.228653 -0.206259 0.034613 0.246010 0.181876 0.406033 -0.005065 0.249481 0.544595 -0.042610 -0.221939 0.295265 -0.421231 -0.321578 -0.246271
17 -0.185801 -0.311152 0.013149 -0.103030 -0.185548 -0.074727 0.294313 0.274101 0.461109 -0.016517 0.233383 0.553004 -0.033849 -0.203150 0.313394 -0.483337 -0.352489 -0.443840
14 -0.011733 -0.016220 0.026785 -0.021827 0.014521 0.009558 -0.015588 -0.009492 -0.015071 0.014490 -0.026914 0.011819 -0.010079 -0.001944 0.000728 0.009641 0.015475 -0.000266
