18 18
13 -0.412817 -0.510088 0.436845 -0.395091 0.089060 -0.006113 0.140345 -0.020788 0.280630 0.120863 0.143969 0.387130 -0.031429 -0.222951 0.094584 -0.206094 -0.171792 -0.410048
0 -0.444239 -0.531329 0.431423 -0.382865 0.074842 0.014555 0.139175 -0.008714 0.272385 0.096855 0.190572 0.411118 -0.053648 -0.182778 0.114940 -0.222942 -0.116010 -0.434590
15 -0.441312 -0.509264 0.430506 -0.370475 0.102252 0.022691 0.145532 -0.017097 0.268895 0.084803 0.174264 0.395951 -0.043734 -0.182086 0.091103 -0.208365 -0.154874 -0.415600
17 -0.468215 -0.538386 0.442997 -0.311354 0.087255 -0.029926 0.166839 0.027384 0.321006 0.109990 0.186967 0.458128 -0.073315 -0.136074 0.071288 -0.181282 -0.114631 -0.489260
4 -0.431507 -0.481614 0.423395 -0.351983 0.115585 -0.027281 0.104609 0.036787 0.289770 0.080260 0.188745 0.417258 -0.028475 -0.206574 0.083537 -0.218516 -0.143438 -0.429504
9 -0.472100 -0.533881 0.432684 -0.377945 0.106919 -0.005928 0.135119 0.023865 0.316821 0.097334 0.181754 0.458604 -0.060557 -0.215515 0.087342 -0.220065 -0.154525 -0.431495
12 -0.471580 -0.540336 0.433121 -0.390918 0.090461 -0.004204 0.122249 -0.031467 0.268445 0.113531 0.203301 0.453184 -0.062913 -0.176860 0.093757 -0.188771 -0.176411 -0.418461
1 -0.490305 -0.560566 0.464389 -0.373964 0.124413 -0.028004 0.138215 0.022046 0.305832 0.087239 0.156321 0.406881 -0.057765 -0.183522 0.073733 -0.226032 -0.096916 -0.445534
14 -0.464192 -0.534050 0.446106 -0.357279 0.122496 0.010357 0.131364 -0.013573 0.262927 0.098065 0.143275 0.419440 -0.092602 -0.153106 0.082496 -0.184224 -0.092663 -0.428697
11 -0.482454 -0.539392 0.448984 -0.352641 0.130951 -0.018887 0.110048 0.031168 0.297379 0.058215 0.164848 0.404200 -0.079684 -0.175826 0.116611 -0.243043 -0.137257 -0.431456
6 -0.454995 -0.543240 0.451287 -0.337996 0.110851 0.000202 0.150993 0.031134 0.283720 0.093127 0.188482 0.421700 -0.072857 -0.198221 0.106979 -0.217998 -0.137988 -0.457291
5 -0.455251 -0.551823 0.401447 -0.342735 0.131318 -0.018882 0.174044 -0.024011 0.313429 0.070210 0.190392 0.437716 -0.097568 -0.152808 0.098998 -0.224826 -0.138010 -0.463567
10 -0.459469 -0.541068 0.433957 -0.365827 0.119129 0.028811 0.160747 0.003230 0.314551 0.076766 0.196425 0.453554 -0.083194 -0.168715 0.083270 -0.193439 -0.129421 -0.429913
3 -0.482018 -0.517383 0.458193 -0.337276 0.122406 -0.007022 0.161672 0.008004 0.254972 0.073078 0.180060 0.385062 -0.101621 -0.199888 0.070772 -0.232051 -0.084142 -0.456881
2 -0.414782 -0.523327 0.422336 -0.373566 0.088560 -0.003099 0.146837 0.020967 0.259871 0.097023 0.161006 0.435919 -0.036694 -0.206166 0.085721 -0.226468 -0.158547 -0.403394
8 -0.417203 -0.521129 0.431313 -0.342156 0.075888 0.006130 0.149380 0.010903 0.270767 0.115813 0.146271 0.397803 -0.067950 -0.181086 0.104605 -0.214880 -0.115234 -0.409900
16 -0.482527 -0.546596 0.458520 -0.361732 0.102801 -0.003276 0.176090 -0.010804 0.299192 0.102406 0.168170 0.457806 -0.092226 -0.143118 0.112374 -0.223844 -0.155117 -0.494086
7 0.025536 0.002637 -0.024458 -0.006487 -0.021911 0.018456 0.005430 0.006920 0.025711 -0.005710 -0.012468 0.004183 0.006040 -0.027377 0.019628 0.004891 0.006248 -0.002409
