18 18
6 -0.299125 -0.594954 0.108478 -0.196040 -0.076410 0.078879 0.218873 -0.022943 0.266573 -0.035111 0.363543 0.463521 -0.197684 -0.014460 0.378072 -0.301866 -0.146184 -0.430834
5 -0.384028 -0.676179 0.127379 -0.269308 -0.039918 0.054037 0.221243 -0.144001 0.264426 -0.041347 0.371782 0.474671 -0.237730 0.063555 0.371680 -0.343144 -0.140845 -0.421459
10 -0.276791 -0.562478 0.081563 -0.207743 -0.053344 0.090521 0.212030 -0.041503 0.295607 -0.068264 0.345920 0.475166 -0.197723 0.021165 0.331695 -0.269514 -0.125095 -0.372731
0 -0.404586 -0.617086 0.162768 -0.287299 -0.069783 0.074663 0.145094 -0.134648 0.180498 -0.012372 0.338624 0.389041 -0.201321 0.052761 0.321295 -0.292986 -0.076568 -0.330180
14 -0.406983 -0.636754 0.187741 -0.275795 -0.039970 0.065554 0.153715 -0.114065 0.194676 -0.000314 0.300308 0.428581 -0.214677 0.046676 0.314105 -0.281618 -0.091276 -0.354367
15 -0.425945 -0.626346 0.189196 -0.270952 -0.041311 0.082980 0.178816 -0.156791 0.189515 -0.023481 0.336332 0.382901 -0.213685 0.082554 0.314450 -0.290534 -0.116628 -0.352321
8 -0.349881 -0.625476 0.153322 -0.242074 -0.077506 0.070784 0.198000 -0.080550 0.228802 -0.006977 0.321396 0.437660 -0.217953 0.019569 0.357975 -0.318481 -0.111274 -0.377661
12 -0.425971 -0.656600 0.168565 -0.287765 -0.070113 0.054274 0.163259 -0.141152 0.196405 -0.003342 0.366965 0.453692 -0.219307 0.055860 0.332266 -0.289185 -0.135377 -0.364061
9 -0.378789 -0.622818 0.122499 -0.261302 -0.058306 0.061973 0.188170 -0.080381 0.271110 -0.032966 0.349539 0.480416 -0.203337 0.013078 0.339556 -0.316130 -0.142076 -0.379230
4 -0.311543 -0.605155 0.111436 -0.238204 -0.073359 0.063680 0.205489 -0.010890 0.313501 -0.060979 0.394468 0.535744 -0.176409 -0.019856 0.396650 -0.340353 -0.158250 -0.474807
7 -0.286548 -0.585905 0.093182 -0.253744 -0.099125 0.096664 0.206232 -0.048143 0.293533 -0.049484 0.331557 0.481548 -0.179083 -0.031704 0.378050 -0.298537 -0.134879 -0.406049
17 -0.361633 -0.596474 0.149391 -0.226976 -0.082293 0.044043 0.189898 -0.091344 0.242469 0.000853 0.333716 0.437618 -0.181246 0.066467 0.301095 -0.258481 -0.115048 -0.382144
13 -0.275433 -0.580056 0.108590 -0.245855 -0.082544 0.070934 0.215605 -0.055449 0.292659 -0.027943 0.331373 0.467169 -0.172903 -0.029318 0.370060 -0.302489 -0.165918 -0.421666
16 -0.307023 -0.590832 0.113467 -0.233946 -0.086780 0.079036 0.233048 -0.052067 0.287682 -0.042889 0.339169 0.498667 -0.204656 0.017216 0.400374 -0.329595 -0.174659 -0.453219
2 -0.297705 -0.619770 0.108026 -0.254053 -0.087074 0.082597 0.230289 -0.034809 0.271968 -0.052069 0.356410 0.522407 -0.181652 -0.016912 0.377494 -0.338983 -0.168586 -0.419798
11 -0.437815 -0.688876 0.172174 -0.252691 -0.042268 0.061453 0.177838 -0.097904 0.239293 -0.051030 0.366416 0.445543 -0.257111 0.070917 0.381581 -0.345241 -0.123526 -0.395059
3 -0.385960 -0.589883 0.164929 -0.228068 -0.040627 0.057516 0.193213 -0.095001 0.188258 -0.038215 0.335374 0.388654 -0.235820 0.013522 0.305755 -0.309094 -0.084963 -0.374597
1 -0.382529 -0.639755 0.163437 -0.268344 -0.051318 0.039899 0.185393 -0.063653 0.263197 -0.029182 0.331535 0.447685 -0.187169 0.010348 0.332182 -0.321600 -0.113621 -0.401052
