18 18
10 -0.227442 -0.494265 0.182602 -0.078390 0.004735 0.189799 0.302749 0.181783 0.581272 -0.082823 0.114405 0.435971 -0.154690 0.104790 0.119128 -0.054654 0.083157 -0.262594
11 -0.303930 -0.573135 0.236290 -0.070119 0.016895 0.155816 0.286786 0.222627 0.611815 -0.101220 0.119107 0.452894 -0.180973 0.117841 0.165277 -0.115262 0.064912 -0.307800
1 -0.255020 -0.547614 0.255857 -0.099393 -0.014490 0.155258 0.313119 0.234564 0.595429 -0.037522 0.057890 0.420663 -0.124142 0.063246 0.112539 -0.086972 0.128988 -0.302191
9 -0.262906 -0.533001 0.198697 -0.088759 -0.008293 0.167582 0.306021 0.215079 0.613092 -0.068369 0.110065 0.462279 -0.149820 0.063111 0.135509 -0.097049 0.068391 -0.292063
2 -0.231803 -0.580597 0.261622 -0.106874 -0.041785 0.178801 0.330647 0.238472 0.547108 -0.030188 0.058714 0.452343 -0.128149 0.051179 0.146461 -0.119074 0.094318 -0.298639
3 -0.330748 -0.604800 0.281838 -0.082225 0.011307 0.177927 0.353777 0.227202 0.629196 -0.094148 0.141658 0.467450 -0.207701 0.070740 0.150326 -0.133224 0.111113 -0.372191
7 -0.231346 -0.611310 0.243046 -0.116919 -0.056740 0.219246 0.365749 0.242470 0.675938 -0.044907 0.069633 0.491166 -0.149403 0.037362 0.188723 -0.098105 0.126177 -0.362909
13 -0.231618 -0.571525 0.268236 -0.119208 -0.041689 0.175394 0.343182 0.205977 0.597922 -0.016615 0.061774 0.425546 -0.130344 0.038934 0.157554 -0.103691 0.084241 -0.329253
6 -0.232452 -0.587939 0.268018 -0.081932 -0.033825 0.193209 0.338387 0.241452 0.571585 -0.027237 0.069129 0.434604 -0.145624 0.041992 0.171902 -0.101855 0.105347 -0.338318
5 -0.249420 -0.576338 0.196684 -0.088240 0.009055 0.164235 0.335654 0.184180 0.624589 -0.087169 0.123601 0.464703 -0.175797 0.080444 0.173630 -0.124131 0.073022 -0.345528
15 -0.268659 -0.544917 0.244374 -0.105013 -0.008435 0.189168 0.314175 0.181585 0.565227 -0.059603 0.098560 0.427922 -0.139670 0.083964 0.144354 -0.097318 0.066691 -0.312557
4 -0.265987 -0.531895 0.229700 -0.077290 0.008891 0.154975 0.293633 0.231267 0.602454 -0.086211 0.132636 0.456344 -0.139962 0.079198 0.142136 -0.107501 0.079690 -0.329674
8 -0.249494 -0.626208 0.288937 -0.088816 -0.059286 0.205592 0.358895 0.251937 0.614239 -0.006110 0.057217 0.460520 -0.164296 0.069863 0.164448 -0.100533 0.152317 -0.316209
17 -0.274027 -0.621337 0.274404 -0.071557 -0.056306 0.172202 0.368391 0.258712 0.664373 -0.024228 0.101994 0.499963 -0.147677 0.098250 0.138456 -0.078555 0.114379 -0.354889
0 -0.260449 -0.593402 0.255420 -0.122105 -0.049183 0.196009 0.322260 0.214516 0.593703 -0.039762 0.101721 0.446977 -0.142807 0.073034 0.171864 -0.108184 0.122462 -0.322127
14 -0.252716 -0.566424 0.271801 -0.113167 -0.013525 0.186715 0.303597 0.210872 0.564808 -0.024101 0.046702 0.457081 -0.152878 0.070837 0.150602 -0.086007 0.114881 -0.318673
12 -0.271946 -0.544090 0.214935 -0.106326 -0.021633 0.150099 0.273933 0.164247 0.544340 -0.048397 0.131394 0.447294 -0.153483 0.092630 0.146309 -0.076893 0.050979 -0.285564
16 -0.236020 -0.528835 0.236657 -0.091544 -0.035404 0.173929 0.328684 0.200709 0.565010 -0.035136 0.060968 0.436203 -0.150517 0.089763 0.162582 -0.104522 0.072613 -0.319255
