18 18
4 -0.103479 -0.485308 -0.017187 -0.089266 -0.264989 -0.068513 -0.005690 0.280105 0.581881 0.041009 0.228436 0.407763 -0.038794 -0.233990 0.553266 -0.341846 -0.075157 -0.396721
7 -0.083284 -0.488073 -0.025797 -0.101558 -0.301847 -0.028905 0.023375 0.261980 0.586240 0.054300 0.187404 0.394759 -0.039272 -0.240364 0.557431 -0.317196 -0.069157 -0.379860
9 -0.120718 -0.499497 -0.028083 -0.100311 -0.290452 -0.047211 0.010085 0.285910 0.603527 0.060421 0.209785 0.427182 -0.044394 -0.253761 0.545073 -0.335539 -0.092863 -0.361244
8 -0.101086 -0.515208 0.012372 -0.085234 -0.297149 -0.037157 0.030407 0.263205 0.552609 0.080349 0.179307 0.385585 -0.070700 -0.211386 0.564040 -0.344416 -0.052623 -0.370023
11 -0.131410 -0.502602 0.016285 -0.083391 -0.256273 -0.056030 -0.000065 0.269575 0.555176 0.037593 0.181042 0.379022 -0.067987 -0.182841 0.554642 -0.344705 -0.076887 -0.370560
1 -0.140126 -0.501562 0.029009 -0.109943 -0.243026 -0.064201 0.010327 0.255566 0.537336 0.053804 0.171877 0.359043 -0.043998 -0.207936 0.506844 -0.333412 -0.060786 -0.360813
6 -0.091297 -0.479280 0.007456 -0.064947 -0.263846 -0.030957 0.029491 0.254159 0.514076 0.063687 0.192254 0.356411 -0.064199 -0.214112 0.537291 -0.311026 -0.074061 -0.369185
17 -0.095199 -0.463448 0.004886 -0.068421 -0.298326 -0.059326 0.032686 0.262861 0.549945 0.087494 0.192084 0.388926 -0.027003 -0.196294 0.491703 -0.281041 -0.059423 -0.376320
0 -0.121110 -0.508162 0.007209 -0.121262 -0.293068 -0.022946 0.009353 0.243574 0.538144 0.060641 0.214004 0.381142 -0.050266 -0.211953 0.561430 -0.337651 -0.058922 -0.370298
12 -0.139430 -0.541208 -0.003483 -0.120571 -0.294988 -0.060170 -0.001540 0.231714 0.558401 0.073080 0.232902 0.428971 -0.067811 -0.205071 0.571669 -0.327308 -0.103834 -0.379895
15 -0.156155 -0.531344 0.027353 -0.123666 -0.268139 -0.021463 0.026300 0.243276 0.575916 0.043920 0.220049 0.399782 -0.051072 -0.211666 0.575032 -0.355446 -0.111963 -0.406017
5 -0.087182 -0.485126 -0.030928 -0.086196 -0.232641 -0.047921 0.050372 0.207123 0.546213 0.033883 0.204324 0.374368 -0.071897 -0.195676 0.527654 -0.333856 -0.085923 -0.377625
16 -0.103782 -0.480433 0.002047 -0.090071 -0.285571 -0.047790 0.038727 0.250325 0.562333 0.062553 0.181291 0.398312 -0.062500 -0.194563 0.569343 -0.344844 -0.100320 -0.410636
13 -0.085784 -0.507631 0.002271 -0.113422 -0.290439 -0.054688 0.029778 0.241881 0.582715 0.077949 0.191107 0.381471 -0.045120 -0.245126 0.571246 -0.343407 -0.096519 -0.398517
10 0.005737 -0.002757 -0.014246 0.006132 0.011972 0.026533 0.015869 -0.001352 0.023172 -0.019827 0.015226 0.016952 -0.017475 0.021206 -0.010712 0.022008 0.009309 0.018390
14 -0.011733 -0.016220 0.026785 -0.021827 0.014521 0.009558 -0.015588 -0.009492 -0.015071 0.014490 -0.026914 0.011819 -0.010079 -0.001944 0.000728 0.009641 0.015475 -0.000266
3 -0.024675 0.005665 0.025365 0.004601 0.007865 -0.001883 0.014761 -0.000233 -0.026227 -0.010111 0.011993 -0.020661 -0.026950 -0.026588 -0.012274 -0.019090 0.026092 -0.020014
2 0.021368 -0.003688 -0.004957 -0.007525 -0.007603 0.001755 0.011077 0.016235 -0.024745 -0.003279 -0.008624 0.014563 0.014594 -0.017313 -0.004715 -0.020484 -0.014205 0.014938
