18 18
13 -0.235677 -0.182562 0.191598 -0.093350 0.148982 0.006231 0.141704 0.064364 0.379734 -0.224642 0.329313 0.342105 -0.061667 -0.064995 0.390678 -0.391246 -0.298638 -0.703124
6 -0.226024 -0.177555 0.168833 -0.036894 0.160316 0.015804 0.139865 0.084811 0.343093 -0.231365 0.350645 0.328142 -0.080810 -0.046080 0.376528 -0.364444 -0.278719 -0.673434
15 -0.264408 -0.188758 0.180941 -0.088061 0.142621 0.041916 0.144184 0.037923 0.347993 -0.224448 0.332683 0.332873 -0.066187 -0.014221 0.358983 -0.352050 -0.281602 -0.644773
4 -0.268785 -0.153340 0.197140 -0.059552 0.218908 -0.019098 0.089132 0.124487 0.358453 -0.290486 0.372874 0.364966 -0.053357 -0.068468 0.354555 -0.409556 -0.227592 -0.725638
2 -0.238540 -0.178355 0.184083 -0.079110 0.166998 0.004361 0.112129 0.118529 0.318541 -0.258488 0.313453 0.364292 -0.055670 -0.079900 0.346696 -0.397041 -0.242548 -0.660916
5 -0.250209 -0.202237 0.148389 -0.070579 0.188541 -0.001764 0.143653 0.054420 0.376022 -0.262956 0.355221 0.369412 -0.093029 -0.029299 0.368231 -0.394897 -0.264874 -0.680040
7 -0.249373 -0.169971 0.174704 -0.072032 0.172536 0.009756 0.104776 0.124429 0.380614 -0.279273 0.322172 0.365277 -0.066821 -0.090172 0.379653 -0.397298 -0.217569 -0.700445
9 -0.291172 -0.199278 0.165539 -0.089297 0.142565 0.020432 0.144246 0.093422 0.425235 -0.243034 0.381246 0.415230 -0.068681 -0.068163 0.386941 -0.392672 -0.325073 -0.702939
11 -0.277261 -0.182380 0.207785 -0.051555 0.215525 -0.025193 0.061874 0.148945 0.347445 -0.296475 0.313963 0.340463 -0.082189 -0.059990 0.369773 -0.417968 -0.203642 -0.678516
8 -0.242177 -0.202928 0.189016 -0.062940 0.133547 0.027214 0.150827 0.067907 0.356629 -0.209047 0.321989 0.340195 -0.098105 -0.021081 0.396871 -0.387758 -0.263203 -0.660957
16 -0.245107 -0.162319 0.176549 -0.064108 0.142549 0.016018 0.149631 0.058097 0.345486 -0.224654 0.305948 0.339773 -0.095877 -0.003659 0.383809 -0.378636 -0.287641 -0.671186
12 -0.288884 -0.207214 0.186329 -0.093291 0.136163 0.007243 0.119592 0.055455 0.365214 -0.222438 0.380278 0.394582 -0.076028 -0.028238 0.387058 -0.362182 -0.308197 -0.694292
17 -0.271003 -0.198966 0.192022 -0.056609 0.135006 -0.007880 0.144549 0.108685 0.409338 -0.230990 0.363731 0.409744 -0.056054 -0.034878 0.372138 -0.370328 -0.270180 -0.740553
3 -0.296002 -0.167395 0.227426 -0.064089 0.211525 -0.015748 0.102808 0.129862 0.327783 -0.294707 0.343940 0.340804 -0.092274 -0.106330 0.341923 -0.425271 -0.180270 -0.723015
14 -0.271147 -0.195869 0.217525 -0.088149 0.199924 0.009476 0.101557 0.088944 0.336970 -0.249595 0.303303 0.367605 -0.087109 -0.055836 0.359859 -0.383347 -0.213659 -0.690218
10 -0.255755 -0.190603 0.172956 -0.066642 0.169499 0.037634 0.148721 0.080851 0.397314 -0.262777 0.365819 0.380232 -0.092203 -0.022024 0.375595 -0.365928 -0.269458 -0.680330
1 -0.283616 -0.210666 0.215925 -0.091131 0.179911 -0.018435 0.123665 0.104565 0.388338 -0.249100 0.324649 0.350743 -0.059610 -0.054967 0.365722 -0.408461 -0.247485 -0.708757
0 -0.005399 -0.014495 0.001279 -0.026652 -0.021820 0.016369 -0.010898 -0.008016 -0.006711 0.000758 0.022893 0.001004 0.004839 -0.000095 0.023655 -0.011355 0.019530 -0.003746
