18 18
3 -0.332713 -0.564782 0.297341 -0.403601 -0.218015 0.053004 0.064079 0.017050 0.142181 0.049512 0.285875 0.439937 -0.132280 -0.063756 0.382491 -0.348796 0.075239 -0.387866
14 -0.344893 -0.578773 0.330914 -0.460428 -0.205778 0.052106 -0.013251 0.004605 0.165336 0.090754 0.183393 0.461388 -0.078389 0.008986 0.333742 -0.246334 0.029768 -0.302405
11 -0.352579 -0.561228 0.314910 -0.416217 -0.223900 0.030117 -0.013783 0.038387 0.193383 0.064382 0.203872 0.454241 -0.077798 0.043025 0.350703 -0.257067 -0.007461 -0.312727
10 -0.340520 -0.591822 0.309119 -0.459418 -0.226954 0.078152 0.025727 0.009795 0.204443 0.064742 0.245537 0.492031 -0.094258 0.025249 0.349326 -0.255003 0.033916 -0.323528
0 -0.343570 -0.573924 0.316969 -0.467291 -0.250296 0.068558 -0.004195 0.003082 0.164351 0.084994 0.245883 0.451437 -0.069992 0.003333 0.367148 -0.274782 0.050195 -0.330682
13 -0.326962 -0.577159 0.330095 -0.483693 -0.250405 0.050229 0.020613 -0.009686 0.188793 0.102716 0.209113 0.448961 -0.056659 -0.017730 0.354032 -0.263875 -0.002334 -0.340364
2 -0.287254 -0.551342 0.279585 -0.438246 -0.239298 0.050201 0.022384 0.028538 0.150973 0.075262 0.207707 0.468156 -0.049713 -0.010876 0.324676 -0.267419 0.004104 -0.290299
5 -0.320518 -0.607484 0.254990 -0.419539 -0.199149 0.037529 0.076041 -0.018293 0.199714 0.044094 0.299052 0.495605 -0.126379 -0.007017 0.391229 -0.343805 0.016905 -0.386448
16 -0.335805 -0.529723 0.314273 -0.429926 -0.244568 0.038232 0.007734 0.005439 0.175672 0.098018 0.171057 0.453740 -0.064864 0.050694 0.337563 -0.229928 -0.027704 -0.323063
4 -0.345752 -0.573323 0.303164 -0.424586 -0.218519 0.033628 0.016131 0.042238 0.182894 0.051351 0.301978 0.495194 -0.090344 -0.019713 0.384180 -0.330450 0.044487 -0.391239
1 -0.350589 -0.580008 0.327305 -0.447690 -0.218307 0.021053 0.010772 0.036948 0.186584 0.081821 0.197698 0.438862 -0.057971 -0.012963 0.329885 -0.279011 0.035910 -0.329206
8 -0.319536 -0.583229 0.297876 -0.400324 -0.219242 0.056877 0.051690 -0.002681 0.158366 0.085934 0.236718 0.432687 -0.115700 -0.004497 0.373335 -0.306974 0.038235 -0.331521
12 -0.347166 -0.552998 0.304724 -0.441587 -0.238976 0.031093 -0.014290 -0.012387 0.156132 0.104453 0.219391 0.463793 -0.065488 0.033297 0.316145 -0.209885 -0.016384 -0.292502
7 -0.305203 -0.563377 0.279075 -0.451880 -0.264511 0.070303 0.017313 0.017359 0.201368 0.076323 0.213839 0.458254 -0.060780 -0.022802 0.367337 -0.253245 0.022669 -0.325113
6 -0.328857 -0.578053 0.309250 -0.402047 -0.221183 0.063434 0.033742 0.036117 0.162822 0.068680 0.259540 0.448374 -0.103688 -0.022005 0.382271 -0.292263 0.036386 -0.361960
17 -0.342712 -0.572290 0.318904 -0.427199 -0.275742 0.026613 0.030771 0.025935 0.217415 0.114258 0.223850 0.504393 -0.054993 0.044416 0.323846 -0.223453 -0.000054 -0.355085
9 -0.332768 -0.546497 0.276415 -0.440049 -0.225827 0.048041 0.012006 0.029187 0.198130 0.071064 0.223692 0.466688 -0.070780 -0.030874 0.336465 -0.277401 0.011602 -0.306543
15 -0.354603 -0.561007 0.320156 -0.444936 -0.217429 0.070019 0.031036 -0.019747 0.171017 0.070969 0.229655 0.437666 -0.073379 0.019996 0.343510 -0.266461 -0.005135 -0.336696
