18 18
0 -0.748374 -0.702393 0.520084 -0.260528 0.129470 0.373997 -0.045241 -0.151492 0.151206 0.045552 0.245508 0.460389 -0.492345 0.390982 0.604011 -0.175296 -0.219856 -0.366978
16 -0.640180 -0.602959 0.458214 -0.188017 0.130246 0.307324 -0.003064 -0.126455 0.131223 0.048297 0.171116 0.415499 -0.463919 0.355930 0.544571 -0.170724 -0.242904 -0.351224
14 -0.659526 -0.678691 0.489944 -0.220826 0.133565 0.356208 -0.025714 -0.120201 0.138780 0.071963 0.178641 0.466781 -0.483141 0.331391 0.552466 -0.127791 -0.193478 -0.336405
15 -0.717784 -0.655843 0.494705 -0.252226 0.159529 0.369972 -0.023912 -0.151912 0.152450 0.008001 0.212393 0.429170 -0.452689 0.363112 0.552537 -0.173972 -0.255131 -0.341034
5 -0.592150 -0.626320 0.395347 -0.181592 0.127174 0.298851 0.021787 -0.129080 0.165260 0.035486 0.206345 0.437775 -0.453969 0.315139 0.529400 -0.165580 -0.224208 -0.343671
2 0.680484 -0.915073 -0.603141 -0.842609 -0.725000 1.287959 0.460178 0.572759 0.601223 -0.442754 -0.276297 1.185100 0.004098 -1.200316 1.352613 -0.737520 -0.370502 -0.002200
7 0.693328 -0.863753 -0.639133 -0.813756 -0.731490 1.262686 0.435029 0.559107 0.654414 -0.445600 -0.275900 1.125794 0.012962 -1.203198 1.336970 -0.689864 -0.324562 -0.008935
6 -0.583489 -0.641770 0.423220 -0.161367 0.104544 0.347284 0.023448 -0.078146 0.155818 0.047847 0.198325 0.437627 -0.461240 0.283884 0.563442 -0.150200 -0.220011 -0.344563
12 -0.636083 -0.655210 0.432772 -0.201641 0.098147 0.318773 -0.013769 -0.127405 0.133341 0.062828 0.220772 0.454593 -0.462489 0.323099 0.546707 -0.141227 -0.242517 -0.317610
10 -0.648764 -0.652160 0.451742 -0.181561 0.140454 0.349829 0.005171 -0.124402 0.165118 0.038665 0.222910 0.449047 -0.489996 0.368848 0.530760 -0.123569 -0.207252 -0.320906
9 -0.615746 -0.611902 0.401757 -0.207672 0.110396 0.329360 -0.013594 -0.092697 0.172638 0.033561 0.194240 0.445338 -0.428903 0.280628 0.513820 -0.151638 -0.223587 -0.290080
8 -0.589171 -0.661562 0.448436 -0.170826 0.076613 0.333225 0.029039 -0.097483 0.147276 0.089818 0.177998 0.436609 -0.470731 0.309272 0.563055 -0.161508 -0.184418 -0.341832
11 -0.797098 -0.698974 0.545972 -0.199182 0.203274 0.316537 -0.068860 -0.135634 0.160213 0.021750 0.237228 0.438990 -0.526881 0.439821 0.580986 -0.177425 -0.255927 -0.365643
17 -0.517563 -0.602420 0.377559 -0.174895 0.036858 0.322607 0.038329 -0.064582 0.178777 0.066269 0.175803 0.456660 -0.391244 0.264324 0.505006 -0.116913 -0.181618 -0.324723
13 0.019096 0.002747 0.009678 -0.019404 -0.008210 -0.004883 0.008138 -0.018294 0.006568 0.019257 -0.015253 -0.018294 0.012156 -0.023377 0.007956 -0.002520 -0.021393 -0.009389
1 -0.027660 -0.027217 0.026180 -0.019122 0.012075 -0.026796 -0.004699 0.019366 0.022084 0.001540 -0.016522 -0.005216 0.015504 -0.011155 -0.013895 -0.016653 0.015775 -0.011908
3 -0.024675 0.005665 0.025365 0.004601 0.007865 -0.001883 0.014761 -0.000233 -0.026227 -0.010111 0.011993 -0.020661 -0.026950 -0.026588 -0.012274 -0.019090 0.026092 -0.020014
4 -0.000863 0.026536 0.000487 0.011658 0.016931 -0.018308 -0.024615 0.027506 0.003913 -0.015616 0.024595 0.006644 0.019102 -0.007194 -0.007301 -0.006238 0.005807 -0.017039
