18 18
7 -0.173576 -0.294274 0.155589 -0.073388 0.070182 0.167491 0.184996 0.343955 0.430112 -0.210462 0.070865 0.376255 -0.313836 -0.416100 0.421149 -0.311808 -0.033075 -0.532708
16 -0.230249 -0.288034 0.239374 -0.060580 0.094197 0.128489 0.181575 0.364361 0.426009 -0.196371 0.004970 0.368488 -0.367012 -0.402109 0.462520 -0.359671 -0.069604 -0.586877
12 -0.216823 -0.360230 0.124739 -0.096402 0.078150 0.188189 0.209472 0.270193 0.421566 -0.217331 0.200042 0.482932 -0.319712 -0.312757 0.382554 -0.251308 -0.071090 -0.499985
6 -0.185673 -0.310143 0.163456 -0.040624 0.090978 0.167934 0.192690 0.326603 0.395362 -0.198325 0.117862 0.374365 -0.310764 -0.361945 0.385412 -0.271886 -0.052652 -0.497596
3 -0.229131 -0.297511 0.224407 -0.063120 0.099768 0.139314 0.189851 0.341306 0.388670 -0.210340 0.071529 0.342645 -0.357280 -0.418362 0.407168 -0.342333 -0.020210 -0.548251
11 -0.246610 -0.333855 0.223040 -0.062735 0.100593 0.131333 0.152166 0.376315 0.438404 -0.216302 0.051618 0.379446 -0.346156 -0.375073 0.438988 -0.340027 -0.056130 -0.529207
14 -0.183073 -0.342540 0.136169 -0.103846 0.099398 0.198969 0.202632 0.295372 0.400950 -0.209156 0.138596 0.457725 -0.294234 -0.336034 0.352926 -0.257516 -0.012923 -0.493002
13 -0.198229 -0.286954 0.233564 -0.082733 0.090667 0.120182 0.168870 0.338223 0.418448 -0.176766 0.008564 0.324446 -0.328434 -0.442825 0.436435 -0.343089 -0.066853 -0.554741
17 -0.162793 -0.384399 0.064655 -0.079129 0.062578 0.236350 0.303741 0.296393 0.491955 -0.250392 0.276280 0.562438 -0.285516 -0.270830 0.339962 -0.232845 -0.029681 -0.513080
1 -0.207692 -0.352277 0.155829 -0.099094 0.109869 0.164323 0.213636 0.337017 0.445606 -0.234678 0.143978 0.436384 -0.286995 -0.354003 0.351412 -0.300216 -0.009684 -0.510944
9 -0.236770 -0.322595 0.187691 -0.082693 0.100853 0.152648 0.178872 0.382142 0.472973 -0.218934 0.078729 0.418875 -0.336534 -0.440197 0.416823 -0.334690 -0.054730 -0.537184
5 -0.133319 -0.352424 0.021328 -0.085964 0.101194 0.214252 0.275363 0.226465 0.442088 -0.254758 0.247663 0.495984 -0.279588 -0.251851 0.327492 -0.250551 -0.046765 -0.453552
10 -0.152140 -0.373116 0.052636 -0.090320 0.108771 0.265979 0.289450 0.289583 0.475743 -0.288359 0.267017 0.539631 -0.304333 -0.272160 0.332706 -0.241556 -0.017410 -0.458973
4 -0.218111 -0.266886 0.203102 -0.056929 0.121725 0.110841 0.131438 0.352975 0.399623 -0.209922 0.082032 0.359874 -0.301842 -0.386034 0.385240 -0.311287 -0.035536 -0.528997
0 -0.138437 -0.398094 0.008907 -0.128868 0.058681 0.282296 0.284530 0.244069 0.457218 -0.268546 0.335442 0.560951 -0.249810 -0.236323 0.334188 -0.229502 -0.006112 -0.445599
2 -0.119421 -0.339016 0.051402 -0.092866 0.074171 0.223837 0.259444 0.284459 0.380514 -0.243270 0.228332 0.493478 -0.239044 -0.280406 0.301235 -0.249475 -0.036962 -0.417607
15 -0.183349 -0.348439 0.098570 -0.104788 0.092807 0.236684 0.255158 0.250790 0.431063 -0.248876 0.214542 0.461648 -0.273942 -0.269006 0.347860 -0.259817 -0.053395 -0.470208
8 -0.202198 -0.328693 0.205927 -0.061175 0.064121 0.147296 0.185821 0.342711 0.413619 -0.171613 0.042820 0.369334 -0.337091 -0.374741 0.428408 -0.330896 -0.036398 -0.506495
