18 18
4 -0.095317 -0.359323 0.002084 -0.064590 -0.017246 0.091484 0.371187 0.232058 0.440774 -0.192502 0.320252 0.527327 -0.274232 -0.131592 0.328526 -0.450953 -0.100324 -0.395020
8 -0.092994 -0.400489 0.030199 -0.089383 -0.075857 0.127447 0.395193 0.181898 0.421364 -0.131365 0.271778 0.501309 -0.282236 -0.113970 0.352420 -0.428869 -0.090537 -0.374396
9 -0.112600 -0.377675 -0.005687 -0.118533 -0.091321 0.127886 0.375907 0.181473 0.459198 -0.134103 0.279862 0.533393 -0.252527 -0.130933 0.320600 -0.386536 -0.124512 -0.333591
2 -0.075786 -0.380218 0.001882 -0.096906 -0.067643 0.110978 0.389796 0.191099 0.400536 -0.150958 0.270373 0.526237 -0.259550 -0.129060 0.322827 -0.432281 -0.122358 -0.347978
0 -0.108191 -0.399220 0.050840 -0.183036 -0.181622 0.170302 0.386811 0.118082 0.431957 -0.082566 0.271073 0.493849 -0.215464 -0.113867 0.383109 -0.360969 -0.107960 -0.390042
7 -0.070921 -0.360800 0.017170 -0.136856 -0.147436 0.163746 0.384702 0.134584 0.440168 -0.101023 0.223590 0.469422 -0.224330 -0.135765 0.358288 -0.346964 -0.110863 -0.360869
5 -0.084991 -0.389329 -0.027494 -0.077299 -0.022266 0.083834 0.378922 0.151882 0.417743 -0.161555 0.284776 0.491801 -0.278437 -0.111041 0.306996 -0.415579 -0.104560 -0.355644
10 -0.095737 -0.398174 -0.030754 -0.072584 -0.017261 0.186051 0.436436 0.211519 0.506330 -0.230291 0.352426 0.607050 -0.349721 -0.076578 0.355344 -0.427145 -0.115035 -0.350991
3 -0.104119 -0.335475 0.025620 -0.072696 -0.044352 0.118002 0.377203 0.180122 0.384224 -0.163187 0.273128 0.460977 -0.288912 -0.129611 0.303296 -0.407427 -0.078694 -0.351377
17 -0.117343 -0.392376 0.044124 -0.136619 -0.181826 0.116120 0.397058 0.138599 0.453949 -0.056781 0.260754 0.525500 -0.205601 -0.092209 0.316562 -0.322957 -0.130551 -0.380884
1 -0.113560 -0.385732 0.031266 -0.105675 -0.049324 0.067108 0.358570 0.184188 0.415934 -0.130641 0.236980 0.465668 -0.231471 -0.125782 0.282555 -0.405998 -0.088357 -0.354884
13 -0.092365 -0.387186 0.039029 -0.149622 -0.122313 0.112355 0.387074 0.129986 0.429680 -0.083059 0.246844 0.485552 -0.226961 -0.142399 0.327828 -0.380710 -0.137230 -0.367788
6 -0.080668 -0.375820 0.015297 -0.052382 -0.040953 0.136472 0.404022 0.211306 0.417045 -0.163696 0.285057 0.511260 -0.294992 -0.116629 0.356625 -0.420144 -0.119976 -0.383613
16 -0.089621 -0.353121 0.016031 -0.093761 -0.075555 0.129351 0.412099 0.168993 0.431287 -0.154135 0.260429 0.519362 -0.283300 -0.087429 0.367571 -0.430508 -0.143777 -0.401263
12 -0.140798 -0.433942 0.035967 -0.160696 -0.141664 0.115826 0.380204 0.131201 0.429311 -0.088730 0.296531 0.550321 -0.249439 -0.108504 0.340057 -0.372257 -0.144342 -0.365074
15 -0.122908 -0.373659 0.064589 -0.163452 -0.143252 0.176638 0.391031 0.094097 0.418304 -0.093499 0.245539 0.465445 -0.215590 -0.098352 0.359759 -0.352264 -0.146538 -0.384675
11 -0.116782 -0.382235 0.007912 -0.059146 -0.018817 0.132683 0.366034 0.223670 0.454924 -0.204881 0.294084 0.547303 -0.314227 -0.067709 0.365817 -0.430826 -0.130680 -0.351267
14 -0.111719 -0.391922 0.045431 -0.129138 -0.072915 0.140947 0.367040 0.155296 0.411907 -0.115637 0.244595 0.523845 -0.268206 -0.109084 0.331550 -0.371960 -0.102558 -0.355810
