18 18
9 -0.253348 -0.429059 0.136754 -0.233106 0.076894 0.104451 0.259989 0.043785 0.527120 -0.157443 0.225793 0.360218 -0.215149 -0.186534 0.351765 -0.449163 -0.107398 -0.446315
5 -0.218170 -0.414528 0.123907 -0.205095 0.101935 0.081980 0.262710 0.006602 0.478007 -0.162782 0.218857 0.321529 -0.212861 -0.143288 0.338746 -0.433464 -0.097097 -0.456498
2 -0.236245 -0.425793 0.178225 -0.239182 0.053739 0.110469 0.273955 0.015154 0.455027 -0.127367 0.210598 0.357853 -0.227637 -0.147379 0.360323 -0.428767 -0.121197 -0.460998
11 -0.248333 -0.430217 0.180146 -0.206740 0.106511 0.094992 0.218267 0.090294 0.504379 -0.193138 0.221869 0.318958 -0.212021 -0.168203 0.398527 -0.482498 -0.095201 -0.479777
0 -0.254226 -0.481365 0.191798 -0.265587 0.080786 0.121717 0.252360 0.090165 0.536308 -0.188945 0.259500 0.347613 -0.195155 -0.238816 0.439805 -0.547152 -0.067327 -0.544491
17 -0.270376 -0.451403 0.194323 -0.230093 0.032549 0.092807 0.287625 0.023995 0.536443 -0.110682 0.227616 0.388543 -0.229877 -0.130591 0.370578 -0.417344 -0.106407 -0.526265
13 -0.233019 -0.423404 0.187712 -0.248362 0.073119 0.111426 0.270870 0.009261 0.499449 -0.143290 0.229491 0.318863 -0.226242 -0.177509 0.389943 -0.450110 -0.115231 -0.500341
7 -0.282790 -0.466450 0.177472 -0.282201 0.047122 0.141623 0.298731 -0.019047 0.567286 -0.155738 0.250212 0.404993 -0.289567 -0.144578 0.431097 -0.444179 -0.133491 -0.531551
10 -0.316482 -0.459342 0.186826 -0.275340 0.057701 0.161516 0.321854 -0.099228 0.545691 -0.134672 0.283496 0.436150 -0.358695 -0.032256 0.384717 -0.355751 -0.145912 -0.492101
3 -0.312358 -0.420875 0.210203 -0.248879 0.072935 0.121840 0.309487 -0.062158 0.463549 -0.144052 0.263263 0.339105 -0.318495 -0.114494 0.355074 -0.411848 -0.105134 -0.508382
15 -0.249449 -0.423939 0.176935 -0.234511 0.074865 0.146846 0.271659 0.004525 0.479394 -0.157408 0.228251 0.308876 -0.213027 -0.149634 0.358088 -0.421912 -0.094431 -0.458537
16 -0.478246 -0.510561 0.256739 -0.372677 0.024360 0.136007 0.367991 -0.273214 0.577462 -0.075995 0.315279 0.575651 -0.525310 0.125564 0.474812 -0.350579 -0.312971 -0.604037
14 -0.245271 -0.433054 0.196000 -0.239028 0.082130 0.111750 0.231939 0.027860 0.465202 -0.122353 0.184287 0.339737 -0.219367 -0.167800 0.358860 -0.417885 -0.071888 -0.464551
1 -0.358796 -0.494744 0.224175 -0.302515 0.072870 0.101992 0.298723 -0.064691 0.554259 -0.129416 0.258867 0.418988 -0.321755 -0.078351 0.389104 -0.422163 -0.149854 -0.527593
4 -0.245742 -0.390614 0.169345 -0.210824 0.099307 0.071270 0.209736 0.065689 0.477344 -0.163265 0.252615 0.348997 -0.192457 -0.163496 0.356566 -0.444149 -0.100083 -0.489460
12 -0.490007 -0.546536 0.248032 -0.390075 0.015455 0.124319 0.333646 -0.269158 0.568987 -0.067454 0.359959 0.596244 -0.505477 0.096593 0.463085 -0.334742 -0.311659 -0.576236
8 -0.232080 -0.424184 0.174943 -0.204944 0.050438 0.112365 0.257834 0.033665 0.465346 -0.122883 0.205127 0.318175 -0.229538 -0.146606 0.366518 -0.426426 -0.073469 -0.449354
6 -0.219406 -0.417370 0.172918 -0.188954 0.078632 0.109072 0.255340 0.074113 0.477548 -0.152208 0.238808 0.318366 -0.209142 -0.187983 0.381942 -0.442068 -0.095044 -0.493431
