18 18
1 -0.224925 -0.618814 0.373222 0.017793 -0.046720 0.001718 0.307051 0.461643 0.479911 -0.030187 0.077925 0.316072 -0.077440 -0.147739 0.304495 -0.343572 -0.005585 -0.519296
0 -0.196027 -0.557446 0.324160 0.007263 -0.082220 0.040482 0.281958 0.393597 0.413592 -0.023323 0.112700 0.306081 -0.089042 -0.122281 0.324262 -0.321829 -0.002042 -0.488214
10 -0.175896 -0.557980 0.302381 -0.000938 -0.037162 0.097728 0.323230 0.391180 0.470795 -0.068328 0.110519 0.349478 -0.113966 -0.095754 0.290983 -0.276150 -0.033541 -0.430949
15 -0.216622 -0.576952 0.344090 0.019110 -0.051824 0.066415 0.326313 0.391021 0.427716 -0.046368 0.121540 0.321928 -0.112447 -0.126611 0.345024 -0.348100 -0.045043 -0.521433
2 -0.151558 -0.562470 0.325299 0.039340 -0.068745 0.036081 0.313924 0.449855 0.411568 -0.033931 0.092183 0.325039 -0.083640 -0.148051 0.331096 -0.353100 -0.033249 -0.495618
17 -0.177644 -0.546211 0.313333 0.059094 -0.081770 0.025813 0.320886 0.427124 0.469866 -0.018986 0.114754 0.351783 -0.090146 -0.096074 0.293453 -0.284276 -0.024571 -0.508910
8 -0.184129 -0.572941 0.336820 0.049047 -0.078576 0.026987 0.302794 0.418900 0.410362 -0.006604 0.085642 0.305032 -0.112594 -0.125829 0.334461 -0.340971 -0.001879 -0.492921
6 -0.168564 -0.560554 0.340104 0.057667 -0.048110 0.049295 0.307522 0.436118 0.411232 -0.027326 0.093227 0.288233 -0.104669 -0.151899 0.332795 -0.320354 -0.023062 -0.497867
3 -0.224816 -0.520003 0.347632 0.051995 -0.033762 0.009542 0.322104 0.409167 0.387029 -0.047956 0.123851 0.291073 -0.130565 -0.162972 0.287703 -0.361472 0.001550 -0.535089
11 -0.203880 -0.566395 0.343353 0.044040 -0.038565 0.031454 0.286867 0.444302 0.452563 -0.055121 0.088104 0.319718 -0.113757 -0.112796 0.335601 -0.335174 -0.032755 -0.496033
14 -0.216516 -0.566589 0.353816 0.011918 -0.033972 0.035659 0.287245 0.404531 0.422953 -0.025065 0.074694 0.346730 -0.117336 -0.121023 0.302680 -0.306670 -0.010416 -0.502231
5 -0.185398 -0.549032 0.288848 0.046230 -0.022460 0.013716 0.323878 0.383940 0.442175 -0.058914 0.134861 0.339973 -0.127600 -0.121433 0.316591 -0.349539 -0.033855 -0.527415
4 -0.192904 -0.496415 0.310670 0.050006 -0.015985 0.006458 0.274019 0.416930 0.420342 -0.059758 0.132472 0.322027 -0.091401 -0.129955 0.285894 -0.321016 -0.023055 -0.502681
9 -0.204648 -0.558879 0.301428 0.019513 -0.053611 0.039513 0.310595 0.422003 0.468926 -0.044438 0.118821 0.364236 -0.103569 -0.145266 0.311227 -0.333301 -0.046487 -0.488434
7 -0.153773 -0.528158 0.281995 0.019727 -0.066235 0.061637 0.292197 0.396048 0.436353 -0.045563 0.084677 0.304736 -0.091873 -0.148752 0.314922 -0.294989 -0.019513 -0.457362
16 -0.190269 -0.545436 0.330887 0.033040 -0.062564 0.034107 0.316272 0.403874 0.427511 -0.029017 0.077298 0.323811 -0.108191 -0.103656 0.327641 -0.326444 -0.047786 -0.512329
12 -0.223283 -0.576085 0.329732 0.011657 -0.069191 0.018019 0.286459 0.387662 0.418868 -0.015811 0.126301 0.358090 -0.111532 -0.106912 0.310645 -0.302972 -0.046458 -0.488963
13 -0.173299 -0.550875 0.342718 -0.001754 -0.054208 0.040546 0.316113 0.401121 0.448532 -0.021902 0.077324 0.306325 -0.090290 -0.158514 0.318556 -0.327176 -0.047272 -0.496568
