18 18
12 -0.368744 -0.661343 0.287601 -0.337714 0.091770 0.029676 0.051892 -0.022336 0.258814 0.057995 0.011396 0.535583 -0.219681 -0.030865 0.429812 -0.200857 -0.406585 -0.368031
1 -0.418774 -0.547432 0.300099 -0.164699 0.267307 -0.008081 0.058603 0.194731 0.367543 -0.094384 -0.037096 0.442024 -0.314713 -0.041616 0.392928 -0.334156 -0.200754 -0.431450
8 -0.367314 -0.551671 0.282663 -0.152958 0.200265 0.027474 0.072537 0.155010 0.324224 -0.047349 -0.024223 0.448055 -0.331546 -0.033703 0.427679 -0.313848 -0.212863 -0.410722
9 -0.363418 -0.427482 0.212823 -0.055788 0.291757 -0.005736 0.034904 0.236730 0.354453 -0.143493 -0.017912 0.417529 -0.365570 -0.037297 0.377589 -0.340530 -0.153904 -0.391707
17 -0.358929 -0.556059 0.269740 -0.178895 0.167728 0.002713 0.073279 0.136005 0.345989 -0.019377 -0.004674 0.508636 -0.278118 -0.024987 0.404337 -0.253548 -0.275667 -0.438811
5 -0.370034 -0.506827 0.220349 -0.078469 0.336607 -0.005354 0.059466 0.174024 0.365898 -0.163212 -0.008292 0.438074 -0.405029 0.016117 0.424174 -0.361231 -0.170963 -0.435081
7 -0.327790 -0.516584 0.224608 -0.150629 0.227664 0.030764 0.057017 0.148185 0.352173 -0.095026 -0.035308 0.448993 -0.327044 -0.037887 0.432388 -0.294890 -0.217604 -0.408028
14 -0.372567 -0.480108 0.266794 -0.114445 0.312543 0.015533 0.021374 0.164228 0.306382 -0.116752 -0.062150 0.423103 -0.374647 0.009693 0.391616 -0.304701 -0.155549 -0.399009
16 -0.378716 -0.493874 0.271516 -0.120715 0.249518 0.016487 0.066866 0.161228 0.320708 -0.098186 -0.040462 0.447748 -0.364153 0.015628 0.444618 -0.336326 -0.236517 -0.457041
4 -0.391543 -0.484861 0.267720 -0.103227 0.305421 -0.004900 0.023867 0.223581 0.359986 -0.141278 0.003441 0.456830 -0.340844 -0.011690 0.411695 -0.331720 -0.184466 -0.454051
13 -0.320734 -0.586222 0.273511 -0.273810 0.130550 0.023175 0.080060 0.033468 0.293366 0.022010 -0.025421 0.466504 -0.233757 -0.071924 0.423726 -0.251726 -0.356617 -0.388587
15 -0.381809 -0.628239 0.292345 -0.285012 0.161339 0.062123 0.086380 0.040867 0.320654 -0.020433 -0.002793 0.502347 -0.257046 -0.030390 0.447320 -0.269037 -0.349878 -0.411120
11 -0.360300 -0.501562 0.244017 -0.094524 0.285035 -0.005497 0.021337 0.175315 0.333001 -0.133915 -0.033012 0.412269 -0.364886 0.026588 0.423156 -0.331109 -0.189762 -0.391550
6 -0.345406 -0.505607 0.245464 -0.095547 0.267111 0.018072 0.057925 0.176744 0.327817 -0.103480 -0.012610 0.426356 -0.344114 -0.022942 0.418542 -0.301610 -0.218149 -0.419562
3 -0.368971 -0.454369 0.267577 -0.111568 0.236347 0.011877 0.068443 0.166769 0.284071 -0.099888 -0.005487 0.381834 -0.335390 -0.060165 0.363894 -0.313570 -0.167867 -0.409424
10 -0.359829 -0.492637 0.231093 -0.101076 0.302213 0.036267 0.061988 0.188424 0.379143 -0.151563 -0.019208 0.451654 -0.382175 0.020508 0.404177 -0.308072 -0.170641 -0.400299
2 -0.354877 -0.679781 0.291257 -0.317017 0.140782 0.045288 0.085842 0.052518 0.300414 0.004602 -0.022127 0.565773 -0.252405 -0.055301 0.471649 -0.280140 -0.399270 -0.405398
0 -0.378043 -0.554904 0.266439 -0.181055 0.229167 0.041340 0.040756 0.138282 0.332892 -0.094319 -0.003254 0.456032 -0.339409 0.005236 0.456659 -0.321834 -0.197082 -0.426376
