18 18
4 -0.175876 -0.492514 0.163753 -0.341829 -0.004462 0.140599 0.030044 0.162019 0.264307 -0.142260 0.175844 0.482618 -0.159172 -0.284939 0.581278 -0.473132 -0.220753 -0.406274
2 -0.122610 -0.497171 0.124379 -0.336123 0.006884 0.135844 0.088919 0.152906 0.232577 -0.161908 0.137625 0.483929 -0.164601 -0.309081 0.535388 -0.483297 -0.246576 -0.359501
13 -0.156568 -0.477012 0.167428 -0.354493 -0.004782 0.120326 0.041481 0.111647 0.252932 -0.105500 0.112990 0.431958 -0.148655 -0.278799 0.543195 -0.439542 -0.241148 -0.373278
7 -0.122200 -0.460750 0.117290 -0.333884 -0.012567 0.143541 0.060970 0.128800 0.259032 -0.143873 0.118650 0.448270 -0.149312 -0.293243 0.536181 -0.431769 -0.217652 -0.364387
6 -0.150813 -0.487275 0.141136 -0.277209 -0.014182 0.150064 0.068626 0.156564 0.240520 -0.120940 0.147090 0.428787 -0.185411 -0.259624 0.538488 -0.417094 -0.194723 -0.354069
11 -0.186302 -0.455942 0.154509 -0.304278 0.007485 0.106978 0.004002 0.129884 0.249116 -0.126446 0.109431 0.417148 -0.158488 -0.201120 0.523382 -0.414136 -0.215550 -0.336387
12 -0.220442 -0.529766 0.158839 -0.372675 -0.066522 0.159732 0.011926 0.079784 0.230524 -0.081663 0.210219 0.484900 -0.181861 -0.222609 0.577437 -0.415459 -0.225793 -0.339412
5 -0.132009 -0.465438 0.090900 -0.303510 0.021861 0.119982 0.083353 0.092398 0.263843 -0.157018 0.154850 0.437474 -0.177090 -0.248016 0.508561 -0.433639 -0.206315 -0.361243
15 -0.213311 -0.513787 0.184913 -0.368057 -0.033894 0.186610 0.046862 0.086072 0.237470 -0.110490 0.173282 0.444156 -0.168848 -0.230900 0.570063 -0.437154 -0.217294 -0.366350
14 -0.173349 -0.496666 0.182574 -0.360271 0.032678 0.128975 0.028184 0.128631 0.243098 -0.127850 0.095802 0.477517 -0.166051 -0.276953 0.551226 -0.445510 -0.234823 -0.393588
9 -0.188049 -0.473064 0.128900 -0.320721 -0.032662 0.147767 0.033223 0.137950 0.260941 -0.106005 0.154576 0.446422 -0.163213 -0.251287 0.520580 -0.418618 -0.197540 -0.310646
16 -0.186876 -0.478478 0.158203 -0.331095 -0.040621 0.148544 0.050286 0.103906 0.238527 -0.100485 0.137079 0.448432 -0.184034 -0.204470 0.563566 -0.433627 -0.217389 -0.364166
0 -0.229296 -0.517870 0.169214 -0.365513 -0.121108 0.205946 -0.008627 0.078341 0.211340 -0.052024 0.212365 0.422717 -0.177333 -0.173187 0.580074 -0.391551 -0.126939 -0.290578
3 -0.173322 -0.497549 0.160318 -0.326836 0.014973 0.137762 0.085106 0.145615 0.239605 -0.164352 0.145941 0.449030 -0.208740 -0.313007 0.534351 -0.477766 -0.183299 -0.391801
10 -0.164274 -0.513729 0.131021 -0.339335 -0.007076 0.179934 0.077224 0.120817 0.276844 -0.150956 0.170408 0.478209 -0.201102 -0.249455 0.539585 -0.424553 -0.188158 -0.340150
1 -0.184873 -0.496234 0.159467 -0.325908 0.017214 0.094691 0.055792 0.157626 0.271672 -0.133710 0.107548 0.430355 -0.153334 -0.266624 0.490161 -0.442781 -0.183960 -0.355516
8 -0.209548 -0.544167 0.186675 -0.349041 -0.095348 0.193403 0.030906 0.115643 0.241549 -0.059697 0.164267 0.447549 -0.199058 -0.213071 0.602200 -0.438549 -0.152599 -0.327048
17 -0.002915 -0.006397 0.005624 0.018021 -0.026928 -0.018564 0.015689 0.014203 0.025956 0.022864 0.010492 0.027524 0.013101 0.016295 -0.014503 0.021066 0.000664 -0.026546
