18 18
15 -0.406736 -0.318850 0.205274 -0.395035 0.027900 -0.206393 0.036461 0.296055 0.575605 -0.010423 0.025241 0.337380 0.259450 -0.332426 -0.037192 -0.381089 -0.139882 -0.258426
9 -0.359020 -0.273187 0.154578 -0.366451 0.012720 -0.210333 0.010706 0.315426 0.555670 -0.000824 0.009450 0.325526 0.245063 -0.356592 -0.045789 -0.358245 -0.117308 -0.198331
4 -0.376240 -0.275127 0.181691 -0.357710 0.033972 -0.234030 0.010582 0.332577 0.577350 -0.021986 0.059348 0.356538 0.260358 -0.349233 -0.044843 -0.384402 -0.103620 -0.276842
17 -0.407211 -0.327711 0.195965 -0.370064 -0.005752 -0.269943 0.051366 0.341187 0.635732 0.023362 0.023485 0.397596 0.271462 -0.326338 -0.064017 -0.369235 -0.139335 -0.297214
14 -0.411037 -0.326795 0.223742 -0.417233 0.032949 -0.213764 0.012719 0.320043 0.580089 0.007290 0.002947 0.377910 0.253372 -0.367576 -0.039880 -0.392520 -0.104279 -0.266521
16 -0.393598 -0.303047 0.194553 -0.386468 -0.000155 -0.223708 0.052023 0.300168 0.577523 0.012987 0.004928 0.371354 0.234984 -0.314238 -0.020778 -0.387815 -0.148606 -0.279476
7 -0.374161 -0.319732 0.163555 -0.394224 -0.000111 -0.207742 0.047732 0.325223 0.621581 -0.014510 0.014521 0.365930 0.243981 -0.385526 -0.022653 -0.390776 -0.114861 -0.262527
0 -0.392689 -0.327233 0.192268 -0.407160 -0.007682 -0.212672 0.023765 0.303604 0.575947 -0.000454 0.046905 0.354525 0.254875 -0.331767 -0.015458 -0.385674 -0.100576 -0.266336
10 -0.396837 -0.326256 0.178243 -0.383699 0.029980 -0.212929 0.054758 0.323297 0.627324 -0.024141 0.047170 0.385888 0.231596 -0.331136 -0.057505 -0.369322 -0.114219 -0.252126
2 -0.380401 -0.327292 0.187395 -0.398486 0.006270 -0.237331 0.050752 0.331296 0.572674 -0.000841 0.020521 0.384561 0.267233 -0.358594 -0.047454 -0.409611 -0.144387 -0.260215
5 -0.372592 -0.334565 0.138720 -0.364305 0.025457 -0.232005 0.082820 0.255225 0.585093 -0.009814 0.047262 0.379271 0.200471 -0.297566 -0.031073 -0.374153 -0.152575 -0.275778
13 -0.370194 -0.308743 0.198528 -0.395656 0.010356 -0.244011 0.030425 0.305060 0.582923 0.020053 -0.004534 0.321661 0.266037 -0.366639 -0.037351 -0.380143 -0.136766 -0.258353
3 -0.410173 -0.299642 0.202239 -0.368397 0.032042 -0.218676 0.051959 0.304179 0.543859 -0.023203 0.047430 0.332165 0.201212 -0.361787 -0.056132 -0.392138 -0.089705 -0.267581
12 -0.441773 -0.370102 0.195046 -0.418783 -0.009367 -0.259793 0.039883 0.277953 0.593127 0.036115 0.049043 0.421325 0.237780 -0.303893 -0.044807 -0.359038 -0.173700 -0.267084
1 -0.390550 -0.319931 0.193843 -0.375819 0.031895 -0.257357 0.025724 0.323326 0.568020 0.001231 -0.007756 0.323758 0.248949 -0.339503 -0.059121 -0.379247 -0.106754 -0.244511
11 -0.370994 -0.293847 0.173679 -0.340506 0.040086 -0.225068 0.002812 0.314670 0.543982 -0.033524 0.008674 0.309813 0.203391 -0.306456 -0.013174 -0.370925 -0.115575 -0.225719
8 -0.379557 -0.334166 0.202955 -0.371460 -0.002334 -0.208186 0.047288 0.320117 0.573857 0.016053 0.011464 0.347786 0.228625 -0.346980 -0.020631 -0.396446 -0.094715 -0.249135
6 0.007299 -0.006988 0.006429 0.025394 0.003018 0.008962 0.013628 0.017139 -0.003415 0.002961 0.009307 -0.005691 -0.008572 -0.012634 0.015137 0.000585 -0.007433 -0.019036
