18 18
16 -0.246667 -0.480131 0.309235 -0.192068 0.012039 -0.058728 0.341086 -0.033847 0.240177 0.086636 0.181187 0.410281 -0.120714 -0.073580 0.252506 -0.337570 -0.299692 -0.595812
1 -0.316172 -0.593159 0.228968 -0.243603 0.110799 -0.053324 0.227429 0.006018 0.301907 -0.005046 0.230422 0.549656 -0.091023 0.023597 0.279947 -0.347515 -0.333488 -0.514944
12 -0.287478 -0.549467 0.263077 -0.232362 0.042305 -0.059276 0.276308 -0.050248 0.244547 0.061488 0.250308 0.491966 -0.107943 -0.035663 0.262085 -0.317167 -0.336748 -0.538110
6 -0.260229 -0.554751 0.249759 -0.184436 0.070920 -0.036346 0.295522 0.010407 0.264604 0.039450 0.240087 0.506865 -0.112954 -0.042752 0.289885 -0.333157 -0.339135 -0.552698
0 -0.264257 -0.564544 0.223940 -0.245593 0.038916 -0.004845 0.270639 -0.037540 0.268140 0.020409 0.256000 0.487222 -0.107083 -0.011789 0.287768 -0.332750 -0.279087 -0.499634
8 -0.273398 -0.586002 0.270169 -0.213738 0.046054 -0.025341 0.315262 -0.015552 0.287186 0.052765 0.222563 0.493728 -0.130459 -0.029971 0.288390 -0.351747 -0.294464 -0.536713
2 -0.222998 -0.518922 0.278062 -0.194627 0.014867 -0.051322 0.344991 -0.002228 0.234651 0.079505 0.198898 0.454386 -0.090963 -0.099345 0.236756 -0.341458 -0.308842 -0.552526
5 -0.229602 -0.502625 0.237379 -0.184486 0.054518 -0.047923 0.328560 -0.045713 0.279378 0.042877 0.211373 0.422108 -0.125135 -0.062329 0.238804 -0.322962 -0.276509 -0.542547
15 -0.258663 -0.494930 0.256352 -0.211277 0.044928 -0.015175 0.295519 -0.050570 0.243482 0.038349 0.221611 0.425097 -0.093087 -0.037497 0.242708 -0.309474 -0.301545 -0.520458
13 -0.171499 -0.378767 0.523152 -0.143161 -0.118980 -0.145610 0.537595 -0.054421 0.210661 0.289407 0.078852 0.127059 -0.098650 -0.375461 0.129985 -0.315343 -0.206131 -0.773298
17 -0.216727 -0.438061 0.403449 -0.138997 -0.071444 -0.107709 0.435207 -0.013112 0.248249 0.194675 0.153083 0.304668 -0.094475 -0.198737 0.158887 -0.284661 -0.228124 -0.669939
14 -0.280141 -0.552740 0.248134 -0.231965 0.090722 -0.028373 0.225414 -0.010649 0.248284 0.034809 0.188611 0.521789 -0.109745 0.000155 0.275992 -0.314317 -0.304527 -0.491809
10 -0.257744 -0.545075 0.261918 -0.205939 0.062962 -0.000607 0.338686 -0.038467 0.307221 0.017949 0.241370 0.450127 -0.143103 -0.031528 0.242713 -0.304573 -0.269059 -0.526255
3 -0.206532 -0.365710 0.536395 -0.122532 -0.111519 -0.137086 0.540203 -0.039560 0.170313 0.262156 0.101326 0.109111 -0.132731 -0.383105 0.106731 -0.325513 -0.153113 -0.770300
9 -0.271829 -0.538939 0.224808 -0.217300 0.057839 -0.034082 0.281219 0.007187 0.298636 0.033715 0.226079 0.503100 -0.100390 -0.061096 0.253384 -0.330334 -0.312394 -0.491869
4 -0.263787 -0.510902 0.257139 -0.198606 0.072172 -0.055189 0.272829 0.005198 0.279647 0.024101 0.248388 0.476303 -0.092596 -0.044637 0.253276 -0.331124 -0.293069 -0.550098
11 -0.271068 -0.511926 0.294144 -0.188336 0.046437 -0.054645 0.286686 -0.011663 0.264058 0.039044 0.196717 0.397922 -0.128284 -0.055582 0.257840 -0.333406 -0.271195 -0.544591
7 0.025536 0.002637 -0.024458 -0.006487 -0.021911 0.018456 0.005430 0.006920 0.025711 -0.005710 -0.012468 0.004183 0.006040 -0.027377 0.019628 0.004891 0.006248 -0.002409
