18 18
10 -0.375444 -0.482343 0.367678 -0.293745 -0.147535 0.258848 0.229503 -0.060231 0.050437 -0.046500 0.272931 0.365235 -0.320189 0.065378 0.465717 -0.346802 -0.068925 -0.457581
1 -0.400864 -0.485405 0.380334 -0.315425 -0.132692 0.186333 0.194806 -0.024233 0.075362 -0.025192 0.206251 0.330204 -0.245063 0.045700 0.405716 -0.354066 -0.047170 -0.427056
4 -0.315308 -0.406752 0.369436 -0.238743 -0.138351 0.199483 0.205055 -0.020140 0.001146 -0.033023 0.287520 0.332917 -0.305273 -0.028857 0.494632 -0.396066 -0.073272 -0.556329
7 -0.291185 -0.422830 0.326214 -0.251950 -0.163258 0.225633 0.210956 -0.050311 0.030656 -0.019068 0.230077 0.321750 -0.303798 -0.023507 0.479446 -0.344726 -0.069638 -0.486769
0 -0.368626 -0.465068 0.355880 -0.318993 -0.179573 0.240792 0.186641 -0.059955 0.028160 -0.022729 0.258561 0.341117 -0.270212 0.050141 0.467967 -0.352066 -0.050828 -0.436269
2 -0.344268 -0.451702 0.364471 -0.292286 -0.159519 0.231336 0.229637 -0.031213 -0.006778 -0.034270 0.249853 0.347082 -0.277930 0.007451 0.451294 -0.382529 -0.083059 -0.448229
12 -0.382940 -0.477762 0.368827 -0.291515 -0.166839 0.205331 0.189213 -0.073831 0.010657 -0.004630 0.273215 0.367131 -0.310506 0.045777 0.466992 -0.343703 -0.096792 -0.467142
15 -0.353645 -0.441119 0.370208 -0.278414 -0.137209 0.239425 0.219452 -0.081402 0.018550 -0.031034 0.250543 0.314450 -0.282036 0.050908 0.453730 -0.345292 -0.097874 -0.470831
13 -0.323769 -0.445416 0.377523 -0.281471 -0.165208 0.207836 0.221388 -0.062076 0.014510 0.003564 0.238382 0.320691 -0.303517 -0.019300 0.481898 -0.373214 -0.093899 -0.498510
14 -0.348077 -0.448670 0.371031 -0.287836 -0.135993 0.223046 0.178680 -0.061096 0.012155 -0.003792 0.201695 0.335170 -0.294046 0.028736 0.440076 -0.320486 -0.055752 -0.436637
3 -0.338061 -0.397005 0.385954 -0.221134 -0.116290 0.183684 0.238592 -0.026642 -0.048606 -0.041219 0.281207 0.276491 -0.347686 -0.077961 0.459375 -0.429426 -0.036317 -0.554910
11 -0.354226 -0.452331 0.355059 -0.259281 -0.138191 0.193581 0.168771 -0.020260 0.051022 -0.039455 0.229465 0.330351 -0.302128 0.032967 0.483326 -0.374456 -0.073955 -0.468251
17 -0.345078 -0.445400 0.345593 -0.259819 -0.173209 0.197921 0.210647 -0.046200 0.064532 0.001276 0.231982 0.355043 -0.260152 0.072361 0.411725 -0.300144 -0.075274 -0.440275
5 -0.311408 -0.441940 0.332664 -0.242188 -0.113654 0.186500 0.245991 -0.071869 0.017896 -0.038691 0.276683 0.328470 -0.334312 -0.014952 0.479894 -0.405678 -0.086536 -0.542175
9 -0.380008 -0.456198 0.344461 -0.303896 -0.153118 0.232106 0.210297 -0.031917 0.057378 -0.034957 0.248332 0.362642 -0.279408 0.011011 0.439814 -0.363845 -0.079741 -0.427023
8 -0.315694 -0.454896 0.366124 -0.238894 -0.162823 0.221806 0.234134 -0.046904 0.003786 0.001775 0.239234 0.322885 -0.332010 0.000498 0.482054 -0.372603 -0.064513 -0.485763
16 -0.337798 -0.408755 0.343279 -0.264071 -0.148655 0.209651 0.210897 -0.065778 0.025040 -0.012185 0.202319 0.321996 -0.271791 0.076643 0.424849 -0.320493 -0.099107 -0.432666
6 -0.312923 -0.426960 0.378018 -0.210921 -0.129556 0.204804 0.242478 -0.023571 -0.012978 -0.019035 0.273122 0.299423 -0.328757 -0.044182 0.485758 -0.389105 -0.078316 -0.552413
