18 18
10 -0.039503 -0.676471 -0.011264 -0.430627 -0.039057 0.270756 0.238291 -0.070032 0.366018 -0.053392 0.080953 0.493790 -0.148854 -0.221005 0.367815 -0.261950 -0.242988 -0.038076
9 -0.129319 -0.632532 0.024752 -0.432844 0.021890 0.192891 0.141285 0.026362 0.404756 -0.083200 0.062083 0.512079 -0.101962 -0.277494 0.345337 -0.328049 -0.262122 -0.046219
5 -0.058502 -0.719090 -0.016414 -0.429497 0.003648 0.237598 0.248013 -0.077360 0.392989 -0.080676 0.092206 0.503095 -0.164252 -0.228156 0.410152 -0.336632 -0.251431 -0.108073
6 -0.107496 -0.677268 0.041570 -0.395407 0.009484 0.209457 0.185640 0.005531 0.371673 -0.071147 0.086325 0.483751 -0.134200 -0.244608 0.385073 -0.322575 -0.257316 -0.094944
2 -0.043376 -0.751290 0.009475 -0.481573 -0.038518 0.253108 0.247202 -0.045518 0.363176 -0.052343 0.052069 0.529154 -0.131904 -0.280045 0.412555 -0.354472 -0.273049 -0.066252
14 -0.094202 -0.712804 0.048057 -0.470960 0.004954 0.239993 0.188108 -0.042101 0.366628 -0.049980 0.034928 0.510833 -0.138345 -0.257360 0.386212 -0.313213 -0.239511 -0.073237
8 -0.044466 -0.724432 0.010607 -0.427775 -0.053034 0.258280 0.247073 -0.071238 0.354306 -0.030277 0.060932 0.485497 -0.168554 -0.227231 0.419158 -0.318192 -0.233384 -0.072416
12 -0.071601 -0.711347 -0.010931 -0.469439 -0.061212 0.246710 0.211868 -0.095068 0.353922 -0.026711 0.097948 0.528742 -0.142559 -0.246121 0.391998 -0.274461 -0.286315 -0.049755
15 -0.125352 -0.686509 0.048121 -0.444452 0.004675 0.241082 0.197603 -0.040751 0.368623 -0.076621 0.083561 0.482907 -0.123400 -0.228466 0.378439 -0.320973 -0.265179 -0.085919
11 -0.146554 -0.704991 0.057993 -0.437586 0.025690 0.196601 0.150742 0.011713 0.390489 -0.097047 0.065707 0.499066 -0.131696 -0.224184 0.393980 -0.350017 -0.262206 -0.082282
1 -0.149210 -0.708818 0.070990 -0.442745 0.018399 0.175887 0.170962 0.005699 0.389003 -0.068455 0.067357 0.474331 -0.109342 -0.237275 0.355635 -0.337040 -0.230409 -0.096802
7 -0.025406 -0.699386 -0.025842 -0.445380 -0.061589 0.262978 0.231602 -0.055382 0.389782 -0.051275 0.053206 0.491608 -0.136319 -0.276952 0.419288 -0.300724 -0.241251 -0.077215
0 -0.067427 -0.671132 0.012180 -0.441981 -0.047636 0.238084 0.191743 -0.055288 0.339296 -0.047499 0.083868 0.459636 -0.121856 -0.237238 0.393738 -0.304697 -0.216324 -0.077264
4 -0.128831 -0.630708 0.059639 -0.420607 0.035292 0.176524 0.124772 0.040049 0.370364 -0.090103 0.083263 0.491560 -0.087502 -0.249361 0.343911 -0.325366 -0.243441 -0.082521
13 -0.030545 -0.622664 0.014197 -0.423885 -0.043108 0.213635 0.204677 -0.065291 0.337284 -0.021801 0.039397 0.428170 -0.106333 -0.255277 0.357466 -0.274928 -0.248932 -0.065245
17 -0.002915 -0.006397 0.005624 0.018021 -0.026928 -0.018564 0.015689 0.014203 0.025956 0.022864 0.010492 0.027524 0.013101 0.016295 -0.014503 0.021066 0.000664 -0.026546
16 -0.003066 0.009981 0.006043 0.000869 -0.007381 -0.001770 0.017455 -0.006904 0.000948 0.004908 -0.016488 0.011175 -0.012361 0.022003 0.021550 -0.015661 -0.025305 -0.027720
3 -0.024675 0.005665 0.025365 0.004601 0.007865 -0.001883 0.014761 -0.000233 -0.026227 -0.010111 0.011993 -0.020661 -0.026950 -0.026588 -0.012274 -0.019090 0.026092 -0.020014
