18 18
2 0.211318 -0.634624 0.109018 0.013255 -0.045981 0.206640 0.651706 0.284625 -0.104310 -0.080825 0.218299 0.332595 -0.201493 -0.479345 0.309193 -0.555256 -0.076310 -0.385224
0 -0.117464 -0.554488 0.190288 -0.163637 -0.086421 0.175997 0.287243 0.127526 0.093350 -0.031256 0.263209 0.417675 -0.156690 -0.151900 0.416700 -0.374938 -0.165919 -0.421211
1 -0.091720 -0.561227 0.200198 -0.144466 -0.051400 0.141668 0.327378 0.168016 0.102944 -0.026519 0.194579 0.383170 -0.140244 -0.209755 0.354623 -0.385203 -0.149193 -0.404229
11 -0.113903 -0.603552 0.205573 -0.120700 -0.055868 0.167939 0.329975 0.181426 0.098225 -0.064058 0.231660 0.427978 -0.194994 -0.172494 0.430840 -0.426465 -0.183902 -0.432159
13 -0.011251 -0.591713 0.188391 -0.139090 -0.068609 0.180924 0.425414 0.159981 0.080012 -0.020886 0.238759 0.409352 -0.167482 -0.294323 0.412610 -0.435573 -0.200283 -0.456022
3 0.106718 -0.612127 0.149553 0.023799 -0.033402 0.207258 0.604337 0.253436 -0.102207 -0.105337 0.235990 0.298016 -0.251309 -0.405887 0.295497 -0.527410 -0.021166 -0.396444
14 -0.104345 -0.572087 0.210407 -0.164751 -0.054337 0.166445 0.297171 0.132904 0.105583 0.002238 0.194713 0.432795 -0.160899 -0.184110 0.387977 -0.344843 -0.173864 -0.409292
4 -0.048722 -0.580252 0.188401 -0.092331 -0.041715 0.160987 0.380957 0.209110 0.069251 -0.062746 0.263632 0.412724 -0.171854 -0.248467 0.383722 -0.433630 -0.140508 -0.448059
9 -0.058173 -0.550565 0.152067 -0.129437 -0.064277 0.165255 0.354251 0.169791 0.113468 -0.022796 0.223905 0.420318 -0.153036 -0.248320 0.362729 -0.381517 -0.177012 -0.384447
5 0.085260 -0.599509 0.099428 -0.025285 -0.020105 0.183257 0.528321 0.190382 0.008217 -0.092187 0.238330 0.346447 -0.218714 -0.323800 0.329464 -0.468695 -0.089328 -0.386607
7 0.009750 -0.605682 0.149419 -0.107954 -0.080006 0.207084 0.440452 0.193459 0.079869 -0.050007 0.219917 0.412978 -0.183031 -0.302304 0.404856 -0.432272 -0.145553 -0.424848
12 -0.087926 -0.574598 0.174471 -0.163943 -0.082196 0.151588 0.321278 0.124525 0.090816 0.004558 0.243356 0.447558 -0.153205 -0.207704 0.383494 -0.354490 -0.216117 -0.397448
10 -0.108071 -0.597863 0.195754 -0.143455 -0.055466 0.212362 0.356309 0.154553 0.121400 -0.064136 0.267974 0.464384 -0.198736 -0.165633 0.415945 -0.388196 -0.177688 -0.431613
6 0.119760 -0.693845 0.155820 0.012151 -0.037254 0.236573 0.637841 0.274360 -0.042784 -0.091207 0.278530 0.373899 -0.251022 -0.413743 0.383397 -0.541519 -0.093141 -0.460827
17 -0.048594 -0.621210 0.191830 -0.089734 -0.091168 0.156169 0.416248 0.203633 0.095305 -0.015449 0.255571 0.451787 -0.170051 -0.230516 0.382182 -0.406330 -0.156737 -0.462885
8 0.064310 -0.639303 0.166369 -0.045421 -0.067092 0.209282 0.529422 0.219879 -0.003963 -0.046212 0.218012 0.370773 -0.223247 -0.332873 0.379335 -0.490428 -0.099026 -0.408915
16 -0.098127 -0.577392 0.202596 -0.125985 -0.064802 0.187850 0.377988 0.148422 0.082303 -0.047508 0.229230 0.432836 -0.197464 -0.163533 0.417691 -0.414367 -0.192528 -0.453824
15 -0.099196 -0.652447 0.226470 -0.152185 -0.055972 0.233857 0.421951 0.149893 0.072886 -0.059180 0.272480 0.451806 -0.190711 -0.211142 0.427856 -0.440945 -0.198578 -0.467697
