18 18
2 -0.072985 -0.388309 0.027578 -0.215490 -0.067938 0.280706 0.097152 0.372292 0.348785 -0.178977 0.180285 0.533572 -0.090985 -0.392377 0.451739 -0.348803 -0.176388 -0.227250
10 -0.072112 -0.368467 -0.001465 -0.195951 -0.041950 0.308574 0.094218 0.367295 0.414465 -0.219544 0.206534 0.533424 -0.123007 -0.367940 0.460806 -0.310367 -0.148134 -0.237933
14 -0.112186 -0.396367 0.064235 -0.223106 -0.039860 0.274815 0.066723 0.347294 0.360776 -0.162826 0.157282 0.516763 -0.106554 -0.365976 0.443714 -0.315764 -0.132820 -0.247704
12 -0.107574 -0.399462 0.018495 -0.231785 -0.076325 0.271716 0.064463 0.338511 0.373601 -0.181880 0.238704 0.551208 -0.109877 -0.377627 0.477660 -0.314866 -0.182808 -0.257001
7 -0.026879 -0.314529 -0.025283 -0.200936 -0.095883 0.285729 0.058982 0.354556 0.401471 -0.189264 0.187628 0.480103 -0.059728 -0.398295 0.452954 -0.267206 -0.134079 -0.239512
15 -0.135306 -0.397096 0.063077 -0.233479 -0.055215 0.293846 0.077063 0.333440 0.368354 -0.174193 0.190668 0.500957 -0.087695 -0.365167 0.446396 -0.333623 -0.158503 -0.239969
13 -0.041505 -0.328350 0.014927 -0.216272 -0.073735 0.270967 0.071595 0.343460 0.386310 -0.174102 0.185858 0.475705 -0.065255 -0.400410 0.451825 -0.292955 -0.170744 -0.251725
11 -0.095822 -0.371708 0.028964 -0.169714 -0.033371 0.250248 0.069975 0.366809 0.369535 -0.206147 0.167386 0.496514 -0.134239 -0.337248 0.471526 -0.348785 -0.164438 -0.244769
4 -0.092524 -0.340516 0.033864 -0.188660 -0.052960 0.249528 0.047285 0.391557 0.374006 -0.183835 0.202908 0.505902 -0.068902 -0.383438 0.432220 -0.326351 -0.134546 -0.251852
0 -0.064617 -0.349606 0.008875 -0.226941 -0.092451 0.282112 0.062607 0.320377 0.349576 -0.178099 0.221343 0.479750 -0.077720 -0.362428 0.459804 -0.296669 -0.128516 -0.246660
6 -0.076998 -0.351838 0.032561 -0.166733 -0.054886 0.268108 0.071081 0.373156 0.365432 -0.166417 0.186083 0.475179 -0.085575 -0.368551 0.433190 -0.289130 -0.142103 -0.239680
16 -0.081103 -0.347426 0.025713 -0.186978 -0.048292 0.265601 0.115796 0.324259 0.353454 -0.184863 0.160349 0.508163 -0.134923 -0.322228 0.469928 -0.340293 -0.185728 -0.277024
9 -0.122011 -0.354603 0.025500 -0.195649 -0.041820 0.248194 0.056441 0.358228 0.375084 -0.166106 0.162166 0.490963 -0.099228 -0.378979 0.410681 -0.333825 -0.146503 -0.198498
8 -0.145845 -0.425324 0.093845 -0.193387 -0.080519 0.256489 0.067903 0.360201 0.340337 -0.111168 0.136878 0.489850 -0.117971 -0.351775 0.441678 -0.358830 -0.115358 -0.204935
17 -0.078660 -0.358705 0.023246 -0.189131 -0.107643 0.260041 0.072214 0.384688 0.407917 -0.150168 0.206622 0.530526 -0.053676 -0.371234 0.424321 -0.271296 -0.139339 -0.253752
3 -0.101414 -0.367225 0.040413 -0.190942 -0.036396 0.270726 0.113370 0.349769 0.352361 -0.208071 0.196773 0.491041 -0.147650 -0.392467 0.456636 -0.355973 -0.142080 -0.282102
5 -0.080278 -0.389946 -0.004797 -0.187828 -0.013115 0.248819 0.132418 0.294207 0.373774 -0.207969 0.197513 0.512943 -0.152291 -0.328880 0.463066 -0.358921 -0.179128 -0.278981
1 -0.123120 -0.402831 0.052363 -0.223545 -0.041478 0.254014 0.075619 0.385095 0.417748 -0.186974 0.175944 0.511850 -0.080395 -0.383645 0.435552 -0.335977 -0.130533 -0.260340
