18 18
8 -0.120504 -0.576227 0.162658 -0.265190 -0.125884 0.046824 0.204552 0.090803 0.394617 0.217158 -0.047899 0.363381 -0.157197 -0.331554 0.398863 -0.389834 -0.060003 -0.262301
1 -0.152241 -0.590778 0.182399 -0.276829 -0.048669 -0.004487 0.193445 0.178757 0.460693 0.149330 -0.047384 0.374704 -0.133992 -0.410166 0.357485 -0.442721 -0.004461 -0.326169
9 -0.148166 -0.593567 0.112994 -0.269938 -0.062290 0.015085 0.188909 0.172898 0.501307 0.138358 -0.008007 0.435967 -0.161970 -0.422761 0.384796 -0.443817 -0.041332 -0.296949
14 -0.132369 -0.625863 0.169582 -0.300011 -0.046171 0.033911 0.172386 0.149777 0.450087 0.166881 -0.051703 0.426146 -0.174449 -0.429284 0.398553 -0.423597 0.004076 -0.309672
16 -0.135045 -0.560804 0.185682 -0.270760 -0.110665 0.040470 0.241076 0.090313 0.401807 0.206028 -0.045118 0.378939 -0.155635 -0.324638 0.415962 -0.417841 -0.117287 -0.340875
15 -0.151087 -0.549323 0.198989 -0.280083 -0.089285 0.068734 0.232818 0.066195 0.381048 0.180378 -0.016332 0.341491 -0.136770 -0.324281 0.390926 -0.401861 -0.112503 -0.324236
0 -0.132571 -0.584691 0.166216 -0.293565 -0.093479 0.044096 0.195798 0.122084 0.418560 0.168272 -0.009007 0.378551 -0.147645 -0.386077 0.402618 -0.429556 -0.022628 -0.317398
13 -0.111795 -0.567127 0.169874 -0.280870 -0.075443 0.021445 0.205223 0.120300 0.431509 0.178051 -0.030950 0.365986 -0.139170 -0.408191 0.387338 -0.419126 -0.063888 -0.323516
5 -0.120004 -0.573428 0.084990 -0.227810 0.009676 -0.013890 0.183953 0.183413 0.501880 0.057252 0.023840 0.416776 -0.170601 -0.414939 0.360368 -0.443622 0.012312 -0.340550
6 -0.128217 -0.611524 0.189980 -0.267426 -0.094995 0.055242 0.243534 0.141048 0.439574 0.201807 -0.022896 0.389617 -0.157782 -0.411385 0.424473 -0.430209 -0.081519 -0.347361
10 -0.118702 -0.591743 0.108451 -0.255332 -0.029743 0.043124 0.185296 0.171992 0.489304 0.098283 0.007574 0.427548 -0.180470 -0.406130 0.369439 -0.403439 0.012291 -0.283345
7 -0.096285 -0.559999 0.106304 -0.257905 -0.050443 0.032191 0.177822 0.188120 0.486363 0.101216 -0.025497 0.399406 -0.144744 -0.446208 0.378045 -0.413512 0.017873 -0.315186
3 -0.154187 -0.575299 0.151528 -0.231319 0.012894 -0.016356 0.186092 0.236013 0.476381 0.058912 0.007686 0.392528 -0.189168 -0.488692 0.344489 -0.484143 0.075333 -0.369229
2 -0.104591 -0.580005 0.122848 -0.249550 -0.016486 0.001053 0.175140 0.230810 0.451600 0.082563 -0.018908 0.416179 -0.148995 -0.468993 0.352119 -0.463772 0.030280 -0.308067
4 -0.131983 -0.544446 0.112634 -0.211519 0.024897 -0.035351 0.127398 0.264044 0.497707 0.037143 0.036655 0.416897 -0.144630 -0.458995 0.344368 -0.452245 0.058087 -0.352415
11 -0.155972 -0.590168 0.137962 -0.250593 -0.050860 0.006999 0.148036 0.157862 0.450385 0.121960 -0.014660 0.398500 -0.175896 -0.359522 0.398777 -0.421183 -0.038163 -0.281893
17 -0.142728 -0.579963 0.189360 -0.257383 -0.120142 0.024774 0.241992 0.118695 0.440234 0.212847 -0.023115 0.399254 -0.137320 -0.335724 0.383913 -0.396890 -0.085654 -0.351926
12 -0.157050 -0.596988 0.166933 -0.298820 -0.123873 0.034441 0.177739 0.059046 0.374473 0.221779 -0.001105 0.396376 -0.153629 -0.333921 0.394829 -0.364210 -0.107495 -0.266243
