18 18
7 -0.349988 -0.443950 0.371528 -0.081883 -0.040359 -0.068856 0.051178 0.377494 0.209974 -0.023223 0.239987 0.358588 -0.184029 -0.390386 0.230537 -0.328628 0.236498 -0.539725
5 -0.403238 -0.415486 0.310399 -0.025441 0.107754 -0.117216 0.020625 0.345832 0.176834 -0.144195 0.403872 0.420900 -0.193926 -0.198345 0.144273 -0.327933 0.192158 -0.486205
9 -0.392353 -0.386350 0.327846 -0.044967 0.049315 -0.101179 0.015837 0.385145 0.180279 -0.092365 0.340240 0.408179 -0.167170 -0.270427 0.130442 -0.320648 0.205514 -0.455794
12 -0.438775 -0.423364 0.362688 -0.065107 0.040184 -0.149452 -0.013614 0.390551 0.162171 -0.088568 0.398874 0.458822 -0.167504 -0.247979 0.128458 -0.319632 0.202569 -0.502379
17 -0.376282 -0.372225 0.323017 -0.007126 0.050857 -0.136568 0.019612 0.398382 0.188272 -0.098414 0.380402 0.432567 -0.139029 -0.187801 0.097614 -0.284095 0.209760 -0.487463
2 -0.371648 -0.386675 0.345361 -0.043876 0.054781 -0.113553 0.015994 0.399947 0.122527 -0.109008 0.346312 0.412081 -0.150294 -0.249972 0.116995 -0.336780 0.204883 -0.460489
10 -0.392146 -0.403011 0.342538 -0.029799 0.072332 -0.086883 0.032659 0.401793 0.185649 -0.127181 0.375613 0.428764 -0.199516 -0.239170 0.132494 -0.318026 0.241410 -0.492381
8 -0.393504 -0.445001 0.405136 -0.039640 0.018733 -0.076628 0.043168 0.387221 0.144325 -0.052989 0.304881 0.369766 -0.218643 -0.300194 0.196254 -0.354725 0.262433 -0.519990
0 -0.356679 -0.374981 0.348128 -0.058904 0.014424 -0.060169 0.013047 0.329247 0.112125 -0.068158 0.310622 0.325248 -0.179175 -0.266461 0.175922 -0.310309 0.243051 -0.471280
1 -0.377792 -0.363230 0.335586 -0.057954 0.069798 -0.156736 -0.013086 0.397097 0.179967 -0.098688 0.314949 0.376816 -0.117061 -0.243601 0.088158 -0.316539 0.226446 -0.466528
3 -0.417243 -0.392793 0.399010 -0.014130 0.073568 -0.079703 0.042019 0.358193 0.103336 -0.103390 0.348249 0.326286 -0.237349 -0.288108 0.150811 -0.341155 0.273221 -0.524225
6 -0.342251 -0.362993 0.349612 -0.006931 0.050440 -0.049079 0.032513 0.328043 0.101417 -0.066205 0.290623 0.287922 -0.200095 -0.272383 0.172805 -0.288111 0.223922 -0.469300
11 -0.426383 -0.419894 0.377392 -0.021200 0.081173 -0.118704 -0.003664 0.414991 0.169892 -0.127919 0.359858 0.407897 -0.197578 -0.234517 0.164696 -0.353603 0.225448 -0.509713
15 -0.450372 -0.447682 0.395043 -0.053159 0.083246 -0.060467 0.035420 0.353276 0.151854 -0.125079 0.388828 0.401860 -0.211047 -0.249446 0.179996 -0.352120 0.213519 -0.527136
14 -0.393427 -0.397644 0.388779 -0.046852 0.080643 -0.051392 0.005673 0.328932 0.090824 -0.081666 0.295497 0.341332 -0.219841 -0.255859 0.164420 -0.305651 0.255748 -0.474858
4 -0.390022 -0.340091 0.336349 -0.019212 0.085713 -0.149333 -0.025983 0.430307 0.159926 -0.133225 0.397416 0.420604 -0.137236 -0.235405 0.099299 -0.325494 0.230445 -0.496522
13 -0.380476 -0.446625 0.416594 -0.088666 -0.010991 -0.104240 0.047266 0.378297 0.182804 -0.019183 0.282687 0.371747 -0.180938 -0.366576 0.205131 -0.353875 0.220822 -0.560683
16 -0.404124 -0.437981 0.403403 -0.063184 -0.007536 -0.103771 0.055667 0.377981 0.171114 -0.035568 0.284940 0.399196 -0.201354 -0.297543 0.210332 -0.356735 0.200489 -0.558260
