18 18
2 -0.302710 -0.550380 0.278239 -0.242112 0.010958 -0.056866 -0.018323 0.127361 0.117582 -0.029019 0.207197 0.484249 -0.144559 -0.025580 0.359962 -0.424599 -0.301120 -0.209117
14 -0.326715 -0.586298 0.305066 -0.238697 0.029929 -0.038653 -0.011845 0.148717 0.171273 -0.029617 0.210681 0.512341 -0.183393 -0.086772 0.403078 -0.422497 -0.276764 -0.289157
10 -0.367885 -0.624034 0.322557 -0.302333 0.000348 -0.026456 -0.023727 0.082043 0.171192 -0.001671 0.227038 0.521685 -0.145565 0.098908 0.346431 -0.369157 -0.287299 -0.164818
1 -0.391857 -0.626526 0.354417 -0.326939 0.000798 -0.079391 -0.053753 0.095282 0.161553 0.019541 0.188550 0.479434 -0.106728 0.063991 0.325811 -0.392414 -0.268429 -0.177800
11 -0.339892 -0.573776 0.294047 -0.228684 0.017308 -0.054223 -0.033563 0.136702 0.175994 -0.039758 0.201577 0.475122 -0.165336 0.002865 0.387157 -0.407024 -0.282739 -0.229826
3 -0.300504 -0.530342 0.266116 -0.163235 0.029792 -0.045115 0.035046 0.196352 0.188107 -0.084389 0.248844 0.470169 -0.214044 -0.182723 0.409914 -0.458409 -0.256424 -0.354436
15 -0.378909 -0.609451 0.338245 -0.305012 -0.000797 -0.023195 -0.020193 0.068790 0.150432 -0.003625 0.222418 0.491541 -0.138090 0.064761 0.373468 -0.404697 -0.301999 -0.218153
4 -0.322221 -0.552950 0.279558 -0.208834 0.042208 -0.077258 -0.027548 0.186066 0.191483 -0.069424 0.271113 0.515646 -0.157320 -0.090826 0.403284 -0.456180 -0.304836 -0.308744
16 -0.302265 -0.530589 0.277456 -0.225342 -0.016867 -0.040794 0.012735 0.112511 0.165201 -0.008473 0.182894 0.470414 -0.160230 -0.007321 0.381026 -0.385140 -0.293365 -0.260209
6 -0.193660 -0.535902 0.180394 -0.031762 0.042073 -0.026240 0.111526 0.351620 0.307441 -0.163066 0.298213 0.522235 -0.265580 -0.461967 0.553365 -0.525056 -0.313984 -0.556970
12 -0.406902 -0.663581 0.338856 -0.311046 -0.012741 -0.064395 -0.047874 0.089816 0.150812 0.008501 0.257851 0.564944 -0.171494 0.041838 0.400858 -0.416304 -0.342379 -0.218275
8 -0.364148 -0.665492 0.343030 -0.274607 -0.014573 -0.042484 -0.004903 0.145912 0.181509 0.003249 0.227393 0.551214 -0.187212 -0.021984 0.436929 -0.470825 -0.298310 -0.258218
0 -0.373128 -0.634952 0.338446 -0.342913 -0.046941 -0.022357 -0.051530 0.073757 0.139335 0.023187 0.224597 0.502316 -0.126115 0.065689 0.391732 -0.399459 -0.268601 -0.185714
13 -0.351025 -0.611467 0.342839 -0.315038 -0.019048 -0.052550 -0.023312 0.066639 0.167135 0.027628 0.196959 0.479689 -0.130836 0.036838 0.377728 -0.393032 -0.317023 -0.215945
7 -0.221011 -0.524774 0.195804 -0.132996 0.014310 -0.026667 0.056200 0.261320 0.278949 -0.119264 0.243219 0.504920 -0.202280 -0.305597 0.479118 -0.471813 -0.279104 -0.420630
17 -0.341183 -0.598557 0.316953 -0.248168 -0.041150 -0.054567 0.006206 0.121757 0.192840 0.019573 0.226897 0.525894 -0.137689 0.029989 0.373465 -0.377457 -0.291822 -0.266001
5 -0.313749 -0.581030 0.253467 -0.228519 0.037975 -0.057772 0.014276 0.110775 0.195868 -0.054153 0.242940 0.499564 -0.180599 -0.045519 0.393265 -0.434932 -0.293967 -0.281328
9 -0.295548 -0.520394 0.231844 -0.214957 0.006237 -0.041958 -0.005675 0.150946 0.195240 -0.032811 0.209826 0.488812 -0.149700 -0.082111 0.356443 -0.390874 -0.280276 -0.228453
