18 18
2 -0.165538 -0.476316 0.262844 -0.301108 -0.022536 -0.094176 0.225370 0.200879 0.149033 0.060570 -0.097625 0.387257 -0.124307 -0.431511 0.247724 -0.558646 -0.115198 -0.364823
13 -0.201649 -0.478955 0.292535 -0.310533 -0.017550 -0.096548 0.210702 0.155967 0.182236 0.083124 -0.087975 0.353405 -0.126294 -0.404526 0.252622 -0.515808 -0.126910 -0.378170
14 -0.249018 -0.529836 0.336797 -0.341338 0.009074 -0.093964 0.201060 0.163916 0.168578 0.088359 -0.112584 0.407132 -0.157297 -0.416362 0.258299 -0.548158 -0.090609 -0.408031
3 -0.270492 -0.520539 0.336816 -0.321745 0.008925 -0.123244 0.230201 0.189742 0.146049 0.053543 -0.062934 0.381231 -0.176802 -0.450440 0.238013 -0.590154 -0.074218 -0.419484
12 -0.243661 -0.502242 0.278275 -0.310042 -0.014317 -0.113120 0.185934 0.153182 0.147672 0.066839 -0.036506 0.394653 -0.147869 -0.371162 0.238638 -0.509537 -0.118401 -0.355474
1 -0.255217 -0.501996 0.314179 -0.312359 0.021828 -0.129151 0.196491 0.183038 0.184513 0.057794 -0.089191 0.360720 -0.128084 -0.385204 0.221226 -0.544060 -0.073697 -0.390794
0 -0.233240 -0.478253 0.297151 -0.326324 -0.006707 -0.095944 0.183374 0.141623 0.132735 0.056182 -0.041788 0.349337 -0.135670 -0.370714 0.243244 -0.528973 -0.058600 -0.380318
9 -0.238567 -0.457782 0.232523 -0.270929 -0.015787 -0.118314 0.175496 0.226804 0.243689 0.057301 -0.072723 0.408663 -0.122730 -0.402630 0.226680 -0.503609 -0.145279 -0.325446
5 -0.221305 -0.504610 0.277460 -0.306379 0.031252 -0.112881 0.228389 0.128705 0.164052 0.040228 -0.050557 0.367764 -0.161893 -0.372697 0.244661 -0.552612 -0.088633 -0.406060
16 -0.236960 -0.487530 0.301886 -0.296672 -0.009718 -0.109644 0.222655 0.176360 0.181421 0.068652 -0.097747 0.391535 -0.156386 -0.366810 0.268955 -0.550919 -0.128826 -0.411634
17 -0.222655 -0.487241 0.279152 -0.262463 -0.045302 -0.111461 0.219937 0.197901 0.216487 0.088030 -0.063709 0.402153 -0.121591 -0.356118 0.230363 -0.473528 -0.123370 -0.384577
11 -0.251013 -0.501475 0.293907 -0.280633 0.008549 -0.114162 0.178246 0.214105 0.195142 0.033848 -0.079012 0.376421 -0.149162 -0.367037 0.260133 -0.538009 -0.115126 -0.366016
8 -0.217771 -0.532986 0.297216 -0.282957 -0.032039 -0.093710 0.235123 0.224506 0.208408 0.085009 -0.103344 0.400004 -0.156791 -0.412743 0.279603 -0.560824 -0.110002 -0.377706
6 -0.173368 -0.488814 0.262661 -0.254817 -0.015803 -0.071090 0.243411 0.211892 0.178369 0.057860 -0.073414 0.357869 -0.140203 -0.411310 0.265068 -0.516951 -0.112579 -0.377547
15 -0.247167 -0.510049 0.311011 -0.323830 0.000267 -0.067813 0.231211 0.134028 0.162179 0.058888 -0.059128 0.377124 -0.143164 -0.378367 0.251027 -0.532259 -0.123337 -0.394517
10 -0.204904 -0.513464 0.269322 -0.294215 -0.002456 -0.070793 0.250953 0.194219 0.205456 0.039956 -0.063161 0.404958 -0.167100 -0.401486 0.250631 -0.536527 -0.098627 -0.372844
4 -0.230933 -0.463169 0.301823 -0.298185 0.023137 -0.124057 0.185788 0.190661 0.161220 0.046085 -0.048377 0.376430 -0.124024 -0.402500 0.229151 -0.546160 -0.085942 -0.404497
7 -0.171062 -0.498514 0.258352 -0.309402 -0.044272 -0.069201 0.238351 0.197049 0.212141 0.062936 -0.101353 0.380183 -0.130175 -0.447167 0.278834 -0.531233 -0.098510 -0.391003
