18 18
1 -0.403901 -0.445482 0.290521 -0.242431 0.091488 -0.097339 0.086796 0.228898 0.463914 -0.068469 0.008152 0.361361 -0.038600 -0.048047 0.220694 -0.369474 -0.120543 -0.413182
10 -0.427592 -0.466825 0.282720 -0.254475 0.096886 -0.029009 0.086227 0.223377 0.510272 -0.091890 0.047005 0.434570 -0.075177 -0.018266 0.258176 -0.329091 -0.147033 -0.405768
2 -0.414465 -0.482687 0.308462 -0.268012 0.088347 -0.072494 0.109011 0.254092 0.476624 -0.079883 0.014975 0.432526 -0.049816 -0.072121 0.270732 -0.421723 -0.174511 -0.447640
6 -0.418091 -0.472355 0.300217 -0.228075 0.092919 -0.055892 0.097602 0.241544 0.494142 -0.073472 0.027940 0.409842 -0.069669 -0.048091 0.292523 -0.372854 -0.176605 -0.459095
0 -0.442671 -0.491822 0.300008 -0.291597 0.060090 -0.044964 0.058221 0.213917 0.490288 -0.068168 0.057633 0.424328 -0.053321 -0.023376 0.294756 -0.364614 -0.136925 -0.426028
12 -0.456804 -0.490775 0.301248 -0.280326 0.065916 -0.072332 0.044740 0.191981 0.456584 -0.038139 0.047358 0.434944 -0.061092 -0.020143 0.259645 -0.314112 -0.179302 -0.398874
8 -0.400849 -0.473959 0.296861 -0.243796 0.062336 -0.053008 0.096629 0.220181 0.469437 -0.047432 0.006432 0.387869 -0.070348 -0.043902 0.277163 -0.376353 -0.135689 -0.410481
13 -0.416226 -0.480062 0.321518 -0.284726 0.090111 -0.069568 0.084232 0.209264 0.501753 -0.051502 0.002289 0.398991 -0.053936 -0.073432 0.287709 -0.378098 -0.183876 -0.449653
15 -0.446962 -0.472954 0.315218 -0.278621 0.092899 -0.032296 0.082153 0.176901 0.465466 -0.070857 0.018634 0.397733 -0.053118 -0.013307 0.270020 -0.349294 -0.191753 -0.413254
16 -0.418521 -0.429372 0.286702 -0.245411 0.071919 -0.064045 0.083249 0.211620 0.477370 -0.058957 -0.002351 0.406663 -0.062213 -0.010510 0.274668 -0.349780 -0.177862 -0.429325
4 -0.418429 -0.433165 0.296003 -0.241549 0.105558 -0.079939 0.056510 0.249644 0.475967 -0.087114 0.045888 0.403459 -0.038426 -0.051952 0.246810 -0.361679 -0.142664 -0.423911
14 -0.432851 -0.473082 0.319880 -0.278326 0.108294 -0.050016 0.056809 0.206322 0.465396 -0.057187 -0.011709 0.413851 -0.062234 -0.046241 0.261948 -0.338050 -0.150913 -0.415109
7 -0.418990 -0.488080 0.285036 -0.282432 0.064994 -0.042912 0.079989 0.229998 0.536451 -0.076736 0.012620 0.434264 -0.046699 -0.055209 0.297079 -0.359374 -0.167056 -0.441106
17 -0.412721 -0.457740 0.288620 -0.220447 0.060602 -0.082463 0.102260 0.236238 0.497763 -0.052364 0.036374 0.419985 -0.048514 -0.022675 0.243456 -0.340806 -0.152266 -0.445642
11 -0.451320 -0.485208 0.305850 -0.250567 0.104060 -0.072806 0.036374 0.226573 0.488198 -0.085332 0.016271 0.416859 -0.071127 -0.005481 0.288196 -0.351600 -0.173620 -0.407449
9 -0.410639 -0.439077 0.257157 -0.250218 0.083165 -0.064121 0.075714 0.232338 0.495829 -0.072159 0.016262 0.396901 -0.047557 -0.067319 0.240723 -0.353543 -0.156511 -0.384674
5 -0.382877 -0.445262 0.249650 -0.230407 0.105604 -0.082259 0.102396 0.177752 0.455009 -0.082244 0.044969 0.385988 -0.078125 -0.035827 0.257492 -0.372839 -0.162110 -0.424732
3 -0.415277 -0.424881 0.303677 -0.231249 0.097134 -0.070819 0.095257 0.204683 0.414977 -0.076607 0.035303 0.348993 -0.084935 -0.074264 0.232262 -0.371678 -0.118905 -0.424081
