18 18
2 -0.292166 -0.506164 0.445376 -0.251958 0.050505 -0.059312 0.152509 0.168573 0.071520 0.004412 0.088359 0.115382 -0.024629 -0.253954 0.258412 -0.447477 -0.020456 -0.491394
7 -0.322164 -0.577675 0.475934 -0.292176 0.011865 -0.021363 0.154028 0.194357 0.167310 0.021531 0.067900 0.150509 -0.035377 -0.274853 0.340212 -0.463687 -0.006800 -0.538696
1 -0.345273 -0.560003 0.492840 -0.275745 0.053263 -0.069800 0.144049 0.183085 0.142732 0.024298 0.064711 0.109053 -0.024477 -0.245532 0.276751 -0.449691 0.003402 -0.521316
8 -0.320541 -0.569761 0.472432 -0.247504 0.018536 -0.007327 0.147413 0.199175 0.141364 0.027304 0.056350 0.153892 -0.080107 -0.213004 0.328982 -0.456397 0.025007 -0.477858
0 -0.332154 -0.564076 0.469072 -0.290180 0.002375 -0.023699 0.135260 0.167105 0.138243 0.027510 0.115054 0.134038 -0.026983 -0.228123 0.324838 -0.447406 0.020913 -0.526682
6 -0.330533 -0.562719 0.493380 -0.258829 0.027053 -0.037879 0.154059 0.174283 0.124647 0.050984 0.086810 0.116047 -0.031890 -0.249207 0.313116 -0.428143 -0.024073 -0.541109
3 -0.349084 -0.538158 0.487481 -0.252574 0.055508 -0.043203 0.157782 0.174906 0.103751 -0.001711 0.100924 0.110808 -0.076730 -0.261765 0.284507 -0.462921 0.025417 -0.529778
12 -0.369120 -0.586020 0.490627 -0.298492 0.034239 -0.061488 0.122361 0.142550 0.103836 0.041168 0.121146 0.154397 -0.043282 -0.239140 0.300217 -0.434519 -0.035447 -0.518483
9 -0.367327 -0.599004 0.491632 -0.291523 0.029943 -0.037048 0.154967 0.215135 0.187115 0.017871 0.096673 0.174676 -0.046078 -0.269543 0.331988 -0.493431 -0.008938 -0.545578
5 -0.340657 -0.581489 0.460471 -0.269562 0.069000 -0.063789 0.168439 0.156092 0.144698 -0.009410 0.127873 0.149086 -0.063008 -0.244051 0.319901 -0.491220 -0.017519 -0.567684
13 -0.309047 -0.542950 0.483198 -0.289967 0.026233 -0.037553 0.147081 0.145734 0.126694 0.050394 0.061350 0.110764 -0.026404 -0.256321 0.306008 -0.432806 -0.036237 -0.509582
4 -0.352579 -0.551658 0.519185 -0.269478 0.073496 -0.072337 0.128367 0.210938 0.117747 0.004371 0.114371 0.130566 -0.024382 -0.268281 0.297612 -0.481292 0.008338 -0.576105
16 -0.323552 -0.523040 0.470892 -0.256341 0.011572 -0.045893 0.165896 0.165189 0.145672 0.039594 0.057075 0.132317 -0.044220 -0.198588 0.312317 -0.438283 -0.024982 -0.538241
14 -0.326625 -0.531237 0.472775 -0.279228 0.056578 -0.027183 0.109995 0.146548 0.095036 0.038905 0.046800 0.132712 -0.049126 -0.229368 0.274671 -0.397961 0.001598 -0.465945
11 -0.345429 -0.568102 0.475438 -0.243470 0.043980 -0.037733 0.117909 0.223729 0.160985 -0.010841 0.073869 0.153734 -0.070216 -0.211146 0.340561 -0.471516 -0.001229 -0.505554
10 -0.339732 -0.597947 0.481709 -0.265418 0.040421 0.006682 0.164499 0.212670 0.186174 -0.007706 0.093660 0.183329 -0.083716 -0.215580 0.331645 -0.456576 0.019420 -0.507346
17 -0.334075 -0.562519 0.486878 -0.250392 -0.000390 -0.066375 0.173064 0.186615 0.169780 0.055003 0.094086 0.153281 -0.018440 -0.214928 0.285776 -0.421029 -0.002117 -0.561440
15 -0.362255 -0.579198 0.508332 -0.301942 0.048602 -0.017918 0.161187 0.145379 0.121963 0.016836 0.098440 0.129157 -0.034512 -0.239235 0.312419 -0.461611 -0.036620 -0.541703
