18 18
15 -0.361835 -0.393906 0.464247 -0.117986 0.044649 0.011848 0.256982 0.169512 0.179037 -0.018763 0.070967 0.303294 -0.231239 -0.276659 0.257721 -0.380938 -0.055517 -0.652726
17 -0.345780 -0.367857 0.465765 -0.084150 0.020045 -0.047505 0.265106 0.210244 0.181131 0.023004 0.031049 0.329942 -0.219951 -0.287588 0.217421 -0.361560 -0.055476 -0.665475
5 -0.333206 -0.383584 0.415094 -0.109347 0.061857 -0.038037 0.256442 0.163730 0.189437 -0.016549 0.055196 0.316293 -0.232249 -0.282580 0.227640 -0.382910 -0.062502 -0.627987
3 -0.351529 -0.333128 0.477836 -0.090126 0.055251 -0.022853 0.242757 0.195802 0.118585 -0.011070 0.031413 0.245222 -0.251971 -0.335717 0.213856 -0.385201 0.000899 -0.632494
4 -0.323136 -0.319333 0.427307 -0.076877 0.064537 -0.033951 0.202960 0.217207 0.171716 -0.031683 0.074493 0.284117 -0.199816 -0.284479 0.221316 -0.360564 -0.021071 -0.625001
11 -0.356489 -0.374796 0.457184 -0.096175 0.052487 -0.031221 0.214753 0.209690 0.173160 -0.020807 0.026453 0.289624 -0.238900 -0.288131 0.254727 -0.389268 -0.046426 -0.621671
16 -0.318123 -0.313531 0.438834 -0.099122 0.043884 -0.018458 0.247307 0.172789 0.140667 -0.004524 -0.002970 0.272517 -0.233610 -0.292038 0.251730 -0.378064 -0.076673 -0.636488
1 -0.352005 -0.375112 0.454281 -0.118285 0.053957 -0.044713 0.216598 0.208254 0.186887 -0.007483 0.028638 0.278270 -0.195144 -0.291238 0.208455 -0.372039 -0.015964 -0.604859
8 -0.311727 -0.372642 0.444152 -0.078210 0.018684 -0.012176 0.251594 0.201795 0.166599 0.017252 0.027028 0.283446 -0.240431 -0.287946 0.245072 -0.376945 -0.007983 -0.604599
14 -0.351119 -0.376441 0.485980 -0.130959 0.059210 -0.014276 0.221444 0.185075 0.147902 0.011409 0.002754 0.306816 -0.235553 -0.308550 0.236036 -0.367736 -0.031949 -0.632428
2 -0.323706 -0.363617 0.448742 -0.114503 0.041929 -0.035004 0.242911 0.217167 0.143710 -0.006237 0.017338 0.309029 -0.205517 -0.327893 0.218516 -0.400845 -0.059997 -0.607731
9 -0.350159 -0.351729 0.435479 -0.115382 0.044396 -0.029706 0.235073 0.210743 0.193326 -0.001981 0.026310 0.319903 -0.217826 -0.337969 0.215971 -0.378285 -0.059361 -0.610480
6 -0.319573 -0.353206 0.448840 -0.078567 0.049165 -0.009790 0.246424 0.203898 0.148290 -0.002448 0.032374 0.271114 -0.231092 -0.317903 0.246138 -0.368192 -0.048999 -0.634941
0 -0.348231 -0.389965 0.441307 -0.124841 0.026552 -0.000313 0.221454 0.184968 0.168805 -0.015601 0.091679 0.304591 -0.217036 -0.274221 0.258185 -0.381472 -0.013829 -0.626673
13 -0.308528 -0.347524 0.451061 -0.122499 0.029696 -0.020276 0.238889 0.172268 0.173696 0.013198 0.023289 0.273666 -0.207908 -0.317392 0.242695 -0.364255 -0.058604 -0.629931
10 -0.329020 -0.372982 0.425733 -0.086806 0.055117 0.009736 0.253555 0.202790 0.202238 -0.030972 0.073791 0.320157 -0.243391 -0.267848 0.223538 -0.349096 -0.014004 -0.605929
7 -0.297138 -0.340644 0.422794 -0.101334 0.019738 0.006909 0.242855 0.202396 0.185890 -0.013887 0.025614 0.282054 -0.221663 -0.338392 0.257297 -0.362566 -0.015700 -0.634427
12 -0.354752 -0.377096 0.439719 -0.123984 0.028329 -0.029316 0.213808 0.157994 0.143783 0.015999 0.059729 0.315931 -0.224414 -0.276005 0.227319 -0.337854 -0.069902 -0.601190
