18 18
17 -0.141753 -0.418945 0.208637 -0.147031 -0.178950 0.287051 0.388415 -0.028882 0.380966 0.004905 0.111115 0.316463 -0.142357 -0.016968 0.460294 -0.181483 -0.157120 -0.600911
4 -0.259534 -0.471921 0.269945 -0.235153 -0.122621 0.205007 0.265191 -0.007255 0.404806 -0.006189 0.170799 0.327346 -0.102796 -0.071920 0.446998 -0.241673 -0.140238 -0.602197
7 -0.147025 -0.442144 0.196595 -0.196496 -0.179484 0.311285 0.361998 -0.036549 0.404248 -0.012966 0.099933 0.313239 -0.147106 -0.059837 0.501356 -0.203273 -0.149422 -0.590354
11 -0.191439 -0.440989 0.223018 -0.172011 -0.123897 0.232022 0.305761 -0.013582 0.372552 -0.023921 0.099678 0.278824 -0.152061 -0.036887 0.449304 -0.217877 -0.146327 -0.536117
15 -0.142228 -0.395206 0.201930 -0.165568 -0.150977 0.338344 0.380415 -0.075632 0.322362 -0.023432 0.103348 0.274111 -0.152415 0.003010 0.474744 -0.189636 -0.176138 -0.561580
14 -0.186207 -0.436819 0.240575 -0.213903 -0.140637 0.289520 0.308515 -0.053821 0.334632 0.011693 0.088086 0.308763 -0.143359 -0.031272 0.458081 -0.184563 -0.140405 -0.547531
8 -0.185680 -0.445386 0.230641 -0.187237 -0.152386 0.254639 0.309424 -0.025973 0.352045 0.015415 0.111798 0.290963 -0.147288 -0.045290 0.451176 -0.214049 -0.115605 -0.532653
3 -0.210059 -0.448227 0.264438 -0.191725 -0.146990 0.270343 0.365873 -0.042826 0.336062 -0.009892 0.121588 0.263007 -0.174510 -0.079551 0.448443 -0.237336 -0.108379 -0.593469
5 -0.226640 -0.503929 0.226510 -0.227309 -0.119341 0.218824 0.334244 -0.058354 0.412948 -0.013727 0.154764 0.320051 -0.144926 -0.067647 0.456612 -0.253567 -0.155499 -0.599142
6 -0.146532 -0.433721 0.212400 -0.147503 -0.158567 0.310842 0.377153 -0.019183 0.370824 -0.006547 0.124088 0.308247 -0.158041 -0.041470 0.491453 -0.192522 -0.170925 -0.592228
12 -0.270056 -0.503824 0.254779 -0.256912 -0.161241 0.223204 0.266709 -0.055792 0.378570 0.029685 0.170694 0.353465 -0.127266 -0.046424 0.458649 -0.201324 -0.179334 -0.556700
1 -0.258775 -0.502599 0.282518 -0.241452 -0.124342 0.187079 0.294433 -0.016036 0.409872 0.011611 0.114299 0.290519 -0.106638 -0.073921 0.422970 -0.240081 -0.132638 -0.580499
13 -0.206994 -0.459401 0.264414 -0.242920 -0.147361 0.212209 0.303624 -0.052564 0.381721 0.029045 0.106975 0.269951 -0.107449 -0.088799 0.441413 -0.221803 -0.157074 -0.577533
0 -0.211868 -0.456314 0.230068 -0.243561 -0.176444 0.289267 0.286708 -0.051727 0.356059 0.007591 0.154582 0.325861 -0.124731 -0.030089 0.493393 -0.212766 -0.141852 -0.561498
16 -0.164978 -0.417826 0.221010 -0.187499 -0.170283 0.300208 0.366546 -0.059936 0.354856 0.002882 0.089556 0.311597 -0.152885 0.001546 0.498177 -0.211896 -0.189786 -0.594909
10 -0.149969 -0.442715 0.187540 -0.165044 -0.143239 0.331494 0.387618 -0.030683 0.420942 -0.040084 0.141245 0.341859 -0.167405 -0.013364 0.466944 -0.174375 -0.157973 -0.562632
2 -0.161449 -0.446925 0.215028 -0.199103 -0.156825 0.282456 0.354629 -0.023706 0.352237 -0.011691 0.113152 0.320024 -0.130662 -0.059091 0.460446 -0.226031 -0.171091 -0.559102
9 -0.249710 -0.483041 0.238418 -0.245303 -0.150224 0.249950 0.301633 -0.024682 0.427052 0.007481 0.150186 0.352710 -0.124398 -0.078834 0.467866 -0.231546 -0.171777 -0.577605
