18 18
14 -0.341282 -0.537710 0.192387 -0.510128 -0.098420 0.170375 0.150487 -0.148885 0.143374 0.025881 0.081278 0.435474 -0.210657 -0.138207 0.388444 -0.387934 -0.368957 -0.158901
1 -0.344332 -0.548390 0.183596 -0.506877 -0.085274 0.137948 0.232782 -0.171696 0.193968 0.017846 0.096239 0.439766 -0.206936 -0.139292 0.406703 -0.425045 -0.467203 -0.249583
7 -0.133975 -0.411049 0.063343 -0.365990 -0.137004 0.194859 0.344507 -0.207619 0.193560 0.017642 0.084002 0.382963 -0.215388 -0.098800 0.506476 -0.382756 -0.514482 -0.339866
11 -0.268412 -0.485003 0.141164 -0.412769 -0.108861 0.163077 0.205667 -0.131745 0.170082 -0.008167 0.091156 0.399546 -0.221065 -0.085221 0.453943 -0.409840 -0.420843 -0.224594
6 -0.023426 -0.317628 0.020703 -0.214000 -0.093594 0.168972 0.456728 -0.240449 0.182761 0.032688 0.086298 0.337870 -0.233918 -0.035503 0.543647 -0.353560 -0.626290 -0.467297
9 -0.361036 -0.532664 0.140224 -0.508151 -0.101390 0.147398 0.171463 -0.143359 0.208506 0.013313 0.122131 0.479891 -0.209265 -0.157124 0.395711 -0.411256 -0.453749 -0.168440
0 -0.170266 -0.485792 0.117477 -0.431134 -0.204843 0.230588 0.231794 -0.142712 0.134145 0.031062 0.108351 0.371942 -0.198530 -0.103537 0.531045 -0.424223 -0.341222 -0.242263
15 -0.362304 -0.523203 0.174966 -0.507483 -0.079426 0.176980 0.214259 -0.203257 0.169272 -0.001285 0.126693 0.432740 -0.206516 -0.115285 0.385789 -0.393721 -0.465181 -0.206901
2 -0.150110 -0.445886 0.099494 -0.391035 -0.156799 0.196011 0.277507 -0.147734 0.124965 0.021549 0.083468 0.382335 -0.189334 -0.106439 0.473871 -0.406363 -0.430319 -0.247400
13 -0.168122 -0.430712 0.109321 -0.402169 -0.117449 0.161840 0.308249 -0.214758 0.176535 0.044690 0.079231 0.372900 -0.196598 -0.112919 0.468648 -0.387448 -0.514272 -0.308193
10 -0.286942 -0.512510 0.129688 -0.470984 -0.094799 0.188958 0.273105 -0.197964 0.208009 0.004881 0.125241 0.463736 -0.236747 -0.107546 0.431318 -0.390016 -0.492706 -0.237062
12 -0.373075 -0.536087 0.163332 -0.512404 -0.105325 0.134717 0.152871 -0.178193 0.159249 0.028376 0.137838 0.466157 -0.206689 -0.123824 0.373099 -0.371066 -0.446173 -0.163675
3 -0.294451 -0.469343 0.166427 -0.438602 -0.100152 0.166247 0.249494 -0.176957 0.126303 0.005647 0.114509 0.379278 -0.230379 -0.140539 0.392389 -0.397231 -0.407535 -0.242139
16 -0.087092 -0.328372 0.053701 -0.274785 -0.104823 0.159011 0.405261 -0.241534 0.162748 0.033472 0.067560 0.348181 -0.225433 -0.021031 0.500713 -0.362788 -0.579112 -0.411663
5 -0.098826 -0.387525 0.029429 -0.294180 -0.073659 0.156795 0.420915 -0.263004 0.201548 0.005058 0.103639 0.380230 -0.249789 -0.039962 0.521368 -0.399655 -0.590014 -0.425142
8 -0.234342 -0.531719 0.160648 -0.444579 -0.188487 0.209293 0.200193 -0.109408 0.145565 0.044950 0.077053 0.396015 -0.216240 -0.121003 0.489752 -0.433956 -0.328504 -0.183279
17 -0.002915 -0.006397 0.005624 0.018021 -0.026928 -0.018564 0.015689 0.014203 0.025956 0.022864 0.010492 0.027524 0.013101 0.016295 -0.014503 0.021066 0.000664 -0.026546
4 -0.000863 0.026536 0.000487 0.011658 0.016931 -0.018308 -0.024615 0.027506 0.003913 -0.015616 0.024595 0.006644 0.019102 -0.007194 -0.007301 -0.006238 0.005807 -0.017039
