18 18
16 -0.277627 -0.359203 0.352404 -0.079869 -0.039109 0.107360 0.323597 0.092394 0.245557 0.083393 0.056584 0.223080 -0.209424 -0.189278 0.442185 -0.377967 -0.162937 -0.700448
1 -0.325392 -0.417130 0.383586 -0.080734 -0.015427 0.075539 0.311089 0.134360 0.264645 0.084604 0.056120 0.209048 -0.212209 -0.227726 0.403221 -0.380643 -0.118674 -0.673514
14 -0.295671 -0.390063 0.379430 -0.093081 -0.009453 0.113841 0.289232 0.101491 0.226010 0.093406 0.048367 0.223573 -0.221230 -0.218359 0.426977 -0.361757 -0.119835 -0.668302
9 -0.295413 -0.367694 0.324587 -0.072458 -0.027087 0.109284 0.319820 0.131666 0.280182 0.063642 0.084712 0.228993 -0.213293 -0.255332 0.425546 -0.390120 -0.151259 -0.659326
4 -0.285725 -0.351243 0.349594 -0.060123 0.000474 0.084007 0.278319 0.138938 0.252599 0.052757 0.098746 0.214113 -0.190113 -0.218062 0.428834 -0.388562 -0.132377 -0.693896
3 -0.339391 -0.401608 0.408455 -0.049682 -0.023562 0.101577 0.361185 0.139406 0.240006 0.066305 0.089312 0.192673 -0.269958 -0.264651 0.438923 -0.429905 -0.107361 -0.734569
6 -0.269717 -0.373113 0.355568 -0.018048 -0.023747 0.107460 0.328916 0.141677 0.230846 0.076715 0.074660 0.177076 -0.228644 -0.230425 0.431133 -0.373842 -0.132825 -0.662142
0 -0.277327 -0.375674 0.351643 -0.092893 -0.050684 0.123715 0.301116 0.107831 0.233482 0.075714 0.095419 0.200817 -0.199629 -0.225067 0.443681 -0.383819 -0.096632 -0.673046
8 -0.285431 -0.395780 0.369826 -0.036526 -0.049894 0.099530 0.327941 0.130236 0.223685 0.098850 0.056780 0.185304 -0.242870 -0.215453 0.424911 -0.386367 -0.101579 -0.645679
17 -0.287498 -0.397908 0.365076 -0.036922 -0.065352 0.094391 0.357710 0.132515 0.275920 0.110225 0.087996 0.235626 -0.216368 -0.219935 0.417339 -0.354642 -0.128390 -0.701586
15 -0.293282 -0.367737 0.356307 -0.100924 -0.023655 0.127102 0.300488 0.072132 0.226340 0.070731 0.078750 0.194287 -0.188744 -0.194452 0.417300 -0.360372 -0.153571 -0.651272
10 -0.295928 -0.390289 0.347065 -0.060498 -0.010569 0.122383 0.323753 0.115673 0.263668 0.057499 0.088890 0.221984 -0.238483 -0.197138 0.405775 -0.350407 -0.119171 -0.642499
12 -0.340856 -0.420251 0.380972 -0.079703 -0.045200 0.091962 0.316283 0.094324 0.228418 0.102877 0.101013 0.239558 -0.246045 -0.212378 0.435301 -0.369943 -0.169801 -0.688801
5 -0.272696 -0.387054 0.307333 -0.085568 -0.007952 0.098172 0.320477 0.070810 0.262857 0.054575 0.094024 0.225979 -0.216140 -0.201598 0.427185 -0.377255 -0.146668 -0.660540
11 -0.300675 -0.375488 0.342895 -0.050347 -0.009916 0.080941 0.273575 0.137497 0.247826 0.045925 0.062441 0.194833 -0.222142 -0.192378 0.421585 -0.379180 -0.129108 -0.631064
13 -0.261944 -0.362898 0.359937 -0.096499 -0.039739 0.104833 0.309026 0.088086 0.243494 0.096256 0.057823 0.184840 -0.190589 -0.237517 0.431368 -0.371779 -0.151657 -0.670672
7 -0.259710 -0.368062 0.322362 -0.076082 -0.047733 0.118031 0.312564 0.129636 0.277166 0.063097 0.067333 0.209650 -0.197651 -0.259274 0.438476 -0.372827 -0.117293 -0.676620
2 0.021368 -0.003688 -0.004957 -0.007525 -0.007603 0.001755 0.011077 0.016235 -0.024745 -0.003279 -0.008624 0.014563 0.014594 -0.017313 -0.004715 -0.020484 -0.014205 0.014938
