18 18
5 0.040131 -0.280930 -0.087008 0.176107 0.047609 -0.060541 0.278060 0.247343 0.497153 -0.228897 0.402788 0.375742 -0.236172 0.001791 0.427809 -0.402426 -0.053345 -0.569946
0 -0.058256 -0.303520 -0.015057 0.063416 0.026881 -0.001730 0.239412 0.257922 0.506791 -0.224272 0.433978 0.397560 -0.206473 -0.045143 0.420848 -0.410032 0.017662 -0.585517
11 -0.097869 -0.302728 0.005163 0.061915 0.076424 -0.014080 0.212649 0.263740 0.517910 -0.239957 0.371393 0.384058 -0.219359 -0.041097 0.392936 -0.396926 -0.003797 -0.549068
13 -0.031793 -0.295334 -0.003473 0.077443 0.045414 -0.018571 0.264443 0.252227 0.520292 -0.208140 0.398312 0.381047 -0.210745 -0.068432 0.410867 -0.402223 -0.018585 -0.596034
6 0.026697 -0.269605 -0.053194 0.176852 0.036670 -0.027992 0.262569 0.292872 0.484769 -0.214445 0.403166 0.373076 -0.221730 -0.030672 0.420500 -0.375776 -0.029333 -0.567229
4 -0.092032 -0.251805 0.008982 0.042005 0.071065 -0.010241 0.210051 0.258012 0.493414 -0.227887 0.405147 0.387649 -0.175748 -0.065831 0.347079 -0.377782 0.022715 -0.561354
7 -0.042465 -0.288044 -0.034759 0.048594 0.028770 0.025855 0.240122 0.267771 0.538862 -0.227570 0.372681 0.403764 -0.199190 -0.083669 0.394396 -0.367745 0.027250 -0.544684
9 -0.231731 -0.328890 0.051389 -0.119752 0.096649 0.072991 0.205467 0.228148 0.575732 -0.233152 0.391059 0.439341 -0.179579 -0.158697 0.308352 -0.373028 0.067226 -0.534032
3 -0.171641 -0.304738 0.060386 -0.023429 0.085550 0.034547 0.236742 0.233412 0.499600 -0.240208 0.410683 0.387626 -0.217066 -0.115249 0.334337 -0.392045 0.070056 -0.582232
17 -0.064076 -0.276912 -0.004947 0.079282 0.027744 -0.017910 0.243003 0.254194 0.504740 -0.192337 0.384730 0.397162 -0.181519 -0.034079 0.342250 -0.336358 0.008587 -0.554948
16 -0.062683 -0.261326 0.000284 0.049048 0.043519 0.001210 0.241213 0.216373 0.465310 -0.200726 0.339796 0.372352 -0.206113 -0.022706 0.373864 -0.368369 -0.014751 -0.540737
1 -0.210814 -0.345836 0.085981 -0.096148 0.089647 0.028698 0.210548 0.243028 0.550906 -0.218846 0.365799 0.407442 -0.165078 -0.126738 0.315947 -0.389097 0.075444 -0.564884
8 -0.032074 -0.296392 -0.005046 0.107516 0.026437 -0.008530 0.256081 0.262234 0.476930 -0.190294 0.378743 0.373837 -0.223813 -0.041324 0.399133 -0.389337 0.012394 -0.548252
10 -0.040261 -0.273654 -0.032472 0.089995 0.065730 0.015955 0.248323 0.246508 0.505912 -0.235561 0.404605 0.392007 -0.218598 -0.019732 0.354488 -0.338756 0.017004 -0.519332
15 -0.273995 -0.345810 0.115779 -0.168340 0.104358 0.106169 0.210054 0.171386 0.525379 -0.229632 0.384781 0.407964 -0.164062 -0.122315 0.304860 -0.370922 0.061085 -0.550891
2 -0.010933 -0.289387 -0.030246 0.091408 0.036549 -0.010479 0.263082 0.274499 0.475535 -0.225483 0.386620 0.404237 -0.203773 -0.050394 0.392510 -0.403980 -0.018402 -0.546799
14 -0.170641 -0.338860 0.067242 -0.066407 0.093585 0.056826 0.209294 0.224771 0.518837 -0.219121 0.376539 0.428701 -0.207198 -0.104774 0.350984 -0.372445 0.068314 -0.562218
12 -0.026600 -0.022358 0.002765 -0.019307 -0.014582 -0.010130 -0.018079 -0.025837 -0.017080 0.018496 0.026502 0.027636 -0.006702 0.013838 0.001462 0.019107 -0.024921 0.008452
