18 18
1 -0.287370 -0.594889 0.448573 -0.416108 -0.115319 0.070820 0.195619 0.132205 0.251435 0.125459 -0.127366 0.294824 -0.074878 -0.136049 0.365761 -0.452561 0.023222 -0.389341
2 -0.223070 -0.554352 0.399235 -0.363871 -0.120638 0.089019 0.240957 0.157348 0.224064 0.099029 -0.107233 0.318525 -0.082599 -0.147056 0.369829 -0.488747 0.020706 -0.395771
0 -0.269612 -0.550675 0.397945 -0.412758 -0.139123 0.097767 0.152826 0.058065 0.200132 0.124839 -0.075434 0.295645 -0.089153 -0.087480 0.395634 -0.400493 -0.027122 -0.364755
10 -0.256217 -0.596460 0.418972 -0.385677 -0.107074 0.131052 0.256846 0.136791 0.274254 0.088170 -0.092417 0.338328 -0.127040 -0.111963 0.394052 -0.470233 0.039175 -0.409662
14 -0.293912 -0.580999 0.451044 -0.451105 -0.115176 0.088391 0.139049 0.057660 0.198340 0.153910 -0.139744 0.315609 -0.092366 -0.106657 0.388874 -0.396806 -0.046493 -0.361653
3 -0.282714 -0.545119 0.430755 -0.324122 -0.079679 0.093802 0.276163 0.150496 0.222657 0.054421 -0.057199 0.293788 -0.161264 -0.142935 0.370270 -0.519093 0.074222 -0.471772
8 -0.266045 -0.602662 0.443830 -0.406061 -0.145719 0.102198 0.202986 0.105140 0.232357 0.151861 -0.130461 0.303500 -0.107563 -0.119908 0.411207 -0.449910 0.003662 -0.380457
11 -0.304543 -0.578508 0.425964 -0.389453 -0.109425 0.084748 0.162699 0.090161 0.227846 0.096587 -0.089924 0.310626 -0.123750 -0.073235 0.416297 -0.436065 -0.053297 -0.387267
7 -0.240187 -0.563457 0.392801 -0.415469 -0.155326 0.110179 0.192367 0.091961 0.244638 0.126736 -0.122127 0.319600 -0.089696 -0.141810 0.417361 -0.421302 -0.028378 -0.395803
17 -0.277796 -0.585687 0.431287 -0.390858 -0.156829 0.074583 0.202253 0.102314 0.254604 0.154442 -0.102884 0.340251 -0.086399 -0.086719 0.383229 -0.407475 -0.023670 -0.413758
9 -0.246568 -0.534797 0.363742 -0.389568 -0.121353 0.091477 0.183398 0.107133 0.248132 0.111610 -0.098568 0.313261 -0.079932 -0.135112 0.357601 -0.413648 -0.024361 -0.337879
6 -0.254020 -0.542596 0.398339 -0.346696 -0.107283 0.095796 0.200889 0.108317 0.213066 0.105522 -0.067709 0.292726 -0.114058 -0.119630 0.394272 -0.427851 -0.023154 -0.402037
13 -0.285289 -0.591127 0.443762 -0.467956 -0.152183 0.081540 0.154088 0.023117 0.219494 0.169388 -0.114250 0.308491 -0.085052 -0.106300 0.424632 -0.399374 -0.103687 -0.392420
12 -0.335641 -0.614247 0.440731 -0.452109 -0.147894 0.077242 0.137031 0.014175 0.190847 0.159867 -0.060336 0.351140 -0.117242 -0.061362 0.415231 -0.382587 -0.106288 -0.379832
15 -0.282200 -0.551560 0.413339 -0.395023 -0.106757 0.107782 0.190222 0.058712 0.209367 0.107605 -0.083537 0.290162 -0.092971 -0.084734 0.376520 -0.413559 -0.048290 -0.373031
16 -0.287620 -0.583492 0.447106 -0.426095 -0.144627 0.086420 0.195435 0.074586 0.224324 0.150006 -0.130805 0.330885 -0.105855 -0.085687 0.424499 -0.440211 -0.068259 -0.418126
5 -0.233319 -0.530204 0.341116 -0.314011 -0.072390 0.073738 0.235774 0.099081 0.249168 0.058386 -0.045995 0.310237 -0.129933 -0.088318 0.370747 -0.458477 0.006494 -0.412031
4 -0.260039 -0.528791 0.404758 -0.352347 -0.095076 0.070210 0.189647 0.144261 0.240857 0.086322 -0.065185 0.311726 -0.088029 -0.117297 0.372589 -0.456499 0.016290 -0.417923
