18 18
2 -0.096140 -0.462225 -0.035387 -0.201445 -0.286559 0.181916 0.223463 0.341397 0.197865 -0.116240 0.254521 0.722629 -0.150395 -0.345302 0.258920 -0.287667 -0.221310 -0.071311
9 -0.130464 -0.457932 -0.062450 -0.200150 -0.298853 0.178511 0.202268 0.351970 0.266198 -0.108543 0.282140 0.769514 -0.147871 -0.347073 0.269534 -0.269702 -0.260850 -0.074495
3 -0.171022 -0.442753 -0.004066 -0.171569 -0.252227 0.149928 0.207235 0.315813 0.171391 -0.128178 0.307478 0.687059 -0.199066 -0.334000 0.221351 -0.268002 -0.170795 -0.122295
6 -0.148447 -0.478926 -0.032193 -0.157595 -0.288790 0.168100 0.221932 0.373220 0.226367 -0.115102 0.317812 0.760149 -0.166385 -0.339806 0.274417 -0.269897 -0.250595 -0.127751
13 -0.086866 -0.445482 -0.020754 -0.208414 -0.297699 0.181676 0.221401 0.312914 0.240803 -0.084020 0.242533 0.706548 -0.149353 -0.350156 0.283230 -0.265975 -0.240604 -0.097891
11 -0.159788 -0.455554 -0.015099 -0.168253 -0.248246 0.141764 0.171424 0.363836 0.249556 -0.141721 0.279439 0.723711 -0.165707 -0.296814 0.270155 -0.279559 -0.220828 -0.102801
0 -0.135122 -0.486081 -0.037281 -0.208870 -0.331251 0.192070 0.201204 0.330469 0.216682 -0.097821 0.319850 0.747194 -0.150434 -0.307761 0.298405 -0.262871 -0.222672 -0.106270
10 -0.125319 -0.443464 -0.049134 -0.164889 -0.261171 0.181397 0.212352 0.322564 0.244046 -0.127647 0.302854 0.733284 -0.170215 -0.267712 0.243812 -0.222313 -0.211126 -0.083798
1 -0.174818 -0.473596 -0.000364 -0.192390 -0.253446 0.121956 0.191464 0.346280 0.246321 -0.111756 0.270176 0.708407 -0.137227 -0.306702 0.236586 -0.271401 -0.210434 -0.116056
8 -0.100524 -0.445168 -0.017504 -0.168711 -0.284543 0.173915 0.209486 0.304716 0.207958 -0.076593 0.225322 0.648260 -0.153980 -0.283982 0.270440 -0.257377 -0.194626 -0.081039
17 -0.137716 -0.447012 -0.035197 -0.156763 -0.317701 0.142367 0.223354 0.342311 0.249994 -0.078008 0.302754 0.781273 -0.140556 -0.275662 0.231402 -0.214915 -0.248261 -0.123450
16 -0.150617 -0.447634 -0.035700 -0.173321 -0.312213 0.154610 0.229301 0.338162 0.251948 -0.094122 0.289255 0.796965 -0.162951 -0.264031 0.276672 -0.252230 -0.295063 -0.138569
15 -0.154901 -0.444706 -0.012148 -0.189083 -0.266436 0.177041 0.207846 0.291960 0.221165 -0.111025 0.280092 0.690353 -0.145268 -0.277238 0.258829 -0.251706 -0.244946 -0.117114
12 -0.162352 -0.470306 -0.035958 -0.192541 -0.295612 0.148950 0.173061 0.302381 0.200032 -0.088646 0.321639 0.746121 -0.155779 -0.279233 0.256575 -0.225324 -0.251781 -0.091698
4 -0.139092 -0.438318 -0.028831 -0.176994 -0.266363 0.147383 0.181877 0.366314 0.232771 -0.128960 0.312912 0.744913 -0.142603 -0.340332 0.254358 -0.274291 -0.213641 -0.120382
7 -0.090655 -0.443709 -0.050281 -0.196925 -0.297707 0.186579 0.211107 0.324018 0.242961 -0.109162 0.236733 0.693992 -0.141510 -0.350140 0.280935 -0.263209 -0.211309 -0.094855
14 -0.121889 -0.439209 -0.003496 -0.194570 -0.251916 0.171740 0.182458 0.293965 0.193038 -0.083760 0.227667 0.674852 -0.157349 -0.302714 0.243056 -0.230341 -0.186028 -0.090956
5 -0.149563 -0.468604 -0.051326 -0.173751 -0.243013 0.135730 0.212805 0.299754 0.230202 -0.134043 0.320035 0.729386 -0.184305 -0.305769 0.257332 -0.279753 -0.223306 -0.140575
