18 18
2 -0.362676 -0.260886 0.396189 -0.010716 -0.033133 -0.105964 0.345574 0.262888 0.029549 -0.118166 0.418138 0.238311 -0.295055 -0.357792 0.054442 -0.482224 0.159268 -0.570792
9 -0.333358 -0.191698 0.307677 -0.025618 -0.021926 -0.091824 0.271673 0.219126 0.121719 -0.091220 0.354359 0.216515 -0.245745 -0.318476 0.025170 -0.378310 0.147060 -0.506967
13 -0.330302 -0.200319 0.379791 -0.039758 -0.037172 -0.090735 0.309444 0.194683 0.106574 -0.076303 0.360132 0.183588 -0.277807 -0.356964 0.056251 -0.405967 0.149907 -0.586612
10 -0.377394 -0.265580 0.380724 -0.021409 -0.007494 -0.070970 0.347091 0.230951 0.102393 -0.134258 0.419837 0.249218 -0.321698 -0.314452 0.053365 -0.438763 0.181488 -0.573052
1 -0.384945 -0.280255 0.390561 -0.034377 -0.013444 -0.118535 0.295468 0.238838 0.091314 -0.100868 0.363005 0.206169 -0.260031 -0.307218 0.048736 -0.437874 0.174957 -0.547772
0 -0.393661 -0.283029 0.398100 -0.044138 -0.055241 -0.093961 0.316685 0.230626 0.076744 -0.104250 0.442432 0.232645 -0.299545 -0.326398 0.085167 -0.459441 0.201341 -0.595328
15 -0.351794 -0.247616 0.359490 -0.033801 -0.021370 -0.058014 0.310711 0.187242 0.071567 -0.107897 0.375371 0.205612 -0.270124 -0.283012 0.068636 -0.421655 0.135318 -0.540977
7 -0.317943 -0.226678 0.329668 -0.015961 -0.053259 -0.081998 0.290486 0.228675 0.103448 -0.102653 0.363143 0.206062 -0.264297 -0.332388 0.073862 -0.406098 0.176606 -0.546217
11 -0.369674 -0.255660 0.380040 -0.002013 -0.013265 -0.098834 0.282111 0.244577 0.085414 -0.124692 0.377152 0.206641 -0.296665 -0.292573 0.081685 -0.445006 0.164354 -0.556404
5 -0.356172 -0.280353 0.344973 0.000803 -0.005421 -0.108267 0.346321 0.218271 0.078680 -0.129365 0.423503 0.239327 -0.311367 -0.317934 0.076588 -0.467674 0.150797 -0.580055
16 -0.375515 -0.240725 0.386464 -0.009846 -0.031284 -0.104368 0.339480 0.233294 0.081906 -0.103267 0.389648 0.237053 -0.304974 -0.313703 0.074845 -0.454889 0.148664 -0.608565
12 -0.377645 -0.271154 0.367006 -0.028782 -0.043817 -0.102840 0.291399 0.199120 0.049404 -0.084369 0.413645 0.237659 -0.291479 -0.298104 0.066189 -0.414813 0.143930 -0.545296
17 -0.325493 -0.216298 0.338773 0.015962 -0.053484 -0.113251 0.294975 0.232314 0.105232 -0.069247 0.372585 0.217282 -0.236531 -0.276338 0.029131 -0.370293 0.162907 -0.557221
6 -0.336699 -0.253409 0.360099 0.021431 -0.011594 -0.075540 0.333112 0.244859 0.057496 -0.117974 0.397055 0.209583 -0.296345 -0.334339 0.076883 -0.451106 0.152400 -0.576078
8 -0.337798 -0.265328 0.371309 -0.000030 -0.042334 -0.084278 0.316852 0.236572 0.059373 -0.089511 0.372667 0.209244 -0.292237 -0.307573 0.077558 -0.451054 0.177862 -0.538455
3 -0.376363 -0.219572 0.387341 0.004456 -0.013500 -0.098023 0.313517 0.227290 0.033886 -0.116084 0.405573 0.181685 -0.303282 -0.328796 0.028066 -0.418500 0.199466 -0.548140
14 -0.381631 -0.263545 0.409820 -0.041023 -0.012269 -0.086977 0.306760 0.224465 0.070145 -0.091293 0.369189 0.232958 -0.301476 -0.332190 0.059992 -0.430145 0.183989 -0.580940
4 -0.337152 -0.204406 0.344282 0.010488 -0.010437 -0.116975 0.264960 0.247565 0.059351 -0.117174 0.413238 0.212835 -0.250827 -0.308766 0.046199 -0.420184 0.173643 -0.550530
