18 18
11 -0.260868 -0.604228 0.496436 -0.260808 -0.201714 -0.127342 0.132130 0.200137 0.289073 0.221443 -0.040448 0.279718 -0.008320 -0.031069 0.306629 -0.327605 -0.006965 -0.441921
1 -0.240522 -0.646830 0.506288 -0.339948 -0.230189 -0.112176 0.195272 0.152394 0.331859 0.264210 -0.094266 0.282855 0.023829 -0.066826 0.264395 -0.301682 0.013960 -0.430056
2 -0.212720 -0.600188 0.489757 -0.293437 -0.237697 -0.096902 0.180863 0.182098 0.254088 0.261431 -0.052519 0.298065 0.025732 -0.069463 0.276121 -0.318538 -0.005078 -0.429654
10 -0.200209 -0.628367 0.492401 -0.329248 -0.232518 -0.046866 0.250665 0.113577 0.341276 0.271145 -0.105993 0.304803 -0.007948 -0.041328 0.263954 -0.269145 -0.000808 -0.424895
8 -0.199863 -0.650882 0.505218 -0.327014 -0.274605 -0.055838 0.258526 0.107932 0.323183 0.312168 -0.129656 0.290422 -0.010789 -0.054423 0.298636 -0.301849 0.003631 -0.439369
7 -0.177186 -0.617031 0.453666 -0.326495 -0.259515 -0.060921 0.221260 0.123707 0.341567 0.259942 -0.102958 0.294897 0.010613 -0.080827 0.292391 -0.273916 -0.007704 -0.424641
14 -0.223309 -0.632863 0.531475 -0.350622 -0.232839 -0.065963 0.212581 0.100747 0.292706 0.310456 -0.127897 0.306653 0.002988 -0.055916 0.277923 -0.281521 -0.003289 -0.451831
3 -0.231157 -0.562095 0.485293 -0.281533 -0.216523 -0.081896 0.193485 0.132528 0.245823 0.248357 -0.048547 0.257487 -0.014443 -0.076872 0.256684 -0.296962 0.027581 -0.440909
17 -0.224262 -0.597597 0.489737 -0.285027 -0.258953 -0.100520 0.204440 0.148371 0.302412 0.288548 -0.058810 0.307056 0.020384 -0.035920 0.262495 -0.273557 0.002743 -0.458295
16 -0.206215 -0.594459 0.491468 -0.323560 -0.242632 -0.073388 0.233011 0.107081 0.309279 0.277773 -0.114057 0.287588 0.000610 -0.038775 0.293439 -0.301294 -0.031620 -0.457168
6 -0.228596 -0.601509 0.494742 -0.258532 -0.225132 -0.093223 0.182158 0.173142 0.273181 0.268095 -0.033006 0.281957 -0.002441 -0.058079 0.301879 -0.302677 -0.006158 -0.470719
0 -0.247045 -0.604412 0.503233 -0.307024 -0.252468 -0.081723 0.150844 0.160275 0.249485 0.268787 -0.006649 0.285413 0.012240 -0.048557 0.311688 -0.318616 0.031546 -0.456592
5 -0.204368 -0.646016 0.461390 -0.317931 -0.216840 -0.088028 0.239745 0.099614 0.345372 0.253739 -0.077801 0.316230 -0.015016 -0.043482 0.293727 -0.306692 -0.030840 -0.455497
4 -0.242387 -0.586148 0.492038 -0.276563 -0.206875 -0.136158 0.119174 0.208384 0.283034 0.230280 0.007376 0.302803 0.033535 -0.058802 0.282060 -0.312434 0.001639 -0.459759
13 -0.165518 -0.595857 0.488456 -0.348110 -0.245470 -0.082805 0.234658 0.084744 0.329108 0.293643 -0.131027 0.256853 0.031335 -0.084067 0.268505 -0.276095 -0.047341 -0.431094
15 -0.235565 -0.620252 0.509849 -0.340373 -0.228542 -0.053658 0.221094 0.096428 0.301639 0.266514 -0.073795 0.284395 0.016988 -0.043688 0.285766 -0.297033 -0.036390 -0.453834
12 -0.249403 -0.599789 0.465881 -0.291924 -0.234291 -0.113923 0.130371 0.137609 0.243867 0.258151 0.004792 0.306690 0.005069 -0.035767 0.278079 -0.271046 -0.027072 -0.412682
9 -0.008402 0.003844 -0.023332 -0.006576 0.000593 0.000225 -0.003692 0.013429 0.026437 -0.004111 0.005667 0.021814 0.003016 -0.025362 -0.007905 -0.006482 -0.012628 0.018993
