18 18
13 -0.307105 -0.573229 0.141928 -0.342244 0.047795 0.059435 0.267619 -0.022764 0.402102 -0.147052 0.043091 0.247121 -0.191637 -0.249564 0.362508 -0.471339 -0.161686 -0.375900
12 -0.377150 -0.561258 0.154002 -0.254257 0.061461 -0.031190 0.214272 -0.039156 0.353849 -0.152735 0.201226 0.364906 -0.176788 0.014398 0.339353 -0.416640 -0.236751 -0.451467
16 -0.344974 -0.537585 0.155984 -0.253583 0.070534 0.000195 0.251907 -0.018627 0.362014 -0.168734 0.115372 0.313596 -0.186213 -0.019594 0.358697 -0.462080 -0.210702 -0.448601
11 -0.371743 -0.545072 0.163534 -0.206531 0.105312 -0.063372 0.174257 0.034179 0.356684 -0.199945 0.144470 0.308589 -0.159049 0.018836 0.344690 -0.448198 -0.226576 -0.446347
5 -0.348122 -0.569248 0.128194 -0.257533 0.091605 -0.011087 0.254911 -0.036383 0.405224 -0.192275 0.171992 0.345232 -0.196337 -0.029266 0.355991 -0.464697 -0.201383 -0.456743
1 -0.364723 -0.568561 0.169149 -0.285473 0.081958 -0.022968 0.220078 0.020366 0.385142 -0.168321 0.103076 0.289034 -0.156451 -0.114944 0.318997 -0.462127 -0.164169 -0.427250
0 -0.345108 -0.542312 0.155681 -0.272948 0.053907 0.019513 0.219441 -0.028830 0.346241 -0.169110 0.168311 0.312992 -0.175537 -0.019732 0.359343 -0.440865 -0.165954 -0.423279
8 -0.337626 -0.598234 0.161487 -0.293531 0.050197 0.051755 0.264750 -0.010681 0.386659 -0.157371 0.091064 0.297138 -0.216993 -0.125229 0.375324 -0.474195 -0.140450 -0.390631
17 -0.389784 -0.557826 0.178446 -0.206459 0.047667 -0.082241 0.218204 0.034485 0.418455 -0.156604 0.204790 0.386601 -0.136996 0.032163 0.317725 -0.422719 -0.219884 -0.514421
7 -0.349033 -0.644991 0.132293 -0.358080 0.044217 0.057811 0.272885 0.042696 0.483196 -0.200883 0.052472 0.304107 -0.213351 -0.314608 0.415819 -0.537450 -0.156223 -0.427309
3 -0.382784 -0.626532 0.173149 -0.342422 0.068955 0.051458 0.285693 0.036969 0.424276 -0.197988 0.065302 0.267960 -0.242029 -0.329859 0.373491 -0.548006 -0.125990 -0.429461
6 -0.320926 -0.532248 0.146507 -0.213221 0.082617 -0.002160 0.244337 0.004132 0.348422 -0.163059 0.150719 0.299219 -0.178854 -0.049715 0.343093 -0.435164 -0.200417 -0.448858
9 -0.358531 -0.591244 0.122306 -0.314604 0.059554 0.035139 0.248335 0.036233 0.449759 -0.187395 0.089500 0.315785 -0.201090 -0.235526 0.360395 -0.499422 -0.161537 -0.390613
2 -0.331914 -0.528510 0.151248 -0.223073 0.075198 -0.044083 0.220189 0.022776 0.318728 -0.172280 0.158117 0.340607 -0.139214 -0.008073 0.318038 -0.456157 -0.230442 -0.449146
10 -0.381496 -0.633377 0.161972 -0.313259 0.095722 0.062477 0.306122 -0.040252 0.436004 -0.216996 0.164988 0.362719 -0.235523 -0.043044 0.392335 -0.494402 -0.197317 -0.459704
15 -0.352029 -0.548188 0.162031 -0.294112 0.093266 0.064910 0.258631 -0.052218 0.355191 -0.189020 0.127140 0.276930 -0.187928 -0.065067 0.348742 -0.448532 -0.190238 -0.408066
4 -0.340602 -0.467405 0.152751 -0.192931 0.079307 -0.065573 0.169288 0.032544 0.350832 -0.170888 0.202504 0.334275 -0.124330 0.008808 0.291757 -0.401529 -0.193161 -0.450338
14 -0.377135 -0.634261 0.186570 -0.343862 0.083216 0.049438 0.251963 0.001038 0.416593 -0.176743 0.066107 0.324462 -0.223551 -0.190066 0.382078 -0.499070 -0.144850 -0.423335
