18 18
2 -0.305517 -0.608341 0.211915 -0.407836 -0.026220 0.453768 0.197487 -0.087580 0.214974 -0.070874 0.352278 0.460476 -0.338684 -0.136843 0.315523 -0.163345 0.043918 -0.115304
0 -0.346840 -0.562732 0.256756 -0.413165 -0.048535 0.480352 0.186483 -0.153338 0.184855 -0.055835 0.374244 0.381182 -0.341424 -0.044332 0.346369 -0.132535 0.058604 -0.168437
11 -0.327207 -0.538617 0.213149 -0.354552 -0.011447 0.418199 0.147463 -0.102412 0.214524 -0.078576 0.315528 0.385021 -0.343637 -0.048060 0.326124 -0.130226 0.036014 -0.124840
10 -0.321646 -0.563592 0.212873 -0.382524 -0.003954 0.485934 0.176963 -0.120805 0.223743 -0.086059 0.351980 0.413159 -0.366737 -0.054487 0.315241 -0.099468 0.065512 -0.094335
1 -0.326969 -0.553532 0.244763 -0.382429 0.003142 0.397216 0.164545 -0.090607 0.216605 -0.061198 0.297153 0.366176 -0.295808 -0.086340 0.274814 -0.136257 0.062361 -0.141956
15 -0.356266 -0.534057 0.274475 -0.387100 -0.020078 0.472384 0.213128 -0.154158 0.187934 -0.065680 0.336602 0.350834 -0.320472 -0.017355 0.304311 -0.121916 0.022165 -0.179267
12 -0.346569 -0.568180 0.226057 -0.400165 -0.035334 0.438057 0.163875 -0.153844 0.187629 -0.041052 0.355544 0.414559 -0.345896 -0.055463 0.306540 -0.099454 0.028334 -0.126792
13 -0.313417 -0.571520 0.252828 -0.410642 -0.040874 0.461985 0.219440 -0.141069 0.219104 -0.040875 0.333478 0.379936 -0.329556 -0.093663 0.326480 -0.135320 0.025648 -0.162973
7 -0.305376 -0.570800 0.198943 -0.406466 -0.048881 0.489648 0.200845 -0.124349 0.243674 -0.070372 0.341196 0.414749 -0.345545 -0.112258 0.338297 -0.119445 0.055141 -0.137174
16 -0.338943 -0.497553 0.292012 -0.363170 -0.051634 0.447720 0.250263 -0.155631 0.167695 -0.038027 0.321948 0.358804 -0.328408 0.031811 0.323265 -0.136710 -0.006937 -0.236780
14 -0.319273 -0.564516 0.245793 -0.393265 0.000700 0.440592 0.160124 -0.124582 0.190573 -0.044191 0.297298 0.407607 -0.333949 -0.074797 0.296515 -0.107206 0.058714 -0.130840
4 -0.331154 -0.537356 0.241596 -0.384900 0.001023 0.442366 0.166640 -0.093956 0.214234 -0.083118 0.372796 0.401546 -0.324067 -0.091018 0.305721 -0.138608 0.059430 -0.162841
3 -0.341723 -0.540488 0.242220 -0.374092 -0.018336 0.454493 0.202309 -0.113517 0.178067 -0.074921 0.352814 0.358971 -0.361472 -0.116947 0.287758 -0.140030 0.091237 -0.150654
6 -0.317446 -0.581637 0.219548 -0.368839 -0.017150 0.473558 0.195625 -0.104728 0.211674 -0.065504 0.364913 0.416524 -0.361145 -0.106047 0.329152 -0.121610 0.045238 -0.141948
5 -0.302564 -0.571056 0.182458 -0.367780 -0.001038 0.432758 0.216139 -0.135951 0.238329 -0.081490 0.343540 0.414031 -0.351726 -0.074719 0.312108 -0.143499 0.031409 -0.149182
17 -0.350951 -0.580548 0.275347 -0.378634 -0.064221 0.453853 0.249216 -0.123929 0.239868 -0.033228 0.366791 0.426913 -0.326813 -0.020368 0.303198 -0.110791 0.035729 -0.216887
9 -0.333652 -0.565528 0.188143 -0.392200 -0.020440 0.462159 0.182284 -0.109505 0.242877 -0.071934 0.350677 0.429822 -0.353514 -0.115663 0.308147 -0.128242 0.044965 -0.105666
8 -0.299626 -0.563406 0.216061 -0.362063 -0.043312 0.450273 0.193863 -0.114024 0.207005 -0.038768 0.309360 0.388652 -0.349881 -0.078795 0.322809 -0.128609 0.063164 -0.119054
