18 18
9 -0.295888 -0.582475 0.228108 -0.292584 0.122449 -0.284455 0.070366 0.242673 0.508972 -0.102535 0.052285 0.359490 -0.008265 -0.202369 0.225164 -0.531070 -0.189583 -0.340277
12 -0.341975 -0.638758 0.269420 -0.303820 0.102083 -0.296234 0.061196 0.199430 0.426960 -0.072505 0.087929 0.360531 -0.034168 -0.143085 0.209203 -0.478090 -0.185544 -0.319040
3 -0.322104 -0.518480 0.261267 -0.253883 0.193383 -0.285023 0.078960 0.201252 0.390844 -0.165752 0.118631 0.279645 -0.042512 -0.200369 0.170039 -0.533498 -0.140349 -0.391064
0 -0.296533 -0.676188 0.271079 -0.327270 0.003370 -0.262753 0.079774 0.242236 0.486147 -0.018354 0.009366 0.354642 -0.013821 -0.168210 0.274722 -0.498988 -0.155553 -0.298480
1 -0.316628 -0.632019 0.289909 -0.291117 0.076733 -0.299816 0.063642 0.249057 0.448523 -0.039553 -0.008046 0.314775 -0.007129 -0.145486 0.194528 -0.469947 -0.150806 -0.273086
2 -0.249945 -0.549437 0.232069 -0.257679 0.096019 -0.263783 0.085379 0.238327 0.400819 -0.088071 0.037566 0.328840 -0.006713 -0.179491 0.202850 -0.504696 -0.171600 -0.307575
11 -0.280274 -0.580015 0.267746 -0.244466 0.049230 -0.270020 0.039642 0.263911 0.426697 -0.041781 -0.029332 0.298526 -0.020948 -0.132992 0.235187 -0.463731 -0.163694 -0.253068
4 -0.301609 -0.498048 0.237777 -0.256011 0.238794 -0.296826 0.043797 0.222007 0.444001 -0.201851 0.146425 0.306211 0.001339 -0.196057 0.191211 -0.546596 -0.156835 -0.424535
13 -0.261714 -0.564338 0.262511 -0.285305 0.090471 -0.270276 0.077237 0.196603 0.433466 -0.055367 0.011752 0.278247 -0.008041 -0.184719 0.217642 -0.472636 -0.186364 -0.307816
6 -0.245333 -0.516373 0.220526 -0.214926 0.127013 -0.237596 0.089417 0.213673 0.403582 -0.107679 0.074027 0.275095 -0.026519 -0.177642 0.210236 -0.464138 -0.150899 -0.341667
17 -0.279801 -0.599508 0.251274 -0.262140 0.073839 -0.286810 0.097547 0.254253 0.509767 -0.065638 0.045877 0.371064 -0.004005 -0.162596 0.229592 -0.500651 -0.170702 -0.370426
15 -0.325442 -0.513850 0.236353 -0.279699 0.259156 -0.237286 0.087316 0.129922 0.404804 -0.218985 0.179731 0.286330 -0.023371 -0.168352 0.179267 -0.525524 -0.174465 -0.428148
14 -0.288987 -0.566737 0.254657 -0.288652 0.169807 -0.255413 0.069185 0.200874 0.445179 -0.119979 0.049653 0.335041 -0.027506 -0.181443 0.217125 -0.512771 -0.152952 -0.372400
7 -0.219884 -0.525670 0.199011 -0.248150 0.076757 -0.233887 0.086515 0.228936 0.457948 -0.097848 0.024226 0.298929 -0.007525 -0.201699 0.240992 -0.480312 -0.148944 -0.326414
10 -0.318847 -0.641662 0.260898 -0.293999 0.137548 -0.264371 0.102538 0.232170 0.486194 -0.120041 0.084305 0.375668 -0.047177 -0.150818 0.212992 -0.512016 -0.169508 -0.334513
8 -0.267647 -0.626134 0.271469 -0.257486 0.042967 -0.259341 0.097190 0.253869 0.450357 -0.030414 -0.006460 0.324038 -0.039375 -0.164093 0.252519 -0.499827 -0.148291 -0.293596
5 -0.273675 -0.509386 0.181129 -0.248678 0.246650 -0.266558 0.101107 0.137185 0.430116 -0.212631 0.162402 0.297861 -0.039064 -0.166855 0.189794 -0.528670 -0.169904 -0.416021
16 -0.295820 -0.583806 0.256805 -0.286530 0.097758 -0.278316 0.090475 0.224131 0.471599 -0.080283 0.026648 0.353889 -0.027057 -0.149161 0.248231 -0.523285 -0.200818 -0.360490
