18 18
15 -0.513566 -0.521999 0.265428 -0.373397 -0.034650 0.108872 0.048607 0.058153 0.351875 -0.168278 0.249665 0.316576 -0.224666 -0.104149 0.332647 -0.303501 -0.023188 -0.325099
10 -0.499871 -0.530603 0.232051 -0.352464 -0.040170 0.111255 0.060056 0.092811 0.418677 -0.187132 0.272975 0.372296 -0.274733 -0.096970 0.334393 -0.293631 0.019017 -0.322722
2 -0.418400 -0.495333 0.208946 -0.251643 0.019893 0.049546 0.098271 0.163488 0.336279 -0.249075 0.301316 0.324072 -0.289724 -0.242344 0.339760 -0.421253 0.017448 -0.373386
3 -0.402198 -0.424091 0.221100 -0.167065 0.086704 0.013159 0.107506 0.158140 0.271269 -0.280669 0.315404 0.246372 -0.348875 -0.304176 0.324776 -0.460519 0.072537 -0.429799
4 -0.415706 -0.433783 0.210220 -0.200111 0.070521 0.013580 0.057602 0.182613 0.334783 -0.267689 0.323194 0.291892 -0.284870 -0.255993 0.323731 -0.412650 0.040856 -0.404824
9 -0.458575 -0.477769 0.199646 -0.299221 -0.015042 0.067271 0.055741 0.120191 0.383364 -0.189742 0.263642 0.326723 -0.247229 -0.176717 0.311114 -0.324405 -0.004992 -0.313813
14 -0.495173 -0.524826 0.263848 -0.371224 -0.042928 0.097766 0.031434 0.085747 0.372810 -0.142226 0.209376 0.359088 -0.248605 -0.111273 0.339115 -0.292785 0.012447 -0.321791
6 -0.426441 -0.476641 0.217800 -0.214417 0.035846 0.055404 0.088386 0.159647 0.346325 -0.242053 0.310303 0.297163 -0.304592 -0.229432 0.356002 -0.391216 0.020625 -0.404362
0 -0.483445 -0.507092 0.239085 -0.386565 -0.089466 0.105475 0.038171 0.072872 0.363269 -0.138351 0.240286 0.337106 -0.214259 -0.098654 0.336765 -0.293477 0.019561 -0.307947
8 -0.392188 -0.470464 0.209286 -0.192104 0.032060 0.045057 0.107347 0.153703 0.334648 -0.236167 0.296926 0.286939 -0.332941 -0.248766 0.368022 -0.435122 0.048898 -0.402615
16 -0.469296 -0.488723 0.242655 -0.321661 -0.057539 0.081098 0.090333 0.113209 0.392285 -0.170441 0.228700 0.353221 -0.266062 -0.122309 0.359797 -0.349862 -0.007320 -0.375169
11 -0.470430 -0.500821 0.234416 -0.254863 0.035955 0.027000 0.041380 0.152026 0.361388 -0.242953 0.279983 0.306685 -0.289368 -0.178097 0.353643 -0.394639 0.011460 -0.371814
5 -0.351143 -0.439601 0.153339 -0.093513 0.156738 -0.019616 0.141710 0.185786 0.344751 -0.361395 0.380109 0.293482 -0.406556 -0.344805 0.384925 -0.547334 0.050578 -0.504817
7 -0.406273 -0.461792 0.189581 -0.276382 -0.029921 0.074942 0.076445 0.126964 0.387272 -0.203260 0.251022 0.316117 -0.261825 -0.200669 0.346214 -0.344412 0.028536 -0.360210
13 -0.439105 -0.494547 0.231416 -0.312318 -0.019966 0.059975 0.073731 0.092318 0.370246 -0.177629 0.261454 0.308122 -0.263269 -0.193487 0.350181 -0.352149 -0.010066 -0.365481
1 -0.489034 -0.514213 0.254305 -0.315365 0.005285 0.032825 0.048291 0.135474 0.373895 -0.191578 0.245233 0.303260 -0.233833 -0.172578 0.302574 -0.349292 0.027469 -0.349455
17 -0.480662 -0.512998 0.246522 -0.291843 -0.048930 0.047054 0.090271 0.143557 0.405231 -0.178873 0.275886 0.355739 -0.251334 -0.155591 0.324373 -0.347419 0.027210 -0.394038
12 -0.476964 -0.518110 0.219717 -0.287632 0.006340 0.041254 0.039218 0.087667 0.329001 -0.198588 0.318076 0.332449 -0.291684 -0.169306 0.341366 -0.335875 -0.018749 -0.351584
