18 18
1 -0.373649 -0.487159 0.264351 -0.234083 0.049982 -0.162050 0.111438 0.146843 0.363331 0.004784 0.151479 0.433720 -0.059820 -0.087821 0.193499 -0.391668 -0.079861 -0.459787
3 -0.368754 -0.464926 0.262251 -0.207017 0.043093 -0.141672 0.129988 0.130931 0.317286 0.001806 0.179652 0.427200 -0.106226 -0.113863 0.203432 -0.400264 -0.068958 -0.471377
8 -0.359070 -0.515134 0.257704 -0.186794 0.038201 -0.169617 0.106425 0.192346 0.372308 0.009585 0.172945 0.485829 -0.110787 -0.085404 0.253935 -0.453552 -0.071176 -0.460367
2 -0.355754 -0.506893 0.256795 -0.224684 0.043540 -0.153453 0.122905 0.172427 0.340495 -0.006542 0.176400 0.494769 -0.082461 -0.107726 0.234028 -0.446383 -0.104161 -0.473081
9 -0.370040 -0.490071 0.217523 -0.209896 0.051665 -0.169885 0.100071 0.190601 0.400085 -0.012915 0.191294 0.509487 -0.084699 -0.115508 0.220500 -0.427446 -0.106432 -0.437464
14 -0.349114 -0.470730 0.274553 -0.240007 0.043927 -0.112950 0.098974 0.107333 0.303637 0.027617 0.134390 0.439116 -0.090673 -0.090883 0.223056 -0.376705 -0.073047 -0.455597
6 -0.351982 -0.509977 0.262654 -0.192787 0.044785 -0.142709 0.130254 0.172275 0.358023 0.007792 0.201066 0.474651 -0.095208 -0.109101 0.255606 -0.423342 -0.096719 -0.505008
15 -0.372632 -0.486085 0.260450 -0.236088 0.042955 -0.104969 0.140898 0.094315 0.343034 -0.000537 0.179384 0.449170 -0.090123 -0.066980 0.227137 -0.391720 -0.112323 -0.468351
17 -0.366687 -0.489357 0.249195 -0.192381 0.017553 -0.169067 0.133826 0.155266 0.380944 0.025303 0.187938 0.491537 -0.073243 -0.055880 0.193644 -0.365483 -0.090770 -0.470940
0 -0.353388 -0.492963 0.248639 -0.237339 0.016224 -0.129289 0.096270 0.142442 0.337047 0.007713 0.217950 0.470511 -0.076156 -0.102406 0.253965 -0.425580 -0.067352 -0.473114
4 -0.380558 -0.485534 0.260541 -0.212123 0.067721 -0.181397 0.084846 0.193287 0.378430 -0.022779 0.221995 0.501240 -0.071318 -0.102007 0.234653 -0.445808 -0.088815 -0.501032
16 -0.386035 -0.507820 0.273467 -0.239836 0.028328 -0.135500 0.168318 0.110846 0.375752 0.017582 0.172926 0.505022 -0.111802 -0.065547 0.264259 -0.438370 -0.131486 -0.547052
12 -0.391241 -0.515897 0.259049 -0.246417 0.026371 -0.153854 0.105021 0.109537 0.334247 0.025983 0.206994 0.495135 -0.094622 -0.081412 0.230603 -0.390796 -0.118927 -0.470169
7 -0.337040 -0.497018 0.237454 -0.237474 0.021260 -0.114785 0.130757 0.140612 0.380497 -0.000087 0.164499 0.473163 -0.088220 -0.128705 0.262557 -0.416441 -0.090094 -0.494558
5 -0.336190 -0.485836 0.204509 -0.196986 0.062658 -0.154256 0.139332 0.119663 0.371652 -0.018483 0.205950 0.462506 -0.098250 -0.073854 0.223390 -0.405775 -0.095838 -0.464746
13 -0.332159 -0.479482 0.260803 -0.236786 0.030796 -0.143494 0.112224 0.127424 0.345463 0.021555 0.164701 0.441319 -0.074497 -0.118527 0.249885 -0.421597 -0.110381 -0.475319
10 -0.392260 -0.531786 0.250153 -0.208273 0.067710 -0.158262 0.136893 0.176376 0.421218 -0.023852 0.215916 0.538884 -0.118762 -0.062166 0.228670 -0.428749 -0.089552 -0.480980
11 -0.387613 -0.513578 0.263649 -0.176386 0.067597 -0.181194 0.075136 0.216657 0.385936 -0.033161 0.173458 0.496947 -0.121181 -0.061671 0.267516 -0.458794 -0.086535 -0.466961
