18 18
14 -0.241411 -0.620996 0.148073 -0.420784 -0.098140 0.187105 0.213657 -0.021744 0.336887 0.027987 0.180931 0.492229 -0.089423 -0.333467 0.304954 -0.298120 0.012299 -0.385419
10 -0.215563 -0.589604 0.108733 -0.386580 -0.110357 0.199013 0.235606 -0.014909 0.370450 -0.004248 0.224865 0.473988 -0.085990 -0.299809 0.287985 -0.271088 0.008896 -0.362974
7 -0.189057 -0.582430 0.093994 -0.400432 -0.144602 0.201817 0.224061 -0.001916 0.368040 0.007258 0.181560 0.471255 -0.073044 -0.363614 0.334116 -0.305415 0.015657 -0.382362
2 -0.193258 -0.596767 0.117776 -0.395840 -0.145268 0.175868 0.244614 0.031887 0.351173 0.014672 0.179313 0.472733 -0.058354 -0.357032 0.306428 -0.336462 -0.001912 -0.372528
5 -0.197931 -0.564049 0.083755 -0.356490 -0.093855 0.152381 0.230218 -0.028510 0.345340 -0.002071 0.203600 0.449722 -0.087151 -0.295534 0.295973 -0.302240 -0.010280 -0.374212
6 -0.218868 -0.606929 0.132536 -0.372391 -0.115478 0.188128 0.240512 -0.004121 0.334840 0.018245 0.220248 0.448067 -0.082190 -0.327278 0.311633 -0.294886 -0.008407 -0.396532
9 -0.204271 -0.566082 0.080141 -0.375664 -0.125957 0.167048 0.232953 0.019400 0.398070 0.011091 0.182054 0.467646 -0.072897 -0.348207 0.294762 -0.309133 -0.013376 -0.345882
11 -0.213213 -0.585216 0.112134 -0.355840 -0.120113 0.159133 0.205217 0.043342 0.395855 -0.005822 0.174387 0.467035 -0.090266 -0.314628 0.340510 -0.329334 0.003390 -0.372059
0 -0.217360 -0.581318 0.120751 -0.396674 -0.139850 0.184748 0.201034 -0.009630 0.332813 0.020342 0.213249 0.451231 -0.067951 -0.311628 0.315984 -0.296876 0.022287 -0.365040
8 -0.174292 -0.573678 0.109729 -0.339274 -0.144263 0.174741 0.244154 0.026747 0.376315 0.033354 0.155600 0.457037 -0.092682 -0.318849 0.331597 -0.323187 0.025090 -0.364748
12 -0.257265 -0.590108 0.132039 -0.399401 -0.120007 0.154374 0.175425 -0.045924 0.285534 0.037087 0.236711 0.464872 -0.075404 -0.291315 0.278924 -0.253796 -0.019965 -0.352257
13 -0.176120 -0.568275 0.115846 -0.389942 -0.148928 0.163325 0.235052 -0.001729 0.383597 0.039208 0.165692 0.443478 -0.059316 -0.351225 0.318266 -0.306330 -0.012469 -0.378847
4 -0.230687 -0.572198 0.122736 -0.381209 -0.107580 0.152739 0.190038 0.023236 0.362615 0.005725 0.233893 0.500376 -0.060173 -0.341871 0.307183 -0.313461 0.015052 -0.412619
17 -0.206325 -0.566075 0.118529 -0.350053 -0.156495 0.139862 0.226361 0.026426 0.383842 0.046360 0.192880 0.483772 -0.056256 -0.308528 0.282586 -0.272114 0.007838 -0.393047
3 -0.253370 -0.571615 0.159355 -0.380678 -0.102697 0.163080 0.223999 -0.004305 0.289504 0.008988 0.201996 0.415360 -0.097615 -0.344656 0.269530 -0.316717 0.030908 -0.386411
1 -0.220086 -0.544789 0.128797 -0.364870 -0.104187 0.127224 0.189019 0.011837 0.339861 0.018434 0.171651 0.411986 -0.045405 -0.299276 0.258638 -0.275301 0.014899 -0.347952
15 -0.239012 -0.600270 0.136286 -0.408617 -0.106536 0.204908 0.240897 -0.039913 0.345826 0.000967 0.207605 0.453010 -0.074362 -0.310511 0.311034 -0.307252 -0.021451 -0.386029
16 -0.003066 0.009981 0.006043 0.000869 -0.007381 -0.001770 0.017455 -0.006904 0.000948 0.004908 -0.016488 0.011175 -0.012361 0.022003 0.021550 -0.015661 -0.025305 -0.027720
