18 18
14 -0.453123 -0.577118 0.396849 -0.350783 0.126280 -0.049896 -0.097204 -0.024118 0.139260 0.096508 0.086191 0.594309 -0.245603 -0.043299 0.269533 -0.175252 -0.080683 -0.404355
4 -0.459161 -0.529306 0.381367 -0.316439 0.124734 -0.084762 -0.124038 0.020614 0.141951 0.072368 0.142962 0.588973 -0.207989 -0.037263 0.270949 -0.202650 -0.086159 -0.416754
8 -0.454885 -0.604791 0.400672 -0.324272 0.099613 -0.056194 -0.053539 -0.016354 0.148136 0.098958 0.110975 0.602930 -0.276252 -0.034951 0.307042 -0.229194 -0.095724 -0.431579
12 -0.474654 -0.548889 0.365774 -0.327912 0.129373 -0.119937 -0.078134 -0.072866 0.108456 0.084190 0.190594 0.585165 -0.273302 -0.024260 0.197270 -0.164258 -0.098264 -0.383869
17 -0.462388 -0.555727 0.386458 -0.297809 0.098290 -0.106279 -0.070952 0.000737 0.159466 0.100371 0.141442 0.594393 -0.226876 -0.013489 0.230734 -0.177254 -0.083644 -0.425514
9 -0.455524 -0.541860 0.347960 -0.322563 0.126239 -0.074967 -0.067069 -0.012375 0.173386 0.069583 0.130898 0.580765 -0.241609 -0.057976 0.221029 -0.184074 -0.101606 -0.369676
10 -0.444975 -0.550956 0.339967 -0.309512 0.167469 -0.076408 0.024958 -0.083031 0.162600 0.025488 0.202037 0.571565 -0.325671 -0.041529 0.162207 -0.164736 -0.072742 -0.388329
2 -0.433142 -0.552591 0.374297 -0.324702 0.111808 -0.060045 -0.045707 0.002460 0.109637 0.062121 0.118407 0.572484 -0.228882 -0.070349 0.240073 -0.214664 -0.108720 -0.386335
16 -0.432003 -0.513807 0.364233 -0.303877 0.113070 -0.068498 -0.030517 -0.030492 0.126463 0.067608 0.115701 0.549484 -0.255678 -0.032681 0.252230 -0.204350 -0.116979 -0.413566
5 -0.418422 -0.543833 0.310970 -0.299061 0.156891 -0.102724 -0.005446 -0.086321 0.154773 0.039825 0.187129 0.577313 -0.307426 -0.038564 0.225570 -0.209405 -0.097036 -0.424035
1 -0.442813 -0.533718 0.370541 -0.313779 0.125747 -0.084642 -0.066340 0.005760 0.143793 0.061366 0.102231 0.509688 -0.210053 -0.056544 0.215337 -0.193273 -0.061821 -0.373980
13 -0.399246 -0.519189 0.347068 -0.307926 0.139485 -0.114641 0.032384 -0.106826 0.133306 0.063887 0.180882 0.523498 -0.303932 -0.085341 0.179340 -0.197769 -0.100315 -0.422878
15 -0.456581 -0.559118 0.383750 -0.337468 0.110970 -0.019280 -0.051705 -0.044742 0.139702 0.066178 0.116564 0.550974 -0.230485 -0.031088 0.293573 -0.206521 -0.135336 -0.415243
6 -0.432061 -0.570151 0.375616 -0.308024 0.113615 -0.022073 -0.030592 -0.014216 0.140174 0.068249 0.123714 0.557202 -0.257985 -0.076028 0.297424 -0.196744 -0.131557 -0.426815
11 -0.438468 -0.518926 0.346402 -0.283130 0.131695 -0.090873 -0.086900 -0.011622 0.142674 0.046931 0.129829 0.540765 -0.256145 -0.004997 0.252209 -0.203983 -0.093548 -0.377763
0 -0.437291 -0.546403 0.357102 -0.341971 0.093542 -0.041835 -0.079708 -0.025613 0.135012 0.069618 0.141879 0.557762 -0.235269 -0.041715 0.283910 -0.205977 -0.070012 -0.394294
7 -0.392708 -0.535080 0.329718 -0.322967 0.079590 -0.007876 -0.048473 -0.009586 0.169883 0.062694 0.083178 0.544189 -0.217103 -0.072645 0.295769 -0.177367 -0.117195 -0.389967
3 -0.448100 -0.513669 0.369706 -0.290613 0.148704 -0.098619 0.018329 -0.070271 0.095230 0.037268 0.189353 0.513094 -0.321001 -0.089224 0.173952 -0.213103 -0.055035 -0.424106
