18 18
12 -0.297939 -0.382919 0.169710 -0.058059 0.071290 -0.162175 0.165688 0.284456 0.209249 -0.062489 0.207745 0.466680 -0.200148 -0.377731 0.130301 -0.371545 -0.202951 -0.368260
9 -0.293046 -0.360691 0.146387 -0.037536 0.087004 -0.155294 0.186650 0.333882 0.266081 -0.090022 0.199689 0.459693 -0.186928 -0.406784 0.112335 -0.403385 -0.188264 -0.373888
11 -0.343091 -0.484225 0.205940 -0.041879 0.119922 -0.160537 0.216411 0.344472 0.284554 -0.120208 0.214109 0.504436 -0.249324 -0.418214 0.193247 -0.489420 -0.234307 -0.453827
2 -0.288233 -0.434024 0.186533 -0.056793 0.089117 -0.151925 0.231786 0.339663 0.232680 -0.095897 0.189418 0.483839 -0.200206 -0.428830 0.140682 -0.446218 -0.212826 -0.402627
13 -0.287618 -0.440858 0.194685 -0.084586 0.103139 -0.143584 0.228373 0.294800 0.284513 -0.087938 0.183790 0.461326 -0.210644 -0.448062 0.169756 -0.438134 -0.228003 -0.419526
6 -0.300198 -0.383602 0.194249 0.008199 0.107976 -0.182267 0.215641 0.392167 0.255241 -0.099486 0.243103 0.476584 -0.216082 -0.452837 0.144929 -0.435134 -0.202681 -0.455087
5 -0.277550 -0.439780 0.144419 -0.055329 0.113334 -0.143549 0.232950 0.276368 0.272200 -0.107871 0.201304 0.466103 -0.223317 -0.394011 0.164625 -0.434204 -0.211590 -0.404772
15 -0.311636 -0.425141 0.191124 -0.067256 0.097919 -0.108123 0.218749 0.262408 0.232694 -0.093187 0.203695 0.445795 -0.204890 -0.364487 0.151303 -0.411103 -0.217812 -0.413613
1 -0.335296 -0.450449 0.212702 -0.074782 0.099698 -0.169803 0.203033 0.325324 0.269633 -0.082138 0.170163 0.464705 -0.198706 -0.404989 0.132872 -0.436249 -0.180758 -0.413198
3 -0.334939 -0.413450 0.214758 -0.034315 0.110359 -0.162038 0.230979 0.335461 0.243784 -0.109461 0.226465 0.461188 -0.242850 -0.441954 0.134334 -0.451726 -0.177518 -0.451698
7 -0.286851 -0.454669 0.167648 -0.070770 0.088848 -0.127600 0.230786 0.335698 0.307461 -0.112320 0.180173 0.490579 -0.221337 -0.462229 0.185841 -0.446221 -0.202217 -0.423109
17 -0.283497 -0.395693 0.169841 -0.028759 0.055933 -0.158084 0.209778 0.297455 0.259924 -0.056800 0.192240 0.460366 -0.179421 -0.345531 0.116638 -0.361551 -0.184846 -0.401800
10 -0.280392 -0.415703 0.158179 -0.049972 0.111975 -0.109231 0.218429 0.300340 0.284557 -0.115111 0.199810 0.465276 -0.224764 -0.381955 0.146510 -0.394835 -0.190935 -0.373882
4 -0.292500 -0.333900 0.175928 -0.016905 0.116800 -0.189506 0.166093 0.363512 0.256333 -0.111324 0.230409 0.451004 -0.174583 -0.409573 0.118022 -0.415590 -0.176989 -0.418993
8 -0.293669 -0.454277 0.200259 -0.048704 0.075692 -0.124656 0.227669 0.299794 0.239269 -0.064589 0.181509 0.464973 -0.233274 -0.399101 0.175401 -0.438066 -0.192237 -0.412605
14 -0.314125 -0.452122 0.206338 -0.097066 0.110760 -0.127907 0.196240 0.282815 0.251417 -0.075534 0.153215 0.489468 -0.229707 -0.410385 0.160776 -0.418856 -0.189590 -0.397694
16 -0.304155 -0.394018 0.190282 -0.050284 0.086226 -0.159133 0.218536 0.308218 0.253919 -0.084205 0.175145 0.475087 -0.220207 -0.382394 0.164639 -0.436549 -0.218352 -0.430378
0 -0.005399 -0.014495 0.001279 -0.026652 -0.021820 0.016369 -0.010898 -0.008016 -0.006711 0.000758 0.022893 0.001004 0.004839 -0.000095 0.023655 -0.011355 0.019530 -0.003746
