18 18
3 -0.306645 -0.547765 0.422583 -0.424203 -0.241497 0.107411 0.168059 -0.011019 0.073808 0.175232 0.049041 0.324427 -0.129248 -0.227403 0.337431 -0.319592 -0.019253 -0.389149
1 -0.328943 -0.623557 0.433451 -0.456594 -0.224350 0.071641 0.155315 0.012305 0.130541 0.177594 0.026832 0.350975 -0.099007 -0.217213 0.348021 -0.350573 -0.036803 -0.391699
17 -0.301921 -0.571426 0.414102 -0.419297 -0.270861 0.101093 0.175432 0.002828 0.136362 0.201595 0.060853 0.381210 -0.098464 -0.177404 0.338161 -0.282402 -0.043850 -0.404944
15 -0.301744 -0.553759 0.406544 -0.433038 -0.218287 0.137410 0.163435 -0.047159 0.078623 0.166119 0.023832 0.311270 -0.109255 -0.177802 0.353186 -0.307203 -0.072144 -0.359316
16 -0.281414 -0.536394 0.399024 -0.424740 -0.236677 0.109321 0.165358 -0.034567 0.072352 0.183570 0.000354 0.330029 -0.119730 -0.175076 0.368725 -0.320761 -0.075583 -0.377839
2 -0.269122 -0.573213 0.362236 -0.450933 -0.224659 0.107712 0.149165 -0.010440 0.053599 0.147904 0.051899 0.379390 -0.108773 -0.224399 0.359458 -0.353512 -0.076261 -0.336964
4 -0.302811 -0.572513 0.362699 -0.437068 -0.185694 0.053864 0.105112 0.027536 0.110543 0.102728 0.114928 0.399438 -0.105374 -0.227822 0.375840 -0.388221 -0.061444 -0.400976
11 -0.333872 -0.631376 0.401623 -0.453214 -0.208766 0.068889 0.116750 0.017090 0.115391 0.130472 0.063009 0.393004 -0.136048 -0.205326 0.399185 -0.388270 -0.072952 -0.381502
7 -0.272532 -0.579017 0.360616 -0.451829 -0.243597 0.117070 0.141460 -0.012709 0.110020 0.152039 0.034638 0.361362 -0.114995 -0.234349 0.394150 -0.337610 -0.059242 -0.364660
10 -0.292533 -0.575254 0.377922 -0.431374 -0.229707 0.145283 0.165103 -0.012766 0.131254 0.148842 0.076486 0.370141 -0.139961 -0.188393 0.355010 -0.293270 -0.029982 -0.353946
0 -0.320066 -0.613305 0.405376 -0.487978 -0.266789 0.119289 0.134292 -0.027597 0.089769 0.177327 0.079735 0.378385 -0.118898 -0.215250 0.399276 -0.344244 -0.040782 -0.385634
13 -0.272078 -0.567607 0.418046 -0.461053 -0.257131 0.107330 0.165613 -0.041255 0.088683 0.207241 0.014563 0.322973 -0.098707 -0.232906 0.366813 -0.319838 -0.072595 -0.380740
8 -0.302669 -0.616078 0.438197 -0.442959 -0.268119 0.125536 0.176234 -0.010472 0.096503 0.209541 0.013326 0.346753 -0.132153 -0.205355 0.393501 -0.344603 -0.036937 -0.383576
12 -0.310942 -0.567043 0.395111 -0.437335 -0.239966 0.098309 0.128204 -0.052854 0.049595 0.195866 0.045380 0.346795 -0.122490 -0.176827 0.346509 -0.283688 -0.076510 -0.339557
14 -0.315149 -0.607468 0.437156 -0.479038 -0.234244 0.124215 0.138998 -0.034949 0.072681 0.203439 0.008456 0.363858 -0.127735 -0.217229 0.372798 -0.316541 -0.042917 -0.370894
6 -0.269394 -0.543515 0.375520 -0.393486 -0.222674 0.113613 0.154656 -0.004809 0.079672 0.167062 0.047170 0.321925 -0.117751 -0.209711 0.359218 -0.304266 -0.058836 -0.364076
9 -0.304519 -0.577004 0.347153 -0.453612 -0.232014 0.105131 0.129209 0.002905 0.131834 0.149363 0.077065 0.398236 -0.118996 -0.235278 0.362580 -0.332924 -0.070013 -0.339861
5 -0.295110 -0.605263 0.359228 -0.445548 -0.201065 0.081716 0.170076 -0.039371 0.119017 0.135086 0.082363 0.387627 -0.138965 -0.209794 0.382446 -0.374253 -0.079342 -0.402014
