18 18
13 -0.236093 -0.490506 0.178458 -0.269576 -0.059597 0.294517 0.111236 -0.003686 0.273933 -0.039767 0.076883 0.440562 -0.509994 -0.126578 0.538436 -0.197579 -0.283390 -0.130484
10 -0.256296 -0.507076 0.162125 -0.259231 -0.036847 0.343097 0.124185 0.003567 0.296372 -0.069360 0.095675 0.494626 -0.562961 -0.103020 0.524734 -0.165192 -0.245388 -0.106170
8 -0.245831 -0.500164 0.186858 -0.246098 -0.060465 0.313080 0.102908 0.021828 0.259597 -0.038257 0.055073 0.445168 -0.532760 -0.120239 0.538022 -0.197679 -0.212055 -0.119098
3 -0.270843 -0.472550 0.215540 -0.252929 -0.036416 0.323665 0.096355 0.032404 0.229211 -0.070433 0.058474 0.413395 -0.544102 -0.166296 0.513840 -0.198229 -0.166698 -0.145010
6 -0.251586 -0.509159 0.192581 -0.242925 -0.045834 0.334483 0.110109 0.038170 0.267213 -0.058393 0.075921 0.460356 -0.551416 -0.145094 0.559618 -0.192932 -0.237771 -0.144967
12 -0.279820 -0.493635 0.171716 -0.268501 -0.066973 0.285253 0.082561 -0.019931 0.234046 -0.030330 0.115231 0.474953 -0.519363 -0.094181 0.507961 -0.161936 -0.269345 -0.109467
11 -0.254355 -0.496958 0.190149 -0.252659 -0.033573 0.314613 0.057982 0.058885 0.282158 -0.086355 0.037089 0.446134 -0.523214 -0.119619 0.558968 -0.201761 -0.212694 -0.118599
2 -0.239626 -0.530036 0.180969 -0.284325 -0.061840 0.337928 0.113661 0.036872 0.265559 -0.063945 0.065672 0.499880 -0.543063 -0.148008 0.567504 -0.220546 -0.268475 -0.111868
7 -0.212704 -0.490818 0.166851 -0.286157 -0.057292 0.371487 0.074244 0.048573 0.301086 -0.080901 0.006123 0.455645 -0.530778 -0.197041 0.569008 -0.175582 -0.153489 -0.124049
0 -0.264092 -0.522724 0.183770 -0.294742 -0.073419 0.338919 0.082742 0.010205 0.264829 -0.058020 0.100382 0.473115 -0.536248 -0.123000 0.574557 -0.202655 -0.224098 -0.127711
16 -0.268233 -0.501773 0.177927 -0.267639 -0.061121 0.309056 0.129015 -0.006020 0.277537 -0.045745 0.078484 0.498905 -0.558772 -0.092453 0.564806 -0.209707 -0.303951 -0.150860
9 -0.266152 -0.485150 0.140763 -0.256397 -0.048234 0.296331 0.106488 0.016935 0.292047 -0.058034 0.103393 0.486914 -0.521869 -0.126351 0.509872 -0.193658 -0.282681 -0.099760
14 -0.242904 -0.483096 0.214776 -0.291874 -0.021988 0.351134 0.041445 0.034404 0.244683 -0.053960 -0.018824 0.445075 -0.523108 -0.167634 0.527363 -0.154971 -0.132058 -0.115060
5 -0.254508 -0.510073 0.135725 -0.260299 -0.025994 0.289607 0.129357 -0.029463 0.287880 -0.067755 0.112292 0.488549 -0.545243 -0.100584 0.523126 -0.202706 -0.271728 -0.136502
15 -0.025404 -0.016269 0.019351 -0.021953 0.006735 0.026510 0.013636 -0.025312 0.000633 -0.010033 0.011049 -0.002501 0.001724 0.010837 0.011554 -0.010070 -0.020449 -0.014280
17 -0.002915 -0.006397 0.005624 0.018021 -0.026928 -0.018564 0.015689 0.014203 0.025956 0.022864 0.010492 0.027524 0.013101 0.016295 -0.014503 0.021066 0.000664 -0.026546
1 -0.027660 -0.027217 0.026180 -0.019122 0.012075 -0.026796 -0.004699 0.019366 0.022084 0.001540 -0.016522 -0.005216 0.015504 -0.011155 -0.013895 -0.016653 0.015775 -0.011908
4 -0.000863 0.026536 0.000487 0.011658 0.016931 -0.018308 -0.024615 0.027506 0.003913 -0.015616 0.024595 0.006644 0.019102 -0.007194 -0.007301 -0.006238 0.005807 -0.017039
