18 18
6 -0.205350 -0.309034 0.385368 0.023101 -0.233843 0.027592 0.278278 0.127147 0.326734 0.302224 0.209489 0.400198 -0.121188 -0.099540 0.300405 0.032425 -0.281008 -0.676059
1 -0.250519 -0.333381 0.394539 -0.035763 -0.220158 -0.009169 0.252959 0.127740 0.352102 0.288139 0.186791 0.390200 -0.090274 -0.111180 0.259777 0.009084 -0.250462 -0.647661
7 -0.185933 -0.299685 0.351943 -0.009862 -0.258851 0.038740 0.274535 0.106442 0.354440 0.294104 0.191375 0.412944 -0.111435 -0.105270 0.309314 0.042658 -0.285568 -0.657931
17 -0.208728 -0.298218 0.373592 0.014972 -0.249008 -0.005940 0.267449 0.120621 0.346904 0.311823 0.197894 0.423748 -0.098289 -0.056448 0.267517 0.047639 -0.277901 -0.658274
11 -0.223663 -0.301680 0.371861 0.018531 -0.206027 -0.004481 0.228511 0.143773 0.334466 0.258012 0.192414 0.384115 -0.117253 -0.076153 0.301273 -0.004567 -0.278360 -0.637608
4 -0.221806 -0.290979 0.401946 0.015905 -0.234704 0.005248 0.259326 0.137834 0.351260 0.301951 0.243918 0.443608 -0.109303 -0.084090 0.313718 0.026388 -0.311709 -0.720624
8 -0.210228 -0.342961 0.412967 0.009238 -0.277193 0.029589 0.299600 0.121774 0.359858 0.344226 0.194927 0.444796 -0.140654 -0.076332 0.342115 0.019904 -0.297597 -0.703391
16 -0.216658 -0.298126 0.398988 0.008648 -0.263187 0.025861 0.308458 0.087229 0.344227 0.327843 0.204411 0.464306 -0.150072 -0.032383 0.342307 0.035916 -0.359796 -0.730630
9 -0.222284 -0.296315 0.345824 -0.001122 -0.233661 0.008069 0.255522 0.136428 0.366161 0.288358 0.208347 0.431472 -0.106870 -0.112804 0.279591 0.020446 -0.297640 -0.635488
0 -0.222103 -0.326194 0.381453 -0.029826 -0.267956 0.031282 0.256860 0.115567 0.346692 0.305534 0.227787 0.423715 -0.107508 -0.099995 0.324376 0.014962 -0.271558 -0.675039
14 -0.232448 -0.343881 0.438519 -0.009323 -0.251932 0.028129 0.276107 0.118248 0.354906 0.347051 0.187268 0.469601 -0.143264 -0.083997 0.340447 0.038857 -0.310156 -0.730556
12 -0.245728 -0.332068 0.390662 -0.022053 -0.263594 0.011433 0.265510 0.079346 0.331997 0.331543 0.239801 0.464056 -0.130591 -0.064136 0.307772 0.058125 -0.338860 -0.681606
13 -0.190175 -0.300663 0.386847 -0.022563 -0.249417 0.018477 0.283773 0.080211 0.336915 0.328147 0.178945 0.399752 -0.109779 -0.092810 0.298295 0.035539 -0.311502 -0.664139
3 -0.222538 -0.277313 0.366932 -0.001660 -0.209469 0.011462 0.253325 0.103735 0.281842 0.263987 0.192479 0.353268 -0.127693 -0.110085 0.246569 0.008968 -0.226306 -0.610544
15 -0.234386 -0.307969 0.383268 -0.027851 -0.215839 0.044018 0.254852 0.084503 0.312778 0.268098 0.213056 0.380707 -0.103888 -0.077191 0.294591 0.007919 -0.284755 -0.641267
10 -0.214341 -0.318503 0.377325 -0.001547 -0.243605 0.048530 0.298456 0.092312 0.373861 0.302353 0.226872 0.468928 -0.146524 -0.033048 0.303839 0.068628 -0.316754 -0.672200
2 0.021368 -0.003688 -0.004957 -0.007525 -0.007603 0.001755 0.011077 0.016235 -0.024745 -0.003279 -0.008624 0.014563 0.014594 -0.017313 -0.004715 -0.020484 -0.014205 0.014938
5 0.004065 -0.024114 -0.027650 -0.000619 0.020703 -0.008521 0.024223 -0.023969 0.025914 -0.018771 0.021210 0.020548 -0.020024 0.006829 0.014933 -0.023795 -0.013973 -0.021943
