18 18
4 -0.282124 -0.158405 0.099058 0.072278 0.219282 0.114242 0.204858 0.276038 0.280464 -0.430845 0.285054 0.446082 -0.334865 0.072549 0.448466 -0.571732 -0.136634 -0.525540
16 -0.258266 -0.198588 0.136949 0.039607 0.123140 0.063563 0.240516 0.223174 0.282159 -0.299140 0.212489 0.443461 -0.307001 0.090002 0.412698 -0.509464 -0.170513 -0.518827
7 -0.232009 -0.271134 0.167512 -0.018178 -0.020481 -0.010296 0.294613 0.238855 0.381251 -0.179323 0.243967 0.537232 -0.227946 0.044445 0.335568 -0.433016 -0.205162 -0.551719
15 -0.269489 -0.239808 0.178967 -0.013552 0.062179 0.036341 0.259646 0.197914 0.314933 -0.230148 0.255145 0.466103 -0.245069 0.082579 0.336840 -0.448229 -0.190089 -0.525792
10 -0.238041 -0.315251 0.226601 -0.045278 -0.067647 -0.074439 0.339123 0.226626 0.442380 -0.085246 0.272041 0.599535 -0.195930 0.104723 0.227025 -0.353322 -0.227917 -0.576745
12 -0.245097 -0.358436 0.270300 -0.083102 -0.180955 -0.190540 0.313433 0.193231 0.435151 0.066306 0.255660 0.617444 -0.117678 0.088993 0.182802 -0.276586 -0.288274 -0.582955
1 -0.279222 -0.291395 0.222445 -0.028408 0.025453 -0.065215 0.269958 0.252616 0.390020 -0.165883 0.224901 0.510077 -0.209074 0.061838 0.294681 -0.448775 -0.184915 -0.576705
0 -0.243019 -0.267437 0.180133 -0.026617 -0.005614 -0.010239 0.261268 0.217428 0.338113 -0.174489 0.262323 0.503806 -0.226187 0.075619 0.333712 -0.427295 -0.182152 -0.538262
8 -0.229542 -0.271715 0.199910 0.004589 0.001737 -0.030110 0.264419 0.232838 0.346927 -0.139335 0.207021 0.480595 -0.227633 0.070150 0.313029 -0.421645 -0.166710 -0.515252
11 -0.270807 -0.230847 0.144883 0.039987 0.117130 0.027752 0.213591 0.251395 0.319313 -0.296178 0.224711 0.450284 -0.286758 0.087252 0.395742 -0.491626 -0.175778 -0.501826
17 -0.190195 -0.316259 0.283501 -0.057049 -0.240049 -0.252089 0.315369 0.213590 0.459374 0.151234 0.219213 0.577067 -0.017888 0.100592 0.075737 -0.169991 -0.263088 -0.574075
3 -0.263429 -0.268061 0.219261 -0.016294 -0.017648 -0.052549 0.305683 0.223006 0.343231 -0.145553 0.261853 0.508326 -0.233961 0.047600 0.271073 -0.422327 -0.190527 -0.572094
2 -0.216839 -0.258297 0.185003 -0.021779 -0.009997 -0.029304 0.283512 0.234612 0.316518 -0.156533 0.234869 0.514151 -0.201000 0.059851 0.276366 -0.418792 -0.208120 -0.507019
5 -0.243772 -0.266459 0.139687 0.010618 0.070637 -0.010533 0.286870 0.211092 0.364647 -0.233553 0.259188 0.517462 -0.268856 0.079125 0.355193 -0.473315 -0.204601 -0.557008
14 -0.264367 -0.237269 0.188319 0.001417 0.100036 0.035069 0.226371 0.222448 0.285546 -0.235611 0.207816 0.468428 -0.275196 0.066407 0.356555 -0.461344 -0.148440 -0.528433
13 -0.184660 -0.319576 0.284412 -0.080513 -0.198797 -0.228392 0.323672 0.202590 0.471957 0.112456 0.206089 0.557589 -0.048236 0.064620 0.134084 -0.235879 -0.290113 -0.589025
9 -0.267191 -0.232984 0.119528 -0.001553 0.076454 0.027763 0.241399 0.232711 0.345758 -0.255243 0.255356 0.508484 -0.260298 0.056378 0.346087 -0.463252 -0.200342 -0.473591
6 -0.239897 -0.221940 0.143437 0.055074 0.104305 0.052936 0.265713 0.247314 0.305437 -0.279705 0.254321 0.455433 -0.295289 0.054949 0.396262 -0.489881 -0.180460 -0.547612
