18 18
17 -0.127287 -0.618810 0.205139 -0.292110 -0.255799 0.170588 0.066925 0.250589 0.123496 -0.007547 0.317966 0.564571 -0.104280 0.041693 0.466123 -0.399945 0.256065 -0.313813
16 -0.128083 -0.579760 0.194195 -0.317432 -0.199318 0.182735 0.064151 0.211951 0.094598 -0.046469 0.285360 0.529122 -0.124654 0.041433 0.467314 -0.426464 0.233314 -0.300240
10 -0.117431 -0.575502 0.163607 -0.294153 -0.198749 0.228119 0.036721 0.212220 0.100438 -0.065636 0.341449 0.540253 -0.134389 0.067453 0.439551 -0.356381 0.256038 -0.221702
8 -0.123677 -0.592740 0.204101 -0.280970 -0.232130 0.193104 0.043051 0.200492 0.068794 -0.000152 0.274829 0.468502 -0.137081 0.038175 0.465910 -0.390726 0.250130 -0.240222
6 -0.117312 -0.593857 0.189364 -0.272975 -0.215523 0.206093 0.048218 0.228723 0.080946 -0.034543 0.329486 0.506078 -0.132919 0.029047 0.480098 -0.393427 0.240093 -0.273485
2 -0.100562 -0.582829 0.184546 -0.306942 -0.211842 0.186147 0.042760 0.229478 0.053518 -0.037176 0.286680 0.514417 -0.099778 0.009636 0.444709 -0.413016 0.232942 -0.242666
14 -0.141922 -0.610757 0.219507 -0.334549 -0.196794 0.199441 0.007726 0.214092 0.076634 -0.023992 0.277403 0.541250 -0.118076 0.038068 0.446794 -0.372211 0.269472 -0.254615
0 -0.134686 -0.572521 0.188467 -0.315492 -0.233258 0.207142 0.004104 0.193427 0.060098 -0.027688 0.321160 0.479268 -0.108221 0.047851 0.450993 -0.365909 0.260982 -0.225910
3 -0.151385 -0.585888 0.208560 -0.302361 -0.198485 0.197784 0.058901 0.214341 0.072991 -0.057655 0.337662 0.516007 -0.154270 0.014078 0.448471 -0.414645 0.285529 -0.288684
5 -0.102980 -0.572847 0.139295 -0.280953 -0.166553 0.154181 0.085315 0.184505 0.128894 -0.061208 0.306132 0.508873 -0.125738 0.017158 0.437409 -0.410229 0.221005 -0.296413
4 -0.129246 -0.570260 0.193491 -0.293036 -0.207552 0.176810 0.017534 0.247237 0.095038 -0.048366 0.343098 0.531736 -0.103448 0.031060 0.466326 -0.412254 0.267557 -0.290163
7 -0.092948 -0.561227 0.150849 -0.291607 -0.221732 0.195927 0.049907 0.210064 0.115814 -0.041434 0.288382 0.501566 -0.112149 0.003273 0.464278 -0.378792 0.242854 -0.268327
12 -0.151090 -0.590737 0.180476 -0.310872 -0.218816 0.181650 0.015489 0.182473 0.076060 -0.022578 0.342925 0.548854 -0.127347 0.058907 0.441752 -0.349768 0.220097 -0.244659
11 -0.151884 -0.602218 0.206853 -0.287984 -0.205870 0.178527 0.004111 0.238924 0.094701 -0.045911 0.289981 0.509646 -0.130252 0.065125 0.475670 -0.399880 0.231480 -0.249681
1 -0.147091 -0.604606 0.217236 -0.322480 -0.181095 0.140890 0.059285 0.239413 0.122044 -0.038426 0.263780 0.493055 -0.095517 -0.011334 0.426145 -0.432486 0.275845 -0.302653
13 0.019096 0.002747 0.009678 -0.019404 -0.008210 -0.004883 0.008138 -0.018294 0.006568 0.019257 -0.015253 -0.018294 0.012156 -0.023377 0.007956 -0.002520 -0.021393 -0.009389
15 -0.025404 -0.016269 0.019351 -0.021953 0.006735 0.026510 0.013636 -0.025312 0.000633 -0.010033 0.011049 -0.002501 0.001724 0.010837 0.011554 -0.010070 -0.020449 -0.014280
9 -0.008402 0.003844 -0.023332 -0.006576 0.000593 0.000225 -0.003692 0.013429 0.026437 -0.004111 0.005667 0.021814 0.003016 -0.025362 -0.007905 -0.006482 -0.012628 0.018993
