18 18
7 -0.201507 -0.501990 0.444304 -0.498865 -0.036329 0.066167 0.168662 0.053378 0.201501 0.022474 -0.161262 0.078504 -0.021708 -0.546211 0.307746 -0.451623 0.012211 -0.416708
3 -0.221355 -0.390378 0.477772 -0.377363 0.103078 0.013646 0.164472 0.122473 0.032855 -0.024343 -0.106264 0.003563 -0.082964 -0.583666 0.149750 -0.475958 0.150181 -0.388107
1 -0.238827 -0.482962 0.472945 -0.440653 0.002780 0.034196 0.260988 0.062018 0.205720 0.036939 -0.143197 0.097070 0.001045 -0.390236 0.204058 -0.465899 0.076527 -0.480588
2 -0.197736 -0.454007 0.487102 -0.429855 0.040240 0.039715 0.242934 0.107510 0.090926 0.012461 -0.133538 0.086423 -0.026348 -0.507514 0.199168 -0.513801 0.097229 -0.450577
14 -0.221588 -0.447267 0.480085 -0.423461 0.054195 0.039233 0.184452 0.063147 0.108285 0.029593 -0.144888 0.070128 -0.047734 -0.466078 0.192598 -0.434536 0.094661 -0.417123
0 -0.227626 -0.496010 0.436033 -0.462605 -0.068619 0.091722 0.263709 0.009699 0.222196 0.042845 -0.101343 0.126263 -0.002107 -0.317815 0.273904 -0.454590 0.040671 -0.481376
8 -0.191833 -0.462706 0.447613 -0.410992 -0.003061 0.049588 0.181517 0.071364 0.119370 0.039802 -0.129962 0.060749 -0.050727 -0.485540 0.246484 -0.462886 0.075034 -0.390044
17 -0.234418 -0.496460 0.456917 -0.431816 -0.070703 0.050014 0.298374 0.032293 0.257652 0.067174 -0.118086 0.154094 0.008226 -0.319591 0.233990 -0.432460 0.028147 -0.527188
10 -0.205142 -0.457865 0.449894 -0.419346 0.058857 0.063905 0.209271 0.090501 0.142637 -0.010393 -0.116232 0.068384 -0.066329 -0.511723 0.198697 -0.453355 0.113593 -0.391315
11 -0.222154 -0.477540 0.425857 -0.435976 0.004413 0.023514 0.086678 0.072626 0.180204 -0.009937 -0.140437 0.068905 -0.039319 -0.454000 0.298622 -0.416948 -0.022007 -0.359856
16 -0.226931 -0.461530 0.425359 -0.417214 -0.069479 0.073877 0.323253 -0.001804 0.249522 0.055746 -0.136529 0.155532 -0.006670 -0.230723 0.261249 -0.436621 -0.006904 -0.519302
15 -0.248219 -0.498337 0.447624 -0.446570 -0.055541 0.095134 0.300454 -0.016208 0.245317 0.042964 -0.113479 0.135764 0.010067 -0.251761 0.253793 -0.426552 -0.013998 -0.496686
13 -0.197624 -0.477702 0.447283 -0.475201 -0.019383 0.028023 0.121025 0.015272 0.163019 0.042448 -0.152203 0.044217 -0.024991 -0.501791 0.294837 -0.417147 -0.044199 -0.384010
12 -0.255724 -0.537185 0.483437 -0.519481 -0.016677 0.019808 0.092599 0.030370 0.139981 0.038657 -0.120891 0.088643 -0.045770 -0.551904 0.308558 -0.444922 -0.029930 -0.396401
6 -0.224141 -0.482680 0.518746 -0.417784 0.064176 0.037626 0.226936 0.119792 0.109530 0.012939 -0.128996 0.057498 -0.059544 -0.561631 0.228916 -0.512827 0.101305 -0.481395
9 -0.205100 -0.430273 0.406624 -0.415747 0.029194 0.044277 0.173074 0.092036 0.152387 0.003416 -0.116429 0.080021 -0.033138 -0.503159 0.197471 -0.444911 0.063046 -0.363557
5 -0.195403 -0.439044 0.407147 -0.395070 0.066674 0.019651 0.195566 0.062908 0.135012 -0.012641 -0.094546 0.070799 -0.064267 -0.487808 0.204225 -0.462543 0.075924 -0.406810
4 -0.204850 -0.407535 0.466652 -0.404567 0.075829 0.006727 0.136837 0.128551 0.093079 -0.013586 -0.103838 0.048055 -0.036750 -0.566189 0.200743 -0.473499 0.101663 -0.414208
