18 18
0 -0.246747 -0.452937 0.265660 -0.112907 -0.268951 0.171935 0.281912 0.183814 0.240931 0.109652 0.208121 0.413628 -0.310615 -0.264018 0.281844 -0.307142 0.235495 -0.362612
7 -0.223585 -0.444078 0.236460 -0.071155 -0.286141 0.175896 0.317111 0.227820 0.329165 0.104525 0.180322 0.444871 -0.329146 -0.283004 0.283888 -0.289382 0.227437 -0.370614
3 -0.280767 -0.471584 0.311975 -0.054929 -0.247618 0.162929 0.362057 0.280519 0.282884 0.086027 0.219603 0.425722 -0.383436 -0.357429 0.274942 -0.395262 0.304790 -0.434864
17 -0.241757 -0.421618 0.258987 -0.054882 -0.261491 0.121115 0.289418 0.213454 0.272506 0.118445 0.186766 0.423591 -0.286748 -0.225106 0.224586 -0.259622 0.206492 -0.363415
8 -0.212843 -0.420022 0.247429 -0.032559 -0.259898 0.147057 0.306119 0.236317 0.260019 0.113316 0.176469 0.390881 -0.327170 -0.264190 0.268716 -0.317700 0.227754 -0.339995
1 -0.259528 -0.439216 0.280054 -0.082430 -0.201769 0.116898 0.287833 0.254476 0.284991 0.077707 0.157237 0.373806 -0.286230 -0.291746 0.227537 -0.338200 0.250743 -0.366887
4 -0.266399 -0.438399 0.292872 -0.080033 -0.225953 0.148469 0.284448 0.237277 0.255253 0.083581 0.209873 0.423137 -0.307167 -0.281431 0.259920 -0.333721 0.238603 -0.395223
14 -0.288604 -0.489830 0.348942 -0.158210 -0.205186 0.198041 0.283315 0.171230 0.212411 0.110421 0.144458 0.409860 -0.316520 -0.268820 0.258973 -0.312309 0.252973 -0.382884
12 -0.302401 -0.488307 0.296641 -0.119780 -0.275537 0.148352 0.286877 0.171794 0.253645 0.136581 0.218729 0.466630 -0.338038 -0.248975 0.267709 -0.284543 0.183021 -0.369307
10 -0.244477 -0.426378 0.255365 -0.066000 -0.223459 0.167375 0.315531 0.214873 0.302740 0.080157 0.196357 0.424273 -0.334660 -0.237695 0.235158 -0.279053 0.215305 -0.342354
16 -0.249842 -0.411105 0.280033 -0.096672 -0.224654 0.151304 0.294310 0.175927 0.237660 0.097159 0.146654 0.392240 -0.302887 -0.218799 0.253793 -0.297843 0.177799 -0.369945
2 -0.213809 -0.414932 0.261221 -0.078714 -0.213439 0.155638 0.306757 0.231189 0.208975 0.072856 0.161396 0.382321 -0.285330 -0.288531 0.229053 -0.339939 0.214679 -0.336662
6 -0.218346 -0.422434 0.259342 -0.029431 -0.231808 0.161641 0.320160 0.250012 0.251406 0.090164 0.201408 0.392303 -0.331388 -0.297678 0.276627 -0.331660 0.227348 -0.382625
9 -0.245965 -0.413902 0.239106 -0.064816 -0.223277 0.130732 0.296662 0.251022 0.296254 0.087626 0.181742 0.417168 -0.308692 -0.305279 0.229475 -0.323365 0.211771 -0.338108
15 -0.307435 -0.490633 0.339811 -0.156086 -0.221229 0.209689 0.307155 0.151614 0.236220 0.091771 0.184497 0.400631 -0.308281 -0.241931 0.270054 -0.323629 0.212930 -0.397818
5 -0.244112 -0.470470 0.252897 -0.076488 -0.203445 0.147326 0.331306 0.208299 0.281185 0.067872 0.203290 0.416729 -0.340749 -0.279513 0.278741 -0.367784 0.231599 -0.396868
13 -0.245269 -0.447555 0.287274 -0.118907 -0.277335 0.136556 0.302328 0.159692 0.267913 0.151813 0.174346 0.400306 -0.300169 -0.272538 0.259884 -0.284984 0.166102 -0.372057
11 -0.285964 -0.466948 0.295741 -0.079884 -0.226349 0.141298 0.280716 0.231299 0.294350 0.083407 0.179831 0.422580 -0.339627 -0.246238 0.285104 -0.333778 0.209317 -0.382037
