18 18
3 -0.420532 -0.521447 0.436821 -0.326928 -0.051009 -0.009467 0.163234 -0.000303 0.050117 0.106733 0.372668 0.293073 -0.120923 -0.355556 0.175607 -0.318868 -0.028208 -0.490077
8 -0.372156 -0.568143 0.392610 -0.299476 -0.051161 0.008267 0.173402 0.050755 0.101761 0.104630 0.318132 0.328454 -0.136483 -0.346933 0.203192 -0.352762 -0.019142 -0.430032
2 -0.387771 -0.599142 0.404171 -0.344878 -0.042706 0.006447 0.185577 0.060505 0.094180 0.086020 0.348532 0.366058 -0.114268 -0.390874 0.194147 -0.380604 -0.044444 -0.452497
0 -0.371143 -0.489244 0.391705 -0.352637 -0.102311 0.002928 0.121472 -0.047316 0.054356 0.142117 0.358069 0.280537 -0.055154 -0.279091 0.185583 -0.249533 -0.038645 -0.448363
5 -0.353419 -0.546471 0.323705 -0.290332 -0.016734 -0.008199 0.176798 0.013642 0.124632 0.063170 0.359870 0.343316 -0.135257 -0.325383 0.191033 -0.334257 -0.052249 -0.439211
14 -0.429332 -0.524300 0.500125 -0.388715 -0.066553 -0.013319 0.101708 -0.047895 0.033134 0.184049 0.323126 0.290189 -0.055023 -0.311034 0.181861 -0.245610 -0.040945 -0.497798
13 -0.387027 -0.509906 0.453758 -0.361973 -0.087857 -0.027988 0.142413 -0.049472 0.063163 0.175654 0.343541 0.270843 -0.047883 -0.322312 0.183708 -0.260662 -0.078078 -0.499177
12 -0.371445 -0.484123 0.371687 -0.315582 -0.100839 -0.029376 0.114277 -0.048919 0.049352 0.151066 0.365347 0.298031 -0.059504 -0.264668 0.161369 -0.213294 -0.079832 -0.433887
10 -0.382282 -0.568536 0.353586 -0.299033 -0.017720 0.033565 0.189792 0.053771 0.141307 0.049254 0.383074 0.367953 -0.156632 -0.340183 0.181292 -0.328743 -0.026669 -0.418611
4 -0.418158 -0.509495 0.438927 -0.335996 -0.079346 -0.040565 0.122824 -0.002328 0.068735 0.140437 0.432073 0.325048 -0.056035 -0.338073 0.185776 -0.284435 -0.050614 -0.538026
7 -0.341164 -0.508413 0.346338 -0.314017 -0.088327 0.001842 0.147271 0.012635 0.115890 0.108672 0.338856 0.306938 -0.073543 -0.346294 0.191960 -0.274557 -0.039709 -0.446113
16 -0.400222 -0.483021 0.443563 -0.342408 -0.085729 -0.014826 0.153528 -0.049037 0.055901 0.158500 0.324773 0.284221 -0.072916 -0.258562 0.200140 -0.265695 -0.087344 -0.504265
15 -0.423752 -0.520567 0.466066 -0.376885 -0.082184 0.010460 0.141873 -0.063474 0.051454 0.153360 0.367496 0.283038 -0.049217 -0.287595 0.190089 -0.259811 -0.075505 -0.499283
17 -0.390887 -0.529440 0.409441 -0.306763 -0.101393 -0.030956 0.162160 0.009125 0.106304 0.148462 0.383287 0.332326 -0.065427 -0.312271 0.164069 -0.257677 -0.045330 -0.499682
1 -0.410693 -0.551933 0.417577 -0.341907 -0.061899 -0.035148 0.144427 0.016632 0.110399 0.127026 0.341179 0.304606 -0.066669 -0.326833 0.158505 -0.291586 -0.029696 -0.465588
9 -0.378409 -0.529760 0.339408 -0.315085 -0.028375 0.010357 0.149278 0.055387 0.132729 0.072103 0.331443 0.347890 -0.118891 -0.362989 0.180570 -0.337563 -0.048283 -0.393621
6 -0.396256 -0.562037 0.410673 -0.301128 -0.052160 0.005403 0.170603 0.039311 0.093643 0.109563 0.379272 0.326143 -0.118640 -0.358779 0.208717 -0.319878 -0.052784 -0.485284
11 -0.382446 -0.558978 0.361311 -0.288655 -0.006127 -0.000263 0.139184 0.078494 0.134445 0.044012 0.309396 0.336127 -0.142892 -0.329759 0.214426 -0.367632 -0.043144 -0.408799
