18 18
0 -0.180810 -0.546530 0.091193 -0.199167 0.091069 0.246398 0.263020 0.059289 0.335921 -0.198754 0.192014 0.498096 -0.339719 -0.021307 0.420160 -0.336772 -0.226529 -0.247270
12 -0.184462 -0.541203 0.087491 -0.198466 0.070439 0.212187 0.253619 0.020953 0.307725 -0.151042 0.175999 0.509042 -0.324503 0.004832 0.395848 -0.284812 -0.288857 -0.227777
2 -0.145052 -0.506593 0.080901 -0.148589 0.118811 0.213345 0.300052 0.103365 0.269860 -0.217193 0.182787 0.490133 -0.334540 -0.072524 0.369499 -0.365189 -0.260141 -0.249368
9 -0.190090 -0.527346 0.070931 -0.142589 0.154407 0.244051 0.299693 0.096097 0.343467 -0.237803 0.205269 0.510290 -0.369713 -0.063902 0.370289 -0.338556 -0.268507 -0.235686
6 -0.171909 -0.504741 0.100122 -0.096332 0.156060 0.246630 0.297920 0.085206 0.273726 -0.214992 0.209575 0.447759 -0.363273 -0.049692 0.349578 -0.286893 -0.245020 -0.254636
13 -0.159824 -0.548625 0.107411 -0.185014 0.110779 0.227557 0.297189 0.049203 0.324849 -0.182200 0.165671 0.488317 -0.348152 -0.052343 0.406725 -0.327159 -0.285026 -0.262641
14 -0.179137 -0.509104 0.116886 -0.152037 0.142553 0.231841 0.256271 0.069416 0.267937 -0.190475 0.158919 0.466673 -0.352911 -0.047644 0.352439 -0.297220 -0.211224 -0.231705
1 -0.195173 -0.534395 0.107099 -0.171203 0.144427 0.200408 0.287980 0.111853 0.338527 -0.228506 0.172114 0.476950 -0.335339 -0.075212 0.372648 -0.375603 -0.231858 -0.277312
15 -0.186104 -0.536627 0.093015 -0.180020 0.121988 0.276184 0.301018 0.044428 0.332119 -0.219087 0.179004 0.484413 -0.338578 -0.009924 0.399777 -0.328174 -0.278201 -0.244408
7 -0.138939 -0.495213 0.057179 -0.170163 0.093017 0.238805 0.290321 0.106479 0.341660 -0.229662 0.157168 0.487203 -0.337533 -0.101611 0.425544 -0.379484 -0.242578 -0.285528
10 -0.174721 -0.557862 0.071296 -0.138941 0.173356 0.295957 0.325746 0.089522 0.372340 -0.272679 0.214007 0.527361 -0.397653 -0.009968 0.386159 -0.319816 -0.255311 -0.229087
11 -0.184412 -0.523685 0.091925 -0.136727 0.139362 0.227315 0.255736 0.093348 0.339786 -0.229414 0.161080 0.474147 -0.355415 -0.007664 0.407043 -0.332267 -0.253248 -0.241624
3 -0.244024 -0.524581 0.146643 -0.104226 0.220042 0.226821 0.367945 0.185196 0.268533 -0.341438 0.293912 0.517478 -0.469730 -0.184857 0.388020 -0.509149 -0.215215 -0.392842
5 -0.170382 -0.540924 0.063712 -0.153241 0.145485 0.221927 0.308508 0.049594 0.330945 -0.226562 0.201240 0.496272 -0.371070 -0.038232 0.394630 -0.348391 -0.253164 -0.275627
16 -0.179885 -0.524887 0.101752 -0.190952 0.078720 0.216059 0.289622 0.049231 0.343188 -0.171877 0.138278 0.508179 -0.346726 -0.006481 0.439116 -0.347646 -0.284390 -0.292144
8 -0.155181 -0.518816 0.089345 -0.156268 0.084516 0.223204 0.285635 0.087822 0.317521 -0.183414 0.152682 0.474598 -0.344556 -0.049309 0.409448 -0.360308 -0.229311 -0.253757
4 -0.191806 -0.466911 0.104815 -0.107572 0.183689 0.198498 0.286907 0.161152 0.282389 -0.282946 0.255972 0.495182 -0.363309 -0.113683 0.365689 -0.418095 -0.227735 -0.333561
17 -0.180480 -0.526017 0.100727 -0.131865 0.102644 0.211536 0.308019 0.104158 0.335075 -0.202779 0.216205 0.533889 -0.351317 -0.034899 0.378516 -0.334568 -0.255333 -0.300314
