18 18
10 -0.179742 -0.491135 0.126576 -0.221068 -0.193876 0.146482 0.150762 0.129145 0.282547 0.123685 0.054744 0.624048 -0.308459 -0.151927 0.541290 -0.293844 -0.255606 -0.342613
11 -0.194171 -0.454501 0.132652 -0.176947 -0.142175 0.087157 0.121090 0.130883 0.256174 0.083351 0.047164 0.547495 -0.306846 -0.140983 0.526391 -0.332417 -0.268899 -0.346625
8 -0.171319 -0.477962 0.154770 -0.204985 -0.200216 0.109645 0.134084 0.124999 0.242278 0.149991 0.022221 0.554662 -0.283609 -0.147781 0.530399 -0.314819 -0.221530 -0.339992
16 -0.170400 -0.435785 0.126555 -0.198687 -0.189121 0.106055 0.143846 0.115560 0.248524 0.124071 0.027180 0.554953 -0.277418 -0.139006 0.525982 -0.308189 -0.264051 -0.361786
9 -0.190650 -0.472888 0.114701 -0.207312 -0.169414 0.107466 0.138812 0.142707 0.284518 0.114649 0.052594 0.613963 -0.303199 -0.191176 0.534998 -0.335311 -0.286308 -0.346458
0 -0.176323 -0.516545 0.133343 -0.297093 -0.257679 0.167016 0.113142 0.116842 0.297482 0.158626 0.033025 0.604223 -0.258696 -0.177158 0.604099 -0.312500 -0.219265 -0.359905
14 -0.196071 -0.509030 0.184547 -0.268880 -0.190833 0.124706 0.097595 0.109010 0.236699 0.181235 -0.021554 0.617904 -0.279420 -0.160001 0.533623 -0.275585 -0.239766 -0.343548
2 -0.164906 -0.498488 0.150797 -0.247222 -0.207733 0.121416 0.132304 0.130613 0.213394 0.150284 0.020560 0.614555 -0.268905 -0.177305 0.531430 -0.317046 -0.268128 -0.334194
13 -0.156894 -0.457891 0.147811 -0.231344 -0.180982 0.103687 0.140627 0.093901 0.249177 0.144214 0.015742 0.543106 -0.272466 -0.180439 0.528795 -0.310708 -0.275376 -0.359493
17 -0.167142 -0.454293 0.134983 -0.193959 -0.212642 0.092776 0.139700 0.132705 0.265995 0.155151 0.037689 0.587131 -0.249585 -0.140580 0.486344 -0.261327 -0.242926 -0.353796
12 -0.212196 -0.516983 0.162859 -0.266674 -0.220107 0.105643 0.092748 0.090555 0.211924 0.184422 0.044914 0.635685 -0.277375 -0.143500 0.523525 -0.266274 -0.275885 -0.322589
3 -0.190349 -0.437487 0.148646 -0.192874 -0.168977 0.103721 0.150588 0.118375 0.223122 0.102981 0.057247 0.515524 -0.301788 -0.187321 0.498170 -0.328798 -0.214655 -0.359844
5 -0.170525 -0.468117 0.108851 -0.186852 -0.134862 0.088371 0.158803 0.083077 0.249001 0.093696 0.064607 0.559555 -0.312223 -0.139952 0.512473 -0.328142 -0.264753 -0.359709
4 -0.176593 -0.415291 0.124393 -0.185959 -0.158850 0.089119 0.112351 0.152117 0.267973 0.088328 0.073283 0.552434 -0.266523 -0.169844 0.518178 -0.326721 -0.238130 -0.371528
6 -0.164441 -0.461623 0.134774 -0.180422 -0.179549 0.121173 0.145759 0.143031 0.238373 0.123100 0.059143 0.554859 -0.283231 -0.180062 0.522938 -0.300348 -0.252087 -0.356252
7 -0.143743 -0.493254 0.102304 -0.261128 -0.259679 0.165104 0.140541 0.151787 0.340461 0.146718 0.009396 0.612947 -0.256542 -0.214976 0.597438 -0.303412 -0.230966 -0.369520
1 -0.196229 -0.510081 0.154882 -0.270923 -0.211877 0.111057 0.117771 0.158213 0.320737 0.151521 -0.001873 0.592431 -0.239936 -0.191154 0.541461 -0.313060 -0.216723 -0.362965
15 -0.025404 -0.016269 0.019351 -0.021953 0.006735 0.026510 0.013636 -0.025312 0.000633 -0.010033 0.011049 -0.002501 0.001724 0.010837 0.011554 -0.010070 -0.020449 -0.014280
