18 18
11 -0.408017 -0.601510 0.192735 -0.344682 -0.014867 0.074169 0.138980 0.054170 0.543862 0.039148 0.023220 0.524502 -0.148054 -0.090724 0.253006 -0.261611 -0.118923 -0.263732
0 -0.396241 -0.619092 0.211541 -0.392279 -0.053742 0.137393 0.145531 0.024008 0.494362 0.063463 0.007744 0.485734 -0.125722 -0.106090 0.267338 -0.256504 -0.049950 -0.254898
9 -0.374337 -0.565058 0.154857 -0.346042 -0.026655 0.102414 0.161022 0.053233 0.541102 0.048895 0.028466 0.526511 -0.129876 -0.141688 0.221128 -0.240405 -0.116690 -0.225510
5 -0.316046 -0.506762 0.093207 -0.272473 0.005594 0.023562 0.191052 0.018852 0.522941 0.028847 0.103825 0.534271 -0.154837 -0.116603 0.197269 -0.230652 -0.177381 -0.266999
7 -0.429770 -0.706558 0.234375 -0.452177 -0.072145 0.183843 0.162923 0.056952 0.577760 0.066316 -0.047278 0.540594 -0.126173 -0.161657 0.309818 -0.273013 -0.048856 -0.265357
10 -0.358094 -0.553481 0.139596 -0.309631 -0.004756 0.087257 0.179797 0.048224 0.545263 0.027706 0.077183 0.542789 -0.154089 -0.102559 0.197247 -0.210208 -0.127883 -0.233571
1 -0.409377 -0.607250 0.215077 -0.362097 -0.016317 0.069897 0.138628 0.074615 0.520000 0.056691 -0.004013 0.493113 -0.105388 -0.121466 0.204276 -0.246094 -0.069028 -0.245760
17 -0.349344 -0.514397 0.143109 -0.265233 -0.042601 0.019850 0.179673 0.057464 0.540295 0.071633 0.077932 0.538439 -0.122906 -0.091429 0.175782 -0.191583 -0.149273 -0.283200
15 -0.440593 -0.659709 0.270795 -0.429060 -0.034120 0.196436 0.157646 0.010288 0.477475 0.051611 -0.050752 0.451296 -0.117931 -0.089123 0.276390 -0.266435 -0.038994 -0.253479
4 -0.391867 -0.572123 0.177191 -0.336513 -0.007284 0.055939 0.136774 0.095206 0.553128 0.039090 0.071029 0.558793 -0.121387 -0.151672 0.221845 -0.251977 -0.126821 -0.271044
3 -0.402521 -0.573415 0.197357 -0.336658 -0.015964 0.077934 0.180103 0.051995 0.502867 0.043364 0.057930 0.514894 -0.165529 -0.157749 0.213597 -0.259996 -0.104169 -0.272732
2 -0.353526 -0.566414 0.160025 -0.328597 -0.020434 0.066345 0.179950 0.077357 0.504766 0.045284 0.049934 0.560366 -0.129278 -0.155539 0.208429 -0.260130 -0.157023 -0.244067
16 -0.378328 -0.551440 0.184817 -0.329071 -0.024444 0.078371 0.179376 0.022140 0.505836 0.057204 0.015428 0.509012 -0.153921 -0.080850 0.241557 -0.247861 -0.137945 -0.289397
12 -0.364641 -0.530605 0.142213 -0.308421 -0.031709 0.034145 0.138484 0.021996 0.471767 0.065485 0.098185 0.531561 -0.139233 -0.107345 0.189235 -0.195556 -0.165038 -0.231001
13 -0.327607 -0.518549 0.148939 -0.318986 -0.031124 0.040787 0.168786 0.019577 0.529371 0.066156 0.052732 0.491604 -0.118325 -0.126866 0.211921 -0.219282 -0.167906 -0.264764
14 -0.413942 -0.622826 0.248581 -0.387990 -0.010782 0.126365 0.130957 0.040246 0.474921 0.075338 -0.040500 0.505236 -0.142866 -0.117395 0.240082 -0.240982 -0.052858 -0.247105
6 -0.337332 -0.536080 0.145576 -0.269736 -0.011666 0.050843 0.184195 0.077430 0.527452 0.050950 0.082543 0.537671 -0.147308 -0.151124 0.217335 -0.232446 -0.170922 -0.273927
8 -0.464865 -0.746090 0.294135 -0.448496 -0.066410 0.175039 0.155649 0.064018 0.540574 0.096941 -0.066054 0.523747 -0.142764 -0.125825 0.310399 -0.301631 -0.012203 -0.259356
