18 18
1 -0.303875 -0.604693 0.310805 -0.180533 0.002856 0.205901 0.249247 0.168223 0.474899 -0.104887 0.060288 0.438442 -0.353171 -0.027696 0.361639 -0.255727 0.014935 -0.325674
16 -0.260352 -0.505811 0.305527 -0.155362 -0.031143 0.207925 0.245354 0.132277 0.402788 -0.061611 0.021835 0.405270 -0.338002 -0.010360 0.365900 -0.233085 -0.031021 -0.331466
3 -0.309290 -0.590563 0.347341 -0.182887 -0.013661 0.250917 0.264982 0.132455 0.426850 -0.092025 0.066776 0.436529 -0.399229 -0.049950 0.379950 -0.241451 0.022156 -0.354838
10 -0.280265 -0.594391 0.267736 -0.177323 0.015329 0.299314 0.270273 0.107047 0.496228 -0.142400 0.108225 0.491063 -0.412170 0.020080 0.377034 -0.172822 0.003704 -0.307307
8 -0.252723 -0.549086 0.300581 -0.146704 -0.033758 0.222054 0.227323 0.129561 0.391458 -0.053100 0.049743 0.394266 -0.345223 -0.017013 0.365988 -0.220735 0.014231 -0.292358
0 -0.269635 -0.577287 0.296155 -0.169653 -0.043009 0.238467 0.233406 0.136440 0.417473 -0.080570 0.104190 0.428259 -0.348071 0.001512 0.397320 -0.235394 0.012404 -0.322614
14 -0.297310 -0.571671 0.326952 -0.241732 0.014481 0.273082 0.207636 0.064731 0.414303 -0.075583 0.028858 0.459083 -0.369905 -0.031723 0.362196 -0.169281 -0.002670 -0.312154
11 -0.318298 -0.601241 0.329054 -0.154810 0.004387 0.217106 0.209920 0.166841 0.466640 -0.106569 0.060681 0.448007 -0.380035 0.009900 0.403078 -0.244929 -0.015415 -0.327094
17 -0.282174 -0.587624 0.322999 -0.140013 -0.046967 0.211785 0.258337 0.168377 0.464310 -0.060949 0.084535 0.466143 -0.345837 0.005674 0.372759 -0.214219 -0.004268 -0.358456
2 -0.262641 -0.581863 0.330972 -0.154650 -0.035880 0.213079 0.266662 0.205093 0.416579 -0.075904 0.039462 0.441638 -0.339346 -0.041111 0.378753 -0.287983 -0.019464 -0.319405
13 -0.289160 -0.619446 0.357817 -0.194966 -0.036883 0.245985 0.261426 0.140942 0.470844 -0.059076 0.054136 0.449357 -0.369611 -0.038377 0.418029 -0.248173 -0.025836 -0.356775
7 -0.259289 -0.589120 0.271617 -0.202328 -0.025782 0.280135 0.254960 0.108744 0.477776 -0.113365 0.066502 0.460456 -0.373325 -0.042712 0.407875 -0.202149 -0.000298 -0.337639
15 -0.304089 -0.575031 0.329402 -0.208434 -0.008094 0.280030 0.244114 0.085058 0.423596 -0.090126 0.069681 0.432032 -0.358557 -0.013766 0.381796 -0.208894 -0.022392 -0.330007
4 -0.265356 -0.515593 0.278289 -0.156870 0.014680 0.213273 0.206653 0.138900 0.429811 -0.111273 0.092517 0.433684 -0.334484 -0.019518 0.346371 -0.201868 -0.004360 -0.322892
6 -0.248691 -0.549831 0.300367 -0.106203 -0.021574 0.219309 0.261477 0.182885 0.410179 -0.078031 0.075816 0.397817 -0.347154 -0.026933 0.375179 -0.238587 -0.005522 -0.329175
9 -0.299908 -0.556283 0.291472 -0.170967 -0.004615 0.215910 0.214448 0.171102 0.457756 -0.091133 0.049365 0.451696 -0.348098 -0.052808 0.349034 -0.236377 -0.010407 -0.283996
12 -0.297968 -0.584386 0.276651 -0.197237 -0.009515 0.234880 0.220984 0.084981 0.430864 -0.091971 0.107031 0.470751 -0.370252 -0.000971 0.362915 -0.179200 -0.030126 -0.300733
5 -0.258837 -0.584260 0.252743 -0.175799 0.008847 0.236041 0.267775 0.084480 0.449589 -0.111746 0.102601 0.452639 -0.376735 -0.004042 0.381063 -0.226936 -0.021495 -0.330974
