18 18
8 -0.357818 -0.413006 0.065195 -0.357990 -0.167783 0.129573 0.098881 0.140948 0.482549 -0.030342 0.184358 0.493775 -0.144240 -0.364685 0.306649 -0.325634 -0.095178 -0.241197
0 -0.357681 -0.350108 0.081810 -0.361841 -0.162230 0.136448 0.090574 0.113256 0.420714 -0.048148 0.218176 0.469376 -0.087372 -0.301662 0.269927 -0.278716 -0.078921 -0.288922
3 -0.457025 -0.388012 0.125581 -0.429264 -0.124865 0.096554 0.096330 0.192708 0.435406 -0.092819 0.277815 0.511279 -0.126985 -0.527309 0.234453 -0.392662 -0.016997 -0.343564
9 -0.425509 -0.381072 0.069116 -0.324025 -0.130595 0.146018 0.122518 0.134842 0.542915 -0.050307 0.195341 0.578376 -0.154318 -0.257696 0.264196 -0.259009 -0.173326 -0.272615
7 -0.354614 -0.357707 0.055467 -0.352651 -0.162430 0.150736 0.110032 0.125282 0.490259 -0.053233 0.189408 0.514762 -0.111673 -0.328455 0.283262 -0.267669 -0.119837 -0.286033
15 -0.418868 -0.344582 0.148765 -0.227650 -0.117070 0.238609 0.254143 0.007718 0.522440 -0.024267 0.140027 0.595672 -0.195662 0.038049 0.281015 -0.146215 -0.269239 -0.382981
14 -0.424037 -0.391920 0.152529 -0.338013 -0.109713 0.163667 0.145172 0.084231 0.475374 -0.018808 0.136919 0.550300 -0.156228 -0.180896 0.255054 -0.223472 -0.143274 -0.324452
1 -0.416878 -0.411706 0.108591 -0.404828 -0.130065 0.080998 0.073593 0.159670 0.476714 -0.047734 0.189936 0.489540 -0.088893 -0.383452 0.247476 -0.328184 -0.074257 -0.285358
5 -0.350553 -0.386854 0.038782 -0.402002 -0.115214 0.071871 0.078266 0.150461 0.445053 -0.083270 0.242228 0.474929 -0.104417 -0.465111 0.257611 -0.373474 -0.042357 -0.284480
16 -0.408667 -0.338126 0.146752 -0.242358 -0.126166 0.175112 0.216640 0.059798 0.499872 -0.013454 0.110130 0.569806 -0.181286 -0.023802 0.280276 -0.192131 -0.221215 -0.380199
10 -0.399338 -0.371642 0.106361 -0.256430 -0.115608 0.209670 0.215251 0.058780 0.550610 -0.041516 0.150761 0.597704 -0.201272 -0.046112 0.267371 -0.166962 -0.209638 -0.320136
12 -0.404403 -0.391729 0.066691 -0.367826 -0.158128 0.124880 0.081569 0.100841 0.469588 -0.034223 0.231164 0.537915 -0.135666 -0.302473 0.273136 -0.259228 -0.155569 -0.253309
6 -0.406558 -0.368933 0.125874 -0.296079 -0.130683 0.163063 0.171836 0.125681 0.490150 -0.042841 0.203101 0.553402 -0.153860 -0.235983 0.276729 -0.251889 -0.157459 -0.365489
2 -0.389154 -0.402219 0.083911 -0.431171 -0.152328 0.110071 0.096718 0.182914 0.446809 -0.074404 0.232534 0.533385 -0.086921 -0.468732 0.265478 -0.378997 -0.078877 -0.296123
13 -0.324844 -0.360860 0.049646 -0.377295 -0.149976 0.107497 0.075104 0.105895 0.451428 -0.034770 0.190929 0.445386 -0.102978 -0.382429 0.267563 -0.290008 -0.130430 -0.222987
17 -0.427374 -0.374124 0.141645 -0.265644 -0.156659 0.156334 0.207121 0.090475 0.539417 -0.003077 0.164253 0.610677 -0.153469 -0.099927 0.258499 -0.193874 -0.185737 -0.394311
11 -0.379702 -0.376808 0.052803 -0.265835 -0.117296 0.125431 0.081396 0.119707 0.519670 -0.060371 0.157783 0.514249 -0.178134 -0.169121 0.296224 -0.239067 -0.196799 -0.212117
4 -0.447975 -0.374276 0.095253 -0.443085 -0.124570 0.085552 0.048683 0.233879 0.500923 -0.115007 0.318259 0.573161 -0.082686 -0.524099 0.265579 -0.407801 -0.048421 -0.360215
