18 18
13 -0.206964 -0.230546 0.178620 -0.088816 0.001730 0.053669 0.284785 0.028757 0.274477 -0.016104 0.228507 0.556034 -0.374907 -0.029021 0.428153 -0.323602 -0.330687 -0.583308
14 -0.207277 -0.204977 0.175667 -0.064230 0.004978 0.087082 0.261784 0.047416 0.243826 -0.009213 0.210834 0.585832 -0.383613 0.009912 0.387782 -0.262245 -0.285320 -0.534777
1 -0.281708 -0.302916 0.231878 -0.115350 0.036929 0.002969 0.235867 0.066155 0.265248 -0.028301 0.184638 0.520403 -0.351419 -0.031080 0.393865 -0.356868 -0.263284 -0.560615
4 -0.172661 -0.099291 0.081228 0.003153 -0.006281 0.098422 0.274402 0.106583 0.319172 -0.064564 0.329327 0.663922 -0.370696 0.033836 0.377556 -0.234722 -0.335531 -0.540338
7 -0.171554 -0.167189 0.099725 -0.047964 -0.030713 0.100999 0.283664 0.066949 0.309689 -0.045297 0.257170 0.609296 -0.369013 -0.006707 0.404745 -0.257450 -0.314082 -0.536075
16 -0.203722 -0.153602 0.116121 -0.040273 -0.016571 0.087860 0.299496 0.055709 0.293229 -0.043911 0.275229 0.642366 -0.393605 0.050864 0.399990 -0.267900 -0.352181 -0.555662
11 -0.271487 -0.300789 0.218924 -0.091303 0.029885 0.020184 0.228204 0.053909 0.254329 -0.042532 0.192749 0.519234 -0.383924 -0.006470 0.438577 -0.360095 -0.282908 -0.564013
12 -0.253803 -0.265204 0.174170 -0.097995 -0.008683 0.036057 0.244435 0.010489 0.224114 -0.012069 0.255263 0.578902 -0.382382 0.006408 0.406500 -0.297975 -0.315282 -0.544355
6 -0.221536 -0.266509 0.194730 -0.063469 0.016694 0.051132 0.275066 0.035444 0.229443 -0.016860 0.217629 0.517702 -0.385932 -0.032988 0.427826 -0.325222 -0.295396 -0.578667
2 -0.206495 -0.231695 0.172544 -0.060719 -0.013476 0.057610 0.290039 0.095228 0.255830 -0.032491 0.240663 0.623737 -0.381524 -0.020252 0.420274 -0.338628 -0.326194 -0.571542
17 -0.217960 -0.207432 0.164323 -0.033055 -0.033018 0.056382 0.287236 0.086835 0.302375 -0.010458 0.255346 0.618150 -0.363181 0.021840 0.383772 -0.265563 -0.303526 -0.574243
5 -0.203297 -0.238954 0.122710 -0.074927 0.026229 0.049565 0.278153 -0.003867 0.266713 -0.042515 0.241205 0.562815 -0.386284 0.006946 0.407127 -0.308537 -0.308448 -0.552476
0 -0.239659 -0.277474 0.191072 -0.117378 -0.012423 0.052902 0.241874 0.024444 0.222062 -0.018439 0.232722 0.532911 -0.359017 -0.014062 0.429733 -0.336053 -0.267526 -0.555032
3 -0.256397 -0.229725 0.187353 -0.068647 0.019131 0.050952 0.284584 0.047144 0.243478 -0.051839 0.260995 0.557630 -0.416519 -0.036029 0.402253 -0.340151 -0.281159 -0.584538
10 -0.155872 -0.128637 0.068683 -0.012124 -0.006509 0.121851 0.283935 0.073075 0.316477 -0.067135 0.290224 0.603455 -0.360554 0.049286 0.340386 -0.199527 -0.297652 -0.465632
9 -0.191480 -0.145383 0.076700 -0.035604 -0.016575 0.097967 0.280210 0.068023 0.307301 -0.045642 0.290671 0.638580 -0.373233 0.007348 0.371315 -0.246914 -0.342085 -0.501184
8 -0.232377 -0.280744 0.209255 -0.068907 -0.009723 0.053541 0.282072 0.059090 0.251548 -0.002328 0.207503 0.557762 -0.400480 -0.012758 0.440999 -0.349993 -0.278113 -0.574098
15 -0.255970 -0.250443 0.190061 -0.105920 0.032992 0.078946 0.266234 0.006527 0.248584 -0.051228 0.232173 0.526161 -0.364174 0.006375 0.399512 -0.315769 -0.309990 -0.543202
