18 18
0 -0.385103 -0.359421 0.104805 -0.441613 -0.008436 0.207759 -0.177410 0.102975 0.261745 -0.221390 0.472718 0.497773 -0.112411 -0.158253 0.333568 -0.267223 0.004598 -0.171026
1 -0.343143 -0.329437 0.067861 -0.414214 -0.005810 0.111640 -0.080650 0.261730 0.368290 -0.225328 0.506365 0.547112 -0.043983 -0.372479 0.265455 -0.390854 0.034963 -0.267927
4 -0.298658 -0.263708 0.042763 -0.367548 -0.008292 0.132080 -0.108251 0.254195 0.325051 -0.229905 0.507807 0.533855 -0.040378 -0.326127 0.277385 -0.354375 0.018453 -0.246392
11 -0.475140 -0.422494 0.157694 -0.450088 0.081417 0.228356 -0.241758 0.078704 0.279577 -0.279812 0.420079 0.513942 -0.187542 -0.044036 0.362132 -0.238820 -0.036996 -0.128184
3 -0.366502 -0.320580 0.095610 -0.395926 0.009117 0.165689 -0.105235 0.173465 0.283815 -0.235131 0.480947 0.503480 -0.119229 -0.270192 0.282868 -0.328539 0.028610 -0.225520
12 -0.422514 -0.384362 0.108240 -0.451821 0.010162 0.198472 -0.194879 0.081425 0.265042 -0.218715 0.492238 0.548673 -0.134984 -0.129592 0.324135 -0.232677 -0.045261 -0.154292
5 -0.263130 -0.298817 -0.009419 -0.353155 -0.007423 0.100495 -0.019195 0.246467 0.362723 -0.229332 0.523439 0.540064 -0.051727 -0.388810 0.259842 -0.408591 0.024920 -0.277189
2 -0.240087 -0.289281 0.013067 -0.367134 -0.047659 0.130789 -0.041247 0.269170 0.296160 -0.208996 0.492799 0.540497 -0.023832 -0.385428 0.265728 -0.396307 0.017227 -0.233838
7 -0.233817 -0.271585 -0.013605 -0.370013 -0.069890 0.154803 -0.039561 0.270402 0.362340 -0.214736 0.497538 0.543693 -0.030056 -0.405150 0.293715 -0.379989 0.034238 -0.253408
10 -0.350598 -0.338677 0.066715 -0.403277 0.018377 0.210166 -0.118066 0.156949 0.317849 -0.247107 0.484946 0.531903 -0.120147 -0.205932 0.288396 -0.277835 0.023241 -0.170822
9 -0.294110 -0.280312 -0.000883 -0.379437 -0.030987 0.141500 -0.065937 0.251173 0.361907 -0.216898 0.511296 0.557794 -0.048604 -0.381932 0.262152 -0.366549 0.009289 -0.222377
16 -0.339152 -0.306791 0.068803 -0.402431 -0.012916 0.161172 -0.097732 0.192059 0.325967 -0.223115 0.478456 0.551820 -0.093332 -0.253942 0.318951 -0.343734 -0.020505 -0.248113
8 -0.299805 -0.331466 0.060880 -0.380647 -0.051343 0.172133 -0.068000 0.215543 0.311955 -0.192160 0.472020 0.519310 -0.085453 -0.311742 0.313917 -0.366207 0.039064 -0.222895
13 -0.380150 -0.355112 0.112588 -0.453595 0.014674 0.193558 -0.158532 0.103992 0.305466 -0.219627 0.460609 0.510442 -0.109986 -0.191900 0.318329 -0.267246 -0.034352 -0.183161
6 -0.300413 -0.321572 0.052475 -0.355870 -0.013887 0.139505 -0.059233 0.244469 0.321278 -0.212593 0.510040 0.525350 -0.068336 -0.346230 0.289466 -0.362087 0.010178 -0.262457
17 -0.387806 -0.353681 0.104836 -0.399216 -0.003559 0.168088 -0.139744 0.142621 0.314329 -0.209698 0.464178 0.535607 -0.107692 -0.164370 0.289463 -0.254621 -0.006471 -0.202326
15 -0.433040 -0.395283 0.134056 -0.464714 0.042284 0.246151 -0.164278 0.092922 0.287074 -0.256972 0.459820 0.530033 -0.139080 -0.141377 0.343803 -0.280744 -0.035061 -0.174003
14 -0.442882 -0.406634 0.165143 -0.465209 0.068483 0.249517 -0.225771 0.061620 0.248409 -0.234721 0.384046 0.511782 -0.177335 -0.076625 0.337874 -0.212393 -0.000443 -0.123159
