18 18
1 -0.518330 -0.532133 0.366824 -0.403197 -0.014941 -0.094656 -0.011274 -0.018621 0.327085 0.068109 0.206904 0.395212 0.005473 0.019035 0.258492 -0.303926 -0.188521 -0.426384
16 -0.480857 -0.480660 0.333722 -0.351875 -0.062548 -0.053579 0.014932 -0.024057 0.317909 0.072812 0.218717 0.402795 -0.027505 0.059425 0.318540 -0.291673 -0.228667 -0.451531
15 -0.511230 -0.502988 0.343272 -0.384233 -0.011050 -0.044783 0.011685 -0.054405 0.305445 0.035746 0.243429 0.393649 -0.014847 0.045832 0.286313 -0.305964 -0.223447 -0.442334
0 -0.475214 -0.505858 0.321220 -0.387242 -0.065475 -0.048468 -0.007778 -0.036815 0.297586 0.063763 0.241873 0.379265 -0.006242 0.032329 0.301116 -0.294227 -0.179144 -0.411673
6 -0.472628 -0.499163 0.342520 -0.334972 -0.030761 -0.049445 0.012662 -0.011804 0.299671 0.066860 0.231841 0.385896 -0.027788 0.025912 0.299267 -0.284193 -0.210734 -0.435465
11 -0.454482 -0.466297 0.301113 -0.322197 -0.019148 -0.073304 -0.016361 -0.000933 0.308882 0.029159 0.193638 0.359452 -0.025557 0.045748 0.287853 -0.291911 -0.201109 -0.388292
8 -0.481865 -0.528004 0.345227 -0.357914 -0.071081 -0.031682 0.017666 -0.026456 0.310904 0.096927 0.222281 0.416387 -0.038129 0.050518 0.320263 -0.292834 -0.199888 -0.415197
12 -0.489400 -0.503250 0.320007 -0.371138 -0.061256 -0.061016 -0.017956 -0.050011 0.294111 0.082994 0.244535 0.413348 -0.021255 0.055933 0.284561 -0.247235 -0.228923 -0.396885
2 -0.500822 -0.513424 0.350699 -0.394504 -0.010500 -0.102966 0.023302 0.001916 0.295223 0.030897 0.242158 0.440868 0.007413 -0.006456 0.281522 -0.383744 -0.236504 -0.472967
14 -0.475270 -0.496143 0.334147 -0.391805 -0.032686 -0.028006 -0.022561 -0.055748 0.288706 0.088270 0.187259 0.401750 -0.021034 0.041171 0.277410 -0.239764 -0.190215 -0.380957
13 -0.476729 -0.510736 0.352885 -0.408466 -0.052938 -0.067825 -0.000944 -0.049481 0.329894 0.097117 0.207181 0.388177 0.004434 0.009888 0.296564 -0.285378 -0.233999 -0.425625
4 -0.507125 -0.478196 0.360137 -0.365088 -0.009071 -0.095385 -0.020352 0.008534 0.312518 0.040248 0.271541 0.416916 0.004728 0.014073 0.279740 -0.325055 -0.201894 -0.480833
7 -0.454414 -0.491034 0.306012 -0.363727 -0.065695 -0.033316 0.010440 -0.016856 0.339419 0.058679 0.212412 0.398058 -0.013319 0.013946 0.314986 -0.278813 -0.205212 -0.426702
3 -0.546126 -0.486675 0.398884 -0.364077 0.017501 -0.099563 0.022681 -0.025519 0.265916 0.019063 0.274109 0.365074 -0.047900 -0.016145 0.257347 -0.362691 -0.167779 -0.517268
17 -0.452159 -0.464543 0.312318 -0.324611 -0.050164 -0.084293 0.013765 -0.014476 0.314854 0.073567 0.219366 0.389465 -0.000387 0.042947 0.249369 -0.255589 -0.193201 -0.423811
5 -0.467218 -0.496110 0.288378 -0.358707 0.017194 -0.098121 0.026679 -0.054415 0.316467 0.022875 0.233625 0.395460 -0.027319 0.030273 0.263454 -0.325817 -0.208522 -0.435589
10 -0.456376 -0.491670 0.301555 -0.363742 -0.029746 -0.040481 0.014580 -0.028962 0.330467 0.053714 0.224765 0.412959 -0.017784 0.046787 0.255075 -0.252680 -0.194705 -0.373353
9 -0.479255 -0.485274 0.293395 -0.376683 -0.036527 -0.065004 -0.007074 -0.019519 0.333904 0.059536 0.225124 0.409017 -0.003008 0.006550 0.261644 -0.281514 -0.214085 -0.380339
