18 18
0 -0.106773 -0.477910 0.058680 -0.523218 -0.172026 0.183629 0.094274 -0.167429 0.147126 0.098718 0.132995 0.492110 -0.127131 -0.170688 0.486738 -0.330005 -0.208869 -0.253844
8 -0.083857 -0.492617 0.059770 -0.499174 -0.176314 0.190805 0.127277 -0.156824 0.155584 0.118782 0.099755 0.497510 -0.152271 -0.174516 0.479637 -0.324852 -0.201387 -0.238737
10 -0.087992 -0.505091 0.044054 -0.540806 -0.168385 0.218388 0.123980 -0.181669 0.178809 0.098571 0.160267 0.547049 -0.152349 -0.155046 0.469679 -0.287131 -0.233537 -0.231737
16 -0.108306 -0.446771 0.052290 -0.490809 -0.154103 0.168172 0.128628 -0.183575 0.150345 0.088985 0.107133 0.507508 -0.158726 -0.136679 0.500640 -0.346195 -0.275144 -0.285904
2 -0.071638 -0.462367 0.042276 -0.510428 -0.164959 0.176563 0.130174 -0.153997 0.135453 0.083179 0.117773 0.513180 -0.124832 -0.192300 0.490484 -0.366186 -0.262215 -0.259940
7 -0.074902 -0.444346 0.020920 -0.502805 -0.176096 0.194215 0.115878 -0.170391 0.174852 0.069670 0.125449 0.497690 -0.137699 -0.183519 0.511526 -0.333956 -0.250637 -0.274229
5 -0.086062 -0.466239 0.019470 -0.480679 -0.126979 0.158281 0.136962 -0.191456 0.172494 0.072228 0.132014 0.505725 -0.158729 -0.156862 0.483705 -0.345661 -0.248862 -0.273479
11 -0.119190 -0.454503 0.056058 -0.474318 -0.135827 0.159872 0.086997 -0.144760 0.166642 0.052948 0.119254 0.483238 -0.152120 -0.142171 0.499641 -0.350639 -0.255018 -0.259362
14 -0.108965 -0.478369 0.075923 -0.514910 -0.137808 0.180499 0.094649 -0.176527 0.134520 0.118083 0.084130 0.503067 -0.149222 -0.174446 0.454366 -0.295781 -0.210089 -0.237679
17 -0.093633 -0.475539 0.054173 -0.480465 -0.185990 0.155804 0.129721 -0.154691 0.178287 0.126685 0.132958 0.532178 -0.127674 -0.147063 0.450173 -0.287153 -0.227330 -0.275536
1 -0.104946 -0.478057 0.067120 -0.493929 -0.148274 0.138390 0.099162 -0.124480 0.177298 0.117856 0.081596 0.471752 -0.105831 -0.188671 0.407472 -0.291973 -0.174050 -0.226000
4 -0.110164 -0.462329 0.063204 -0.507482 -0.151006 0.155403 0.080552 -0.138355 0.166806 0.091545 0.165040 0.530587 -0.116669 -0.173398 0.480263 -0.333926 -0.242242 -0.285327
12 -0.116966 -0.476650 0.056402 -0.509362 -0.178696 0.158926 0.083032 -0.185009 0.132419 0.122316 0.163964 0.519489 -0.132727 -0.139496 0.454736 -0.275986 -0.256046 -0.233091
9 -0.099995 -0.458545 0.020951 -0.497480 -0.154774 0.176114 0.109672 -0.143824 0.182598 0.095666 0.108683 0.510386 -0.135406 -0.197771 0.447770 -0.315743 -0.228669 -0.218625
13 -0.076905 -0.491561 0.066975 -0.550357 -0.186233 0.178201 0.111775 -0.189762 0.163536 0.140073 0.129047 0.511833 -0.120993 -0.186262 0.480689 -0.303206 -0.261340 -0.253535
6 -0.086913 -0.466111 0.054224 -0.468783 -0.149301 0.177346 0.130322 -0.154697 0.149080 0.091347 0.129583 0.487422 -0.149760 -0.176746 0.498776 -0.332514 -0.252995 -0.282920
3 -0.128931 -0.468058 0.079881 -0.510127 -0.151758 0.175558 0.129992 -0.174770 0.132073 0.080775 0.151102 0.490405 -0.166172 -0.193445 0.480293 -0.359502 -0.232441 -0.291806
15 -0.120168 -0.438721 0.064962 -0.482086 -0.136706 0.185744 0.122319 -0.188710 0.143044 0.068651 0.127051 0.456351 -0.134161 -0.137501 0.464138 -0.320595 -0.258598 -0.262711
