18 18
17 -0.130823 -0.528710 0.248444 -0.119581 0.018918 0.051551 0.280101 0.091569 0.339726 -0.001621 0.161969 0.393598 -0.125432 -0.011965 0.345535 -0.266517 -0.219264 -0.464489
12 -0.252530 -0.581614 0.268108 -0.189158 0.094054 0.054375 0.237007 0.011764 0.298647 -0.045930 0.249669 0.458863 -0.178147 0.056881 0.330316 -0.250495 -0.254698 -0.456811
15 -0.185904 -0.506750 0.246521 -0.162611 0.078448 0.118596 0.287693 0.016931 0.300962 -0.065939 0.201960 0.383500 -0.155806 0.029433 0.351088 -0.278603 -0.265462 -0.458364
4 -0.161419 -0.536526 0.259857 -0.141722 0.084016 0.056062 0.275391 0.100639 0.354524 -0.057172 0.222046 0.427095 -0.146182 -0.028683 0.381818 -0.323134 -0.251859 -0.514518
1 -0.252625 -0.579467 0.295868 -0.177005 0.117481 0.028160 0.258475 0.064341 0.348517 -0.058942 0.212028 0.426740 -0.154061 0.034767 0.322451 -0.288260 -0.231501 -0.501423
0 -0.273869 -0.577850 0.278359 -0.200365 0.118774 0.065345 0.246904 0.023590 0.316267 -0.080159 0.293759 0.465830 -0.172077 0.072791 0.320131 -0.267279 -0.219038 -0.495258
6 0.008266 -0.475195 0.208782 -0.072490 -0.039984 0.108083 0.304378 0.148633 0.315350 0.018712 0.077229 0.288697 -0.120345 -0.153394 0.436875 -0.321034 -0.236509 -0.431944
5 -0.211963 -0.583031 0.236322 -0.164817 0.119237 0.071312 0.316927 0.011924 0.368295 -0.082837 0.248935 0.468326 -0.200846 0.054512 0.368463 -0.308319 -0.279541 -0.522655
9 -0.124698 -0.511274 0.216288 -0.132739 0.036466 0.094716 0.305112 0.101053 0.356304 -0.040018 0.172443 0.398414 -0.153689 -0.080257 0.377641 -0.317923 -0.275791 -0.462652
2 0.117139 -0.488251 0.185730 -0.085416 -0.116276 0.113216 0.347676 0.198219 0.340344 0.045155 -0.004850 0.274915 -0.081113 -0.259392 0.501088 -0.406267 -0.258697 -0.428732
11 -0.185132 -0.567669 0.265868 -0.141586 0.080201 0.072957 0.276262 0.090132 0.364806 -0.066424 0.192731 0.423786 -0.173906 0.011716 0.405212 -0.318271 -0.272617 -0.499421
16 -0.214970 -0.522953 0.266491 -0.162109 0.091121 0.137013 0.344414 -0.005828 0.317493 -0.076787 0.215398 0.461733 -0.224828 0.099363 0.402896 -0.299400 -0.348940 -0.545612
8 0.478111 -0.466927 0.138620 0.015110 -0.391535 0.223717 0.464219 0.342373 0.426606 0.199080 -0.275935 0.091225 -0.048298 -0.544013 0.809156 -0.564779 -0.276538 -0.427352
13 0.186569 -0.455986 0.180674 -0.073956 -0.168784 0.132947 0.362094 0.191114 0.369759 0.089404 -0.061234 0.203765 -0.070894 -0.315517 0.560410 -0.407456 -0.275794 -0.434615
10 -0.256274 -0.590028 0.280584 -0.179190 0.138384 0.156264 0.352785 0.002966 0.368457 -0.115695 0.280601 0.511040 -0.240174 0.115368 0.372665 -0.276479 -0.315467 -0.540834
7 0.377498 -0.473381 0.127093 -0.029909 -0.317018 0.218126 0.439978 0.298549 0.448043 0.128641 -0.184818 0.164781 -0.049172 -0.477661 0.739434 -0.504023 -0.285145 -0.459840
14 -0.211055 -0.562490 0.279161 -0.186487 0.104794 0.093341 0.259513 0.033237 0.306402 -0.049728 0.186454 0.432922 -0.179967 0.019166 0.343988 -0.270342 -0.230830 -0.467811
3 -0.151397 -0.576404 0.297512 -0.141660 0.038908 0.115838 0.354563 0.099570 0.337643 -0.046137 0.185098 0.396816 -0.205192 -0.093562 0.440205 -0.377868 -0.269488 -0.565100
