18 18
2 -0.122876 -0.376098 0.230353 -0.327254 -0.110298 0.014721 0.071431 0.200099 0.057699 -0.014543 0.006566 0.351474 -0.083123 -0.576418 0.381031 -0.475000 -0.244987 -0.337795
14 -0.148503 -0.432060 0.214162 -0.393119 -0.119598 0.086687 0.054896 0.041312 0.089887 0.044255 -0.045682 0.409304 -0.147626 -0.428336 0.424469 -0.384651 -0.267896 -0.283902
7 -0.143619 -0.417461 0.233467 -0.364171 -0.140186 0.038839 0.080329 0.167663 0.126241 -0.003370 -0.006634 0.359968 -0.110313 -0.581305 0.430527 -0.451865 -0.247443 -0.372839
0 -0.157474 -0.398760 0.244007 -0.352494 -0.114050 0.031366 0.054124 0.180856 0.090259 -0.015019 0.029692 0.332551 -0.101111 -0.556388 0.400634 -0.458316 -0.202929 -0.340720
8 -0.156332 -0.479803 0.229507 -0.400683 -0.160986 0.076383 0.090654 0.106817 0.131667 0.029947 -0.020321 0.420880 -0.156112 -0.515503 0.475935 -0.468888 -0.280547 -0.325836
11 -0.183366 -0.433074 0.244440 -0.354626 -0.108919 0.034340 0.046493 0.156329 0.122446 -0.016367 -0.012188 0.385745 -0.141268 -0.506884 0.438008 -0.454935 -0.269094 -0.330508
5 -0.152330 -0.469497 0.181225 -0.397055 -0.128592 0.058985 0.097939 0.057894 0.155151 0.003782 0.013222 0.429808 -0.156166 -0.471032 0.457458 -0.448071 -0.306975 -0.336012
12 -0.189735 -0.473640 0.225223 -0.417669 -0.164204 0.048754 0.058999 0.089313 0.116870 0.035891 0.018619 0.455872 -0.146476 -0.526745 0.460814 -0.437371 -0.315866 -0.335802
3 -0.183363 -0.341530 0.331645 -0.261602 -0.038068 -0.043300 0.078567 0.296354 0.024824 -0.065037 0.032261 0.238923 -0.109977 -0.668728 0.326487 -0.522837 -0.145243 -0.413075
1 -0.199386 -0.418970 0.303966 -0.345936 -0.077726 -0.023442 0.062298 0.240162 0.108806 -0.022890 -0.009224 0.321536 -0.092401 -0.613270 0.369623 -0.491435 -0.201538 -0.384540
9 -0.170457 -0.455415 0.162908 -0.418261 -0.156502 0.094597 0.075855 0.060650 0.169406 0.022193 -0.005331 0.477028 -0.162096 -0.482823 0.454976 -0.417695 -0.325175 -0.276785
15 -0.189897 -0.434558 0.242624 -0.386745 -0.117359 0.077906 0.087801 0.062238 0.106631 0.005988 0.001294 0.378551 -0.133632 -0.455851 0.424534 -0.425441 -0.289761 -0.334000
13 -0.146577 -0.395128 0.266288 -0.355667 -0.106167 0.009137 0.072121 0.153400 0.099672 0.011074 -0.018859 0.325832 -0.102198 -0.564031 0.400451 -0.451998 -0.260523 -0.359156
16 -0.152217 -0.413529 0.199232 -0.377130 -0.143195 0.069063 0.092677 0.055474 0.123551 0.028161 -0.028539 0.410799 -0.153940 -0.419295 0.447628 -0.415339 -0.308737 -0.317905
6 -0.154625 -0.368078 0.291028 -0.259156 -0.056775 -0.018692 0.074212 0.279698 0.072649 -0.039901 0.029695 0.285309 -0.097859 -0.612902 0.364289 -0.477310 -0.200221 -0.393029
17 -0.167968 -0.433909 0.255675 -0.346801 -0.142915 0.013916 0.085752 0.164155 0.130839 0.025864 0.008450 0.410886 -0.114444 -0.528113 0.413976 -0.440167 -0.266810 -0.382953
10 -0.171248 -0.482917 0.216206 -0.405152 -0.136960 0.092057 0.098788 0.132906 0.172248 -0.015887 0.022257 0.465533 -0.169111 -0.535759 0.453918 -0.444914 -0.285120 -0.322516
4 -0.164261 -0.338018 0.300781 -0.271800 -0.041917 -0.050031 0.040133 0.312399 0.069555 -0.062280 0.045915 0.291594 -0.070192 -0.642571 0.346990 -0.504150 -0.181828 -0.409147
