18 18
10 -0.261270 -0.396589 -0.050678 0.021439 0.094857 -0.029954 0.163411 0.316579 0.445441 -0.321545 0.406429 0.546611 -0.195937 -0.107426 0.290723 -0.407634 -0.149827 -0.411947
2 -0.239568 -0.399222 -0.035465 0.021952 0.089164 -0.056987 0.160384 0.328724 0.373782 -0.303745 0.376229 0.533513 -0.175524 -0.147410 0.305368 -0.461028 -0.189738 -0.420317
11 -0.254284 -0.367987 -0.015304 0.047953 0.113850 -0.076386 0.110585 0.312149 0.373576 -0.295606 0.330138 0.454955 -0.183989 -0.103781 0.293201 -0.423975 -0.161923 -0.390806
12 -0.304142 -0.416934 -0.021916 -0.013654 0.070852 -0.066179 0.128242 0.272591 0.387679 -0.279463 0.424490 0.563716 -0.194809 -0.108491 0.308891 -0.419782 -0.189727 -0.438781
14 -0.289922 -0.405365 0.004958 -0.008442 0.115979 -0.051983 0.126332 0.298497 0.392998 -0.294353 0.366869 0.546798 -0.202209 -0.129702 0.307232 -0.438091 -0.147324 -0.451492
4 -0.276272 -0.381745 -0.040522 0.042138 0.119994 -0.082278 0.145017 0.351930 0.437394 -0.339230 0.448814 0.562713 -0.188721 -0.147547 0.311992 -0.474993 -0.173924 -0.484418
16 -0.249761 -0.360208 -0.032556 0.006953 0.065096 -0.049542 0.156635 0.286218 0.402731 -0.282574 0.360742 0.525063 -0.183957 -0.097165 0.314362 -0.424833 -0.176219 -0.437168
15 -0.293451 -0.388534 0.007078 -0.000427 0.113166 -0.031878 0.160573 0.261656 0.374444 -0.302552 0.393319 0.503501 -0.194792 -0.116787 0.303847 -0.449315 -0.183507 -0.460073
5 -0.218079 -0.377999 -0.074385 0.040566 0.112395 -0.061583 0.185301 0.266835 0.411883 -0.298102 0.394093 0.508893 -0.203868 -0.125572 0.292319 -0.426732 -0.181719 -0.427329
6 -0.230317 -0.373840 -0.030038 0.076860 0.106743 -0.051733 0.181667 0.320110 0.393781 -0.288331 0.389037 0.484698 -0.206647 -0.149440 0.301379 -0.422510 -0.180569 -0.439993
9 -0.253946 -0.366414 -0.060772 0.023389 0.090280 -0.054245 0.157456 0.305312 0.421269 -0.297742 0.401175 0.529462 -0.188889 -0.151305 0.290297 -0.433719 -0.186239 -0.411595
1 -0.261440 -0.382431 -0.016780 0.005966 0.101046 -0.080297 0.143688 0.301683 0.406778 -0.279921 0.354953 0.485860 -0.162837 -0.133936 0.267341 -0.421400 -0.151460 -0.413486
0 -0.264041 -0.386127 -0.026495 -0.028012 0.053168 -0.036267 0.122007 0.280749 0.389324 -0.284173 0.395277 0.511456 -0.164184 -0.112154 0.310892 -0.416346 -0.129853 -0.408163
7 -0.227860 -0.358768 -0.058825 0.009769 0.066328 -0.029852 0.138687 0.299238 0.416142 -0.299100 0.361098 0.485889 -0.163412 -0.145965 0.300918 -0.399666 -0.142035 -0.400147
3 -0.275262 -0.363294 -0.002123 0.046378 0.121745 -0.072795 0.168691 0.296745 0.353489 -0.303645 0.392216 0.474358 -0.219842 -0.162704 0.274619 -0.459053 -0.148223 -0.456392
17 -0.259188 -0.372578 -0.024590 0.044143 0.057732 -0.069368 0.171308 0.310927 0.426890 -0.267786 0.402152 0.527571 -0.168512 -0.106654 0.268661 -0.391451 -0.155689 -0.449490
13 0.019096 0.002747 0.009678 -0.019404 -0.008210 -0.004883 0.008138 -0.018294 0.006568 0.019257 -0.015253 -0.018294 0.012156 -0.023377 0.007956 -0.002520 -0.021393 -0.009389
8 0.003889 -0.024784 0.014791 0.006068 -0.018192 0.009774 0.013932 0.005426 -0.001505 0.020585 -0.012265 0.000073 -0.017512 0.000480 0.021614 -0.017675 0.015234 0.001164
