18 18
0 -0.126318 -0.385810 0.123440 -0.234816 -0.092712 -0.031397 0.280830 0.184591 0.253539 -0.074736 0.190724 0.309241 -0.078236 -0.395605 0.230692 -0.506836 0.125967 -0.481457
3 -0.135438 -0.360094 0.154787 -0.199391 -0.062347 -0.052623 0.308252 0.191983 0.212756 -0.079434 0.175102 0.262723 -0.105081 -0.427668 0.192925 -0.513469 0.129475 -0.495616
8 -0.126121 -0.399673 0.142716 -0.221964 -0.103233 -0.036137 0.306766 0.188346 0.248137 -0.047761 0.150646 0.307453 -0.099397 -0.400488 0.237196 -0.532800 0.106775 -0.480970
13 -0.131602 -0.398117 0.143444 -0.271378 -0.090028 -0.054615 0.305553 0.173641 0.276687 -0.053144 0.145738 0.306682 -0.068605 -0.440674 0.225335 -0.532766 0.061992 -0.501029
12 -0.233047 -0.422865 0.136087 -0.319123 -0.111828 -0.062899 0.270533 0.122844 0.265375 -0.054639 0.199196 0.396145 -0.095975 -0.362918 0.237817 -0.518208 -0.016678 -0.464503
5 -0.091225 -0.386158 0.097361 -0.175052 -0.048992 -0.060046 0.334261 0.187335 0.275026 -0.094507 0.203005 0.305804 -0.104970 -0.409547 0.217636 -0.529749 0.129684 -0.526777
2 -0.119386 -0.398384 0.127750 -0.249530 -0.088022 -0.048587 0.316820 0.212752 0.245414 -0.083764 0.166723 0.343898 -0.074627 -0.445449 0.227896 -0.572599 0.078464 -0.500877
6 -0.105362 -0.380208 0.136899 -0.173361 -0.062009 -0.046577 0.319256 0.225891 0.250459 -0.079913 0.191263 0.287411 -0.095156 -0.435796 0.226179 -0.521258 0.111715 -0.516179
1 -0.186624 -0.409704 0.152907 -0.274662 -0.074107 -0.074169 0.274653 0.185175 0.276806 -0.065359 0.148053 0.325468 -0.066788 -0.408473 0.205288 -0.531372 0.077321 -0.488394
9 -0.229316 -0.415617 0.118364 -0.326358 -0.101391 -0.048871 0.289333 0.162313 0.306763 -0.078897 0.177696 0.404933 -0.086122 -0.412050 0.238867 -0.569803 -0.019653 -0.468987
7 -0.114709 -0.388079 0.112360 -0.238716 -0.099856 -0.033837 0.312790 0.201824 0.292197 -0.079095 0.168823 0.324167 -0.079179 -0.453255 0.240637 -0.525508 0.100897 -0.513490
4 -0.105170 -0.346490 0.135587 -0.182880 -0.057269 -0.069508 0.284325 0.228210 0.247833 -0.084708 0.207371 0.294869 -0.067161 -0.431580 0.204859 -0.510794 0.139997 -0.521647
17 -0.143235 -0.395594 0.136401 -0.209488 -0.098550 -0.069559 0.313526 0.211387 0.297842 -0.059764 0.177982 0.342104 -0.074855 -0.390182 0.205726 -0.510207 0.091688 -0.523071
16 -0.207574 -0.376906 0.131541 -0.300631 -0.101473 -0.052454 0.285318 0.124568 0.269456 -0.062316 0.147365 0.374148 -0.095940 -0.340801 0.255005 -0.538752 -0.032854 -0.481587
14 -0.144487 -0.425799 0.170640 -0.248260 -0.062787 -0.051131 0.298515 0.204978 0.247532 -0.062488 0.163987 0.340827 -0.095527 -0.440729 0.227953 -0.533853 0.134047 -0.531839
10 -0.171475 -0.417931 0.124921 -0.262478 -0.071725 -0.024209 0.329343 0.186224 0.319655 -0.107584 0.198133 0.372611 -0.117887 -0.389726 0.228919 -0.539239 0.080544 -0.494665
15 -0.217970 -0.414052 0.151349 -0.315926 -0.091299 -0.024962 0.296997 0.127515 0.275977 -0.079405 0.175075 0.357345 -0.083363 -0.371608 0.251386 -0.547127 -0.008794 -0.488790
11 -0.188785 -0.404420 0.137416 -0.251742 -0.067618 -0.062705 0.260378 0.197947 0.292892 -0.097757 0.158906 0.346756 -0.099733 -0.372227 0.255469 -0.552241 0.033722 -0.476818
