18 18
15 -0.061063 -0.495281 0.135204 -0.043397 -0.048354 0.118123 0.236369 0.306129 0.468302 -0.114086 0.186500 0.409172 -0.000378 -0.159105 0.462036 -0.388739 -0.187596 -0.496281
5 0.017342 -0.525838 0.028187 -0.033501 -0.048618 0.099668 0.275515 0.296572 0.480379 -0.135849 0.211009 0.470972 -0.029568 -0.193690 0.479182 -0.436304 -0.194096 -0.478574
6 -0.019883 -0.495088 0.116688 0.007341 -0.052145 0.106848 0.238355 0.355113 0.450622 -0.104472 0.186412 0.419824 -0.019140 -0.178354 0.469881 -0.388821 -0.163186 -0.495038
8 -0.051253 -0.509452 0.148159 -0.011227 -0.060383 0.089373 0.217719 0.349119 0.461442 -0.088084 0.164854 0.406023 -0.017963 -0.158498 0.467821 -0.399467 -0.138021 -0.486880
4 -0.074398 -0.449000 0.154852 -0.003440 -0.023131 0.055238 0.173158 0.369633 0.466871 -0.119271 0.192333 0.393376 0.023720 -0.155008 0.433643 -0.382610 -0.151022 -0.510208
17 -0.051198 -0.496980 0.137169 0.003187 -0.079013 0.071471 0.239469 0.359397 0.500876 -0.085219 0.195191 0.441944 0.012674 -0.146750 0.446094 -0.368781 -0.165132 -0.529074
11 -0.068293 -0.439748 0.129336 -0.002804 -0.026774 0.062701 0.165625 0.336944 0.439285 -0.121384 0.153857 0.368640 -0.010621 -0.126203 0.425932 -0.365402 -0.143918 -0.446423
10 -0.010727 -0.475974 0.078655 -0.027418 -0.037294 0.129623 0.237790 0.326895 0.477390 -0.140667 0.186863 0.432944 -0.019595 -0.162406 0.440251 -0.369944 -0.148763 -0.444873
7 0.026964 -0.501277 0.053608 -0.035306 -0.082406 0.130083 0.245940 0.345364 0.482925 -0.124148 0.179683 0.457126 -0.002669 -0.225161 0.492349 -0.402208 -0.164204 -0.471338
13 0.005870 -0.477312 0.095503 -0.054505 -0.075449 0.100742 0.236270 0.298187 0.456030 -0.085121 0.158842 0.406916 0.006630 -0.206145 0.459524 -0.386174 -0.189523 -0.467122
16 -0.048035 -0.450084 0.136530 -0.019256 -0.054434 0.086526 0.223454 0.323750 0.455301 -0.099433 0.144095 0.394348 -0.009529 -0.133268 0.451765 -0.378068 -0.168575 -0.497844
1 -0.047126 -0.514150 0.121208 -0.047792 -0.044757 0.066695 0.218857 0.350303 0.479441 -0.109370 0.159012 0.411106 0.014297 -0.200231 0.442013 -0.415883 -0.150892 -0.478625
12 -0.077528 -0.514630 0.128738 -0.035294 -0.060700 0.079873 0.193844 0.308059 0.438683 -0.087727 0.207650 0.446928 -0.020599 -0.137996 0.455139 -0.361187 -0.180947 -0.475865
14 -0.051210 -0.519756 0.145081 -0.037780 -0.037958 0.105062 0.207276 0.338331 0.450949 -0.096006 0.159567 0.451086 -0.021258 -0.167447 0.465860 -0.382372 -0.145668 -0.493567
2 0.037569 -0.489407 0.049656 -0.046603 -0.081202 0.110666 0.254415 0.332917 0.407957 -0.112680 0.168271 0.454211 0.007460 -0.222605 0.450590 -0.429084 -0.186528 -0.422675
9 -0.009311 -0.486005 0.052748 -0.040838 -0.071390 0.105795 0.233296 0.335117 0.466167 -0.108077 0.180217 0.464824 -0.006315 -0.213854 0.450044 -0.403760 -0.183424 -0.435739
0 -0.050043 -0.508371 0.123429 -0.049221 -0.067734 0.112218 0.202109 0.335733 0.453563 -0.113417 0.202042 0.426043 -0.004175 -0.163588 0.480480 -0.401897 -0.134926 -0.482922
3 -0.024675 0.005665 0.025365 0.004601 0.007865 -0.001883 0.014761 -0.000233 -0.026227 -0.010111 0.011993 -0.020661 -0.026950 -0.026588 -0.012274 -0.019090 0.026092 -0.020014
