18 18
17 -0.120019 -0.355988 0.345625 -0.047353 -0.213837 0.098369 0.442840 0.118475 0.123584 0.189338 -0.023661 0.636991 -0.189596 0.180577 0.326179 -0.276524 -0.125884 -0.684375
3 -0.139587 -0.422257 0.294355 -0.001827 -0.219979 0.193208 0.352000 0.341824 0.164918 0.042936 0.173356 0.510510 -0.244980 -0.129501 0.345268 -0.385428 0.017449 -0.393648
4 -0.092194 -0.435573 0.265723 0.014473 -0.239190 0.208922 0.290498 0.452118 0.215949 0.019902 0.220873 0.474963 -0.190278 -0.235831 0.356468 -0.396484 0.058829 -0.292297
6 -0.098808 -0.411977 0.269626 0.030112 -0.196236 0.186501 0.349021 0.322297 0.173723 0.053702 0.148164 0.504867 -0.229266 -0.078742 0.362661 -0.342730 -0.023369 -0.418425
10 -0.112921 -0.430056 0.255148 0.001008 -0.198830 0.215172 0.356032 0.321684 0.210596 0.023832 0.176075 0.539736 -0.246481 -0.062533 0.350280 -0.348451 -0.004122 -0.371540
8 -0.111462 -0.490448 0.307811 -0.003388 -0.266640 0.227642 0.371245 0.393119 0.201486 0.068978 0.163717 0.540757 -0.248844 -0.160376 0.399868 -0.424569 0.028895 -0.367470
15 -0.126373 -0.381841 0.289559 -0.039263 -0.175280 0.171175 0.358497 0.207516 0.145910 0.070155 0.092073 0.504379 -0.197176 0.007270 0.333442 -0.330881 -0.062923 -0.466406
11 -0.136201 -0.448666 0.273507 0.007812 -0.211030 0.184333 0.326921 0.370159 0.219525 0.020724 0.169010 0.538507 -0.238610 -0.094698 0.387161 -0.397439 -0.023678 -0.384260
13 -0.097520 -0.491786 0.301716 -0.029658 -0.266830 0.234541 0.352773 0.422089 0.234893 0.048321 0.198406 0.500256 -0.220449 -0.254652 0.396138 -0.434146 0.022650 -0.326584
7 -0.092262 -0.443215 0.270183 -0.028916 -0.256522 0.215421 0.382163 0.327123 0.212862 0.066969 0.129970 0.564482 -0.216964 -0.115394 0.389045 -0.372817 -0.014883 -0.436427
16 -0.101757 -0.309709 0.336759 -0.075385 -0.188803 0.106916 0.462679 0.059862 0.078774 0.186359 -0.083804 0.643345 -0.203662 0.217613 0.362230 -0.304856 -0.166879 -0.739108
0 -0.110957 -0.379950 0.295643 -0.062288 -0.198300 0.149689 0.378910 0.154820 0.122972 0.114342 0.052893 0.560010 -0.204099 0.089790 0.361221 -0.314504 -0.065220 -0.561446
9 -0.118929 -0.421774 0.248527 -0.032312 -0.243214 0.201561 0.361656 0.339231 0.212054 0.068675 0.138705 0.588945 -0.208422 -0.122361 0.352508 -0.377621 -0.030312 -0.391775
2 -0.087958 -0.419536 0.261755 -0.023124 -0.238171 0.193322 0.342130 0.348151 0.155382 0.055289 0.141608 0.516264 -0.189208 -0.142535 0.334799 -0.379138 -0.009907 -0.342233
1 -0.132213 -0.469167 0.313132 -0.030324 -0.216594 0.173845 0.339187 0.367536 0.215729 0.059155 0.137323 0.499417 -0.201192 -0.143092 0.349061 -0.387457 0.023549 -0.388150
14 -0.109637 -0.366280 0.350034 -0.081649 -0.172194 0.136020 0.417638 0.117168 0.084125 0.168443 -0.060876 0.626050 -0.213225 0.127425 0.355603 -0.314264 -0.100492 -0.656857
5 -0.093215 -0.375722 0.267112 -0.034971 -0.156006 0.121133 0.407982 0.155261 0.152293 0.093050 0.049662 0.567616 -0.219372 0.068695 0.347541 -0.335325 -0.092693 -0.575194
12 -0.149115 -0.438161 0.283529 -0.031960 -0.225544 0.165004 0.340889 0.261772 0.165484 0.086064 0.156727 0.569469 -0.229239 -0.024036 0.354895 -0.329558 -0.059988 -0.427207
