18 18
9 -0.036406 -0.382338 0.050587 -0.174788 -0.098068 0.177417 0.297303 0.267533 0.412326 -0.039956 0.212535 0.380537 0.059729 -0.461703 0.294830 -0.374014 -0.321847 -0.273669
7 0.027935 -0.400158 0.070955 -0.194175 -0.182389 0.150422 0.267751 0.273265 0.349070 0.014417 0.132710 0.356809 0.071855 -0.509287 0.372591 -0.405765 -0.300697 -0.313216
8 -0.002846 -0.434965 0.097893 -0.172921 -0.149074 0.158254 0.304336 0.273993 0.356926 0.008251 0.172965 0.358700 0.047208 -0.462119 0.352680 -0.420486 -0.287856 -0.304179
13 0.007446 -0.416011 0.109738 -0.216377 -0.154023 0.144482 0.280687 0.237618 0.356212 0.029476 0.151291 0.349118 0.076311 -0.495245 0.363030 -0.408281 -0.353286 -0.326876
2 0.019521 -0.380830 0.072190 -0.187483 -0.142009 0.135117 0.269896 0.253495 0.299016 0.000891 0.155832 0.344667 0.085309 -0.451830 0.304829 -0.386594 -0.308793 -0.267459
14 -0.025250 -0.422492 0.105618 -0.212814 -0.109727 0.167584 0.269306 0.247294 0.359023 0.003620 0.154655 0.384230 0.051847 -0.469703 0.332854 -0.388462 -0.309650 -0.307483
5 -0.018676 -0.426247 0.036129 -0.164713 -0.081427 0.109736 0.322997 0.218752 0.408985 -0.043175 0.233424 0.382461 0.038232 -0.414318 0.309310 -0.416067 -0.293608 -0.336012
6 0.000243 -0.386831 0.088045 -0.159846 -0.127813 0.164923 0.270491 0.263340 0.331697 -0.004105 0.173123 0.338288 0.059656 -0.451604 0.341550 -0.370406 -0.314851 -0.298578
1 -0.042796 -0.454298 0.100032 -0.193554 -0.107726 0.116283 0.315291 0.292394 0.420496 -0.020898 0.196128 0.378870 0.077266 -0.471629 0.314256 -0.437249 -0.285191 -0.341490
12 -0.045896 -0.422099 0.092258 -0.220442 -0.134970 0.154306 0.257334 0.214244 0.346189 0.012632 0.203081 0.399304 0.056837 -0.444639 0.334921 -0.363531 -0.357978 -0.294794
0 -0.017835 -0.418945 0.080806 -0.215247 -0.156237 0.170708 0.273872 0.251644 0.356692 -0.011858 0.216181 0.372614 0.077534 -0.460419 0.357370 -0.403595 -0.308820 -0.313739
11 -0.027717 -0.403795 0.100605 -0.177902 -0.127959 0.138491 0.238278 0.267135 0.338193 -0.012266 0.154080 0.355022 0.049517 -0.439401 0.356436 -0.399040 -0.323781 -0.291136
15 -0.094363 -0.410499 0.095783 -0.203805 -0.037889 0.255022 0.348290 0.221576 0.456849 -0.097328 0.265767 0.392392 0.048434 -0.421131 0.299801 -0.370705 -0.371283 -0.313289
3 -0.034498 -0.400296 0.112286 -0.177267 -0.123512 0.155806 0.306489 0.255654 0.334282 -0.013659 0.184115 0.342270 0.030938 -0.490939 0.323817 -0.411691 -0.293452 -0.327582
16 -0.013260 -0.369996 0.088010 -0.187517 -0.136105 0.154864 0.280450 0.238010 0.344865 -0.000005 0.146034 0.362115 0.052814 -0.434367 0.350276 -0.392797 -0.347726 -0.321859
17 -0.021999 -0.418123 0.081626 -0.155922 -0.148741 0.126540 0.324558 0.266189 0.407609 0.005949 0.207631 0.398156 0.067137 -0.437959 0.312068 -0.382004 -0.298658 -0.350280
10 -0.063452 -0.401418 0.054968 -0.176955 -0.031624 0.253682 0.359376 0.244952 0.482228 -0.110146 0.283830 0.416256 0.033798 -0.402565 0.271632 -0.338537 -0.338785 -0.280353
4 -0.028951 -0.369158 0.078431 -0.178332 -0.089561 0.149581 0.266440 0.267246 0.385831 -0.042544 0.228355 0.376556 0.083062 -0.445847 0.305094 -0.380545 -0.322165 -0.317318
