18 18
0 -0.333318 -0.495541 0.176171 -0.390556 -0.172865 0.121185 0.124066 -0.100627 0.208150 0.042399 0.274499 0.469740 -0.290423 -0.053671 0.375298 -0.252518 -0.063591 -0.312532
3 -0.340895 -0.487036 0.190953 -0.368817 -0.137873 0.084322 0.221255 -0.023886 0.213921 -0.038151 0.303826 0.427024 -0.309891 -0.230939 0.368424 -0.415792 -0.017005 -0.425337
1 -0.345013 -0.490955 0.190179 -0.375116 -0.121416 0.058762 0.175752 -0.021338 0.252635 -0.017073 0.261473 0.439593 -0.265417 -0.157772 0.356599 -0.367377 -0.046112 -0.396923
13 -0.316262 -0.493821 0.188902 -0.392824 -0.180654 0.104814 0.145270 -0.116772 0.225857 0.073552 0.242862 0.469412 -0.289306 -0.067254 0.374522 -0.237545 -0.116182 -0.324207
12 -0.378434 -0.519738 0.184958 -0.396132 -0.188505 0.111059 0.053794 -0.208130 0.181031 0.139950 0.259926 0.560596 -0.327440 0.123044 0.345872 -0.071482 -0.174549 -0.222230
10 -0.365791 -0.525304 0.190855 -0.392733 -0.172104 0.154169 0.117683 -0.157884 0.247400 0.077520 0.276553 0.564358 -0.351993 0.083016 0.387462 -0.151087 -0.127893 -0.286653
6 -0.330165 -0.531159 0.173618 -0.362162 -0.155092 0.099775 0.212145 -0.033495 0.250515 0.006664 0.302888 0.474058 -0.302352 -0.187428 0.392254 -0.352928 -0.077876 -0.401655
11 -0.349971 -0.493047 0.185908 -0.348385 -0.137894 0.080472 0.105669 -0.073546 0.233947 0.021632 0.255181 0.481374 -0.300848 -0.011859 0.377840 -0.250458 -0.107729 -0.320463
7 -0.280952 -0.487640 0.131419 -0.365796 -0.187438 0.108634 0.208477 -0.029198 0.270037 0.001163 0.268507 0.459222 -0.269078 -0.201950 0.387663 -0.338515 -0.064417 -0.376942
9 -0.335926 -0.489455 0.145606 -0.381420 -0.157277 0.098189 0.177145 -0.045861 0.259567 0.007126 0.278751 0.482090 -0.286129 -0.164498 0.359539 -0.327632 -0.085389 -0.340195
8 -0.322990 -0.511495 0.185730 -0.368520 -0.176677 0.120077 0.151610 -0.102732 0.215901 0.072419 0.238235 0.476598 -0.311536 -0.056917 0.384002 -0.256260 -0.083912 -0.310606
17 -0.352026 -0.522417 0.184650 -0.371995 -0.209217 0.097099 0.152170 -0.102667 0.262893 0.089140 0.276986 0.548232 -0.303953 -0.004126 0.371333 -0.203568 -0.118403 -0.346296
5 -0.310593 -0.481888 0.131777 -0.355495 -0.117422 0.082719 0.185008 -0.080277 0.249440 -0.013689 0.285865 0.464801 -0.296430 -0.130709 0.365412 -0.331291 -0.079699 -0.371567
2 -0.282106 -0.460032 0.150777 -0.353632 -0.151152 0.087694 0.177048 -0.043128 0.198475 0.000692 0.260066 0.457880 -0.257912 -0.132160 0.351638 -0.326862 -0.083878 -0.338323
16 -0.352633 -0.486759 0.195578 -0.371020 -0.182633 0.110545 0.127523 -0.136515 0.225214 0.080869 0.241833 0.527593 -0.323165 0.061018 0.397778 -0.197737 -0.149880 -0.330666
15 -0.359381 -0.490404 0.189868 -0.380165 -0.138727 0.119186 0.154682 -0.107802 0.226252 0.015047 0.276997 0.462041 -0.287021 -0.059474 0.373288 -0.278681 -0.106973 -0.353330
14 -0.374499 -0.513127 0.225467 -0.412974 -0.143608 0.128366 0.094417 -0.144419 0.190650 0.080197 0.234692 0.520080 -0.331211 -0.001458 0.370542 -0.199297 -0.092616 -0.311744
4 -0.320879 -0.443395 0.164010 -0.339362 -0.126614 0.069530 0.159470 -0.014134 0.252731 -0.027826 0.309676 0.468357 -0.266772 -0.143531 0.367047 -0.345458 -0.058809 -0.399489
