18 18
6 -0.207550 -0.271573 0.284003 -0.106364 -0.038882 0.027964 0.176578 0.418545 0.142962 -0.072406 0.006223 0.374804 -0.153210 -0.470001 0.324191 -0.493012 -0.202364 -0.432954
14 -0.227004 -0.303662 0.330314 -0.149376 -0.036385 0.026849 0.158365 0.402562 0.142948 -0.036642 -0.050892 0.408526 -0.161122 -0.455404 0.328805 -0.481919 -0.188177 -0.446841
11 -0.255369 -0.297344 0.307069 -0.130399 -0.036091 0.013880 0.146069 0.429048 0.161339 -0.089979 -0.008467 0.399661 -0.163934 -0.445049 0.346176 -0.521419 -0.216122 -0.430598
9 -0.246013 -0.269103 0.265678 -0.167819 -0.056604 0.018520 0.169139 0.413812 0.156473 -0.079745 0.025290 0.429131 -0.139343 -0.518579 0.315876 -0.541300 -0.230305 -0.420226
3 -0.267633 -0.254594 0.301143 -0.169723 -0.030718 0.003530 0.168967 0.383068 0.083918 -0.101566 0.042419 0.373110 -0.160019 -0.529067 0.298629 -0.563062 -0.189077 -0.443345
16 -0.223375 -0.257381 0.285026 -0.152216 -0.053295 0.014066 0.188924 0.387017 0.123845 -0.074035 -0.003537 0.407949 -0.161166 -0.464233 0.346738 -0.547245 -0.241174 -0.457227
8 -0.210831 -0.272221 0.276062 -0.124249 -0.059901 0.046791 0.181927 0.362519 0.110862 -0.059412 0.000350 0.362738 -0.167929 -0.417519 0.318577 -0.489825 -0.189158 -0.382329
0 -0.215057 -0.260389 0.263635 -0.195859 -0.059405 0.035473 0.160437 0.359108 0.106523 -0.093025 0.048917 0.376117 -0.130293 -0.495839 0.340645 -0.552219 -0.186269 -0.428897
4 -0.231063 -0.241674 0.288037 -0.159155 -0.017306 -0.002289 0.139316 0.429478 0.132120 -0.114347 0.048291 0.396269 -0.119849 -0.520729 0.323177 -0.563695 -0.189709 -0.463125
15 -0.252989 -0.273125 0.294144 -0.180945 -0.044819 0.052442 0.182047 0.355275 0.114702 -0.092918 0.029555 0.386645 -0.137301 -0.457886 0.324400 -0.532041 -0.230813 -0.427313
1 -0.301477 -0.356445 0.366756 -0.188336 -0.047999 -0.001360 0.195180 0.493088 0.190353 -0.087640 -0.008159 0.456911 -0.158228 -0.567282 0.364193 -0.618005 -0.210461 -0.524681
10 -0.221761 -0.285839 0.281753 -0.129041 -0.043657 0.060546 0.200383 0.412324 0.171974 -0.089001 0.008193 0.426276 -0.180537 -0.445267 0.324549 -0.490227 -0.212423 -0.418923
2 -0.199512 -0.263040 0.265289 -0.162093 -0.061043 0.018895 0.178224 0.398608 0.097164 -0.077794 0.004583 0.404580 -0.123818 -0.492384 0.305662 -0.535105 -0.223919 -0.401195
12 -0.262170 -0.285756 0.280358 -0.173848 -0.057678 0.012378 0.139895 0.347542 0.089848 -0.060210 0.047083 0.411487 -0.148267 -0.450400 0.304896 -0.483526 -0.232584 -0.395936
7 -0.212306 -0.266918 0.259519 -0.148814 -0.078504 0.038873 0.166458 0.392199 0.159810 -0.069670 -0.006345 0.390333 -0.131166 -0.474703 0.318192 -0.477620 -0.189705 -0.418534
13 -0.179777 -0.249822 0.274294 -0.155174 -0.052411 0.024682 0.177829 0.344239 0.126063 -0.055314 -0.013226 0.343984 -0.141970 -0.460188 0.332541 -0.499774 -0.237378 -0.408597
5 -0.214745 -0.278130 0.240253 -0.166141 -0.013064 0.003811 0.194229 0.338243 0.130079 -0.112542 0.055069 0.394459 -0.161341 -0.480208 0.328938 -0.563466 -0.216711 -0.447902
17 -0.231338 -0.280692 0.285486 -0.122584 -0.083711 0.005500 0.187362 0.400229 0.172835 -0.041110 0.019788 0.418470 -0.130619 -0.432896 0.296611 -0.469927 -0.194961 -0.451223
