18 18
3 -0.221191 -0.514049 0.102438 -0.161988 -0.120065 0.154170 0.333068 0.084415 0.270561 -0.101483 0.269819 0.455560 -0.286287 -0.160624 0.438973 -0.451611 -0.034307 -0.483133
0 -0.302553 -0.546168 0.165161 -0.288878 -0.121248 0.152623 0.181600 0.011318 0.237004 -0.073503 0.276632 0.452857 -0.240019 -0.023524 0.452867 -0.413483 -0.044016 -0.408275
2 -0.199861 -0.527678 0.082857 -0.201762 -0.160845 0.158567 0.326998 0.116634 0.285152 -0.086591 0.265169 0.512155 -0.222802 -0.141534 0.451682 -0.486812 -0.065558 -0.456449
17 -0.103211 -0.450053 0.022655 -0.085928 -0.239277 0.144017 0.421342 0.221428 0.364958 -0.073505 0.280263 0.519284 -0.171524 -0.206188 0.439722 -0.482197 -0.024279 -0.544422
6 -0.133385 -0.452323 0.047289 -0.107711 -0.149325 0.151650 0.334034 0.144633 0.290524 -0.085012 0.246238 0.439675 -0.211869 -0.167204 0.432755 -0.431477 -0.046718 -0.464464
15 -0.281173 -0.545426 0.146245 -0.242190 -0.113558 0.172566 0.264990 0.041486 0.280874 -0.090544 0.270973 0.468761 -0.243835 -0.067666 0.455562 -0.443410 -0.069843 -0.455425
1 -0.157284 -0.452721 0.066496 -0.141846 -0.171177 0.109373 0.330793 0.181288 0.321267 -0.079041 0.231189 0.441867 -0.158255 -0.186157 0.401851 -0.469982 -0.017595 -0.480483
14 -0.425854 -0.623539 0.274809 -0.363780 -0.003152 0.148324 0.074699 -0.102387 0.193329 -0.053286 0.221300 0.450245 -0.320370 0.085367 0.427830 -0.339395 -0.060981 -0.348977
11 -0.450709 -0.631555 0.277277 -0.342983 0.024386 0.125019 0.039559 -0.106588 0.200266 -0.087693 0.230480 0.421169 -0.342593 0.130743 0.435985 -0.330816 -0.086805 -0.322126
12 -0.488129 -0.677846 0.288079 -0.406575 0.000551 0.132683 0.029172 -0.175179 0.170131 -0.046011 0.262460 0.467116 -0.349951 0.146196 0.437254 -0.301702 -0.120253 -0.316002
4 -0.186260 -0.453714 0.077523 -0.153083 -0.121776 0.138781 0.277528 0.131279 0.293416 -0.103496 0.275430 0.470142 -0.212924 -0.129318 0.428683 -0.441724 -0.039099 -0.465601
5 -0.274162 -0.550350 0.118307 -0.238847 -0.077448 0.137663 0.240774 0.001138 0.280199 -0.088902 0.264262 0.475056 -0.276801 -0.032588 0.440420 -0.420883 -0.072044 -0.423413
9 -0.255659 -0.523769 0.094881 -0.210603 -0.130353 0.150428 0.266039 0.088293 0.312067 -0.084019 0.271124 0.496644 -0.246689 -0.118350 0.442798 -0.445158 -0.063757 -0.434904
8 -0.211239 -0.487441 0.118170 -0.186319 -0.142079 0.149996 0.260888 0.073359 0.250463 -0.050097 0.226380 0.424397 -0.227315 -0.082861 0.416300 -0.414540 -0.023495 -0.399278
10 -0.405793 -0.639080 0.229289 -0.342755 -0.014426 0.178056 0.124214 -0.087089 0.240103 -0.094643 0.269053 0.483047 -0.341715 0.092969 0.445745 -0.348133 -0.074707 -0.348338
7 -0.057976 -0.421540 -0.022906 -0.088422 -0.197523 0.167952 0.389220 0.192731 0.343375 -0.106270 0.228955 0.459791 -0.184909 -0.244254 0.442629 -0.451837 -0.022120 -0.483931
16 -0.251834 -0.501040 0.144403 -0.219860 -0.114009 0.145249 0.245890 0.041866 0.259878 -0.074464 0.223384 0.450712 -0.252659 -0.033688 0.448168 -0.416034 -0.072947 -0.439997
13 -0.416600 -0.630833 0.280885 -0.379834 -0.000420 0.141805 0.073729 -0.147449 0.194619 -0.053383 0.221696 0.414132 -0.327966 0.096535 0.443455 -0.328636 -0.104994 -0.340231
