18 18
14 -0.261715 -0.475246 0.429011 -0.389797 -0.011734 0.011846 0.081145 0.048641 0.132710 0.165284 -0.201242 0.422265 -0.114855 -0.131770 0.420411 -0.396666 -0.140734 -0.524526
11 -0.259361 -0.490768 0.406007 -0.367294 -0.029506 0.012122 0.089761 0.084839 0.175673 0.133925 -0.190672 0.426032 -0.128185 -0.121055 0.461630 -0.426773 -0.168084 -0.505171
16 -0.212836 -0.431410 0.449794 -0.261130 0.031577 0.135983 0.278519 0.076004 0.056820 0.075842 -0.137829 0.370918 -0.263328 -0.125855 0.374824 -0.380497 -0.118519 -0.532592
13 -0.238088 -0.488431 0.407598 -0.414006 -0.061184 0.002064 0.098141 0.039775 0.189887 0.190760 -0.211651 0.428200 -0.093402 -0.148829 0.473842 -0.427214 -0.199079 -0.532851
5 -0.230600 -0.470449 0.350824 -0.342921 -0.011216 0.007955 0.134442 0.036694 0.169554 0.124621 -0.144579 0.429162 -0.143814 -0.113628 0.421402 -0.407515 -0.162858 -0.506286
0 -0.245489 -0.438608 0.354574 -0.391213 -0.066856 -0.017567 0.036819 0.033030 0.154693 0.163009 -0.159101 0.387345 -0.055093 -0.113076 0.424320 -0.390803 -0.144029 -0.475021
17 -0.230719 -0.465498 0.379845 -0.338523 -0.068422 0.004174 0.119541 0.074170 0.184140 0.170705 -0.162251 0.431738 -0.097739 -0.111206 0.404528 -0.362126 -0.155926 -0.494046
10 -0.160795 -0.472943 0.559077 -0.148952 0.163625 0.378706 0.550670 0.154700 -0.021062 -0.048380 -0.042770 0.382505 -0.493854 -0.197193 0.309859 -0.346458 -0.009948 -0.586068
15 -0.264041 -0.470022 0.362095 -0.404887 -0.061211 0.004277 0.070342 0.021122 0.188899 0.164439 -0.178084 0.414670 -0.072435 -0.119162 0.454323 -0.412016 -0.197095 -0.493676
7 -0.220251 -0.460831 0.330955 -0.396462 -0.085161 -0.015081 0.049193 0.055714 0.215451 0.167035 -0.211030 0.421449 -0.058611 -0.147384 0.464190 -0.399277 -0.168081 -0.477263
2 -0.156597 -0.457732 0.514710 -0.195907 0.102156 0.278776 0.454140 0.138615 -0.036367 0.001209 -0.088217 0.371209 -0.390215 -0.211642 0.329315 -0.386397 -0.061750 -0.552273
1 -0.280312 -0.497711 0.438214 -0.392340 -0.007348 -0.009061 0.113833 0.076916 0.170054 0.145979 -0.193020 0.414521 -0.108499 -0.154070 0.415148 -0.433295 -0.144139 -0.557643
8 -0.226526 -0.478346 0.346347 -0.364441 -0.091212 0.000202 0.077854 0.054387 0.193112 0.187788 -0.197309 0.412039 -0.094090 -0.125886 0.464142 -0.408743 -0.165240 -0.458702
4 -0.242383 -0.446077 0.447117 -0.332167 0.023476 0.047827 0.151573 0.099265 0.116828 0.108062 -0.138211 0.417109 -0.155303 -0.156901 0.410865 -0.424361 -0.126346 -0.583592
9 -0.259166 -0.451271 0.277157 -0.428294 -0.111077 -0.088566 -0.043039 0.044172 0.264600 0.206691 -0.202999 0.447650 0.012814 -0.131706 0.454676 -0.403326 -0.219919 -0.421035
6 -0.149742 -0.442055 0.531827 -0.123560 0.138575 0.324272 0.504373 0.149001 -0.042849 -0.021994 -0.052076 0.326970 -0.448194 -0.216209 0.319012 -0.351227 -0.035581 -0.585100
3 -0.143820 -0.414243 0.613807 -0.051387 0.223444 0.445797 0.667882 0.159056 -0.160133 -0.113133 0.001969 0.268783 -0.611702 -0.252902 0.236351 -0.346182 0.061014 -0.609170
12 -0.271019 -0.487079 0.353680 -0.398941 -0.081350 -0.029503 0.040992 0.024728 0.175038 0.187550 -0.158817 0.451408 -0.082032 -0.103903 0.441331 -0.377351 -0.205773 -0.458035
