18 18
6 -0.119530 -0.390944 0.324369 -0.134616 -0.079042 0.183795 0.235837 0.210251 0.258771 0.010579 -0.145726 0.218263 -0.212940 -0.343563 0.524913 -0.287684 -0.125963 -0.561092
10 -0.108849 -0.401620 0.254797 -0.143274 -0.094930 0.210038 0.258321 0.184883 0.349914 -0.017478 -0.093738 0.289543 -0.205427 -0.275358 0.496168 -0.247381 -0.131907 -0.525109
8 -0.099968 -0.384817 0.267669 -0.140433 -0.118524 0.171055 0.236093 0.181132 0.298157 0.017593 -0.117425 0.244489 -0.177540 -0.283469 0.483286 -0.279071 -0.109564 -0.510115
7 -0.078447 -0.337495 0.257170 -0.158153 -0.117457 0.177864 0.214450 0.204806 0.310463 -0.005297 -0.164387 0.242702 -0.178464 -0.364574 0.548643 -0.297067 -0.133443 -0.572986
4 -0.112026 -0.325084 0.264613 -0.140645 -0.086033 0.133251 0.189259 0.214404 0.296529 -0.018936 -0.105037 0.266848 -0.160727 -0.320644 0.503164 -0.308141 -0.135020 -0.575705
12 -0.176877 -0.436096 0.367920 -0.187182 -0.088546 0.173969 0.209816 0.175910 0.213400 0.036652 -0.147091 0.235960 -0.240284 -0.347605 0.533780 -0.282867 -0.136115 -0.560944
11 -0.150780 -0.373484 0.311165 -0.140164 -0.062568 0.144062 0.173656 0.216976 0.270449 -0.025497 -0.139767 0.227074 -0.206888 -0.300634 0.519207 -0.306003 -0.128217 -0.537552
15 -0.119409 -0.424276 0.233085 -0.168912 -0.145152 0.209553 0.293233 0.151435 0.395627 -0.003701 -0.067914 0.323406 -0.149984 -0.264811 0.507002 -0.281496 -0.172609 -0.569393
2 -0.081821 -0.365291 0.244394 -0.160781 -0.126977 0.170328 0.243204 0.197053 0.289616 -0.001208 -0.139321 0.291223 -0.163161 -0.323293 0.515050 -0.314777 -0.167598 -0.536317
1 -0.145790 -0.392918 0.312466 -0.168717 -0.079707 0.134017 0.212143 0.204070 0.298518 0.005467 -0.144322 0.226456 -0.167977 -0.318759 0.466792 -0.290593 -0.098488 -0.540678
17 -0.071743 -0.389853 0.167598 -0.129798 -0.200390 0.157820 0.295563 0.181163 0.459592 0.023545 -0.041587 0.375048 -0.103466 -0.233713 0.463820 -0.239601 -0.158323 -0.561282
16 -0.116064 -0.375414 0.262142 -0.157649 -0.129718 0.171479 0.254202 0.183682 0.353281 0.000393 -0.136907 0.309104 -0.200731 -0.287274 0.564119 -0.314179 -0.180315 -0.607105
13 -0.097432 -0.353967 0.295137 -0.170503 -0.092611 0.150690 0.211075 0.173957 0.277557 0.013080 -0.138174 0.207612 -0.165918 -0.336708 0.488756 -0.287141 -0.136670 -0.539099
14 -0.143297 -0.401329 0.331683 -0.176249 -0.076464 0.173928 0.211622 0.184380 0.252869 0.025108 -0.164352 0.252352 -0.203230 -0.323834 0.492872 -0.276128 -0.106015 -0.540656
9 -0.099053 -0.397523 0.185330 -0.157288 -0.155407 0.180955 0.275386 0.188865 0.427100 0.000227 -0.069985 0.350592 -0.142234 -0.298811 0.491604 -0.283382 -0.170907 -0.534965
3 -0.147535 -0.391020 0.313786 -0.149889 -0.087141 0.170398 0.254655 0.188210 0.273080 -0.005148 -0.115252 0.237408 -0.219226 -0.340834 0.488601 -0.304762 -0.102031 -0.570732
0 -0.107242 -0.396894 0.237378 -0.180028 -0.153329 0.177513 0.235826 0.173859 0.348817 0.003595 -0.069546 0.294099 -0.145868 -0.285674 0.505803 -0.290594 -0.118330 -0.547058
5 -0.074047 -0.420443 0.147862 -0.150161 -0.147588 0.172790 0.310693 0.134581 0.449033 -0.011284 -0.036773 0.362507 -0.150811 -0.245078 0.497054 -0.282950 -0.169748 -0.559789
