18 18
7 -0.283591 -0.509359 0.236535 -0.251705 -0.175579 0.048540 0.161935 0.224334 0.512112 0.095744 0.073815 0.576416 0.010267 -0.093060 0.211884 -0.077311 -0.001172 -0.478121
9 -0.301556 -0.515286 0.170036 -0.226465 -0.143384 0.052982 0.174524 0.197657 0.588641 0.075127 0.096329 0.618183 -0.024918 -0.053688 0.198291 -0.061950 -0.090169 -0.416671
14 -0.337846 -0.534444 0.330266 -0.277125 -0.152471 0.044547 0.141877 0.238879 0.464529 0.120700 0.045839 0.578515 0.011081 -0.082060 0.192658 -0.081902 0.034330 -0.497228
0 -0.338430 -0.530989 0.315736 -0.293220 -0.188263 0.053502 0.141127 0.248189 0.467578 0.104082 0.102820 0.571845 0.026764 -0.087774 0.226953 -0.116944 0.063976 -0.532272
5 -0.296991 -0.537371 0.208647 -0.246002 -0.124484 0.040618 0.183446 0.177805 0.530449 0.069525 0.095101 0.597733 -0.029096 -0.047889 0.214725 -0.099487 -0.045685 -0.462674
15 -0.322034 -0.509753 0.252824 -0.250260 -0.143400 0.072540 0.167966 0.183323 0.497832 0.076797 0.095332 0.556529 -0.005140 -0.046491 0.205682 -0.078145 -0.040731 -0.465198
11 -0.309191 -0.534819 0.194540 -0.212261 -0.132530 0.038772 0.155954 0.212050 0.577839 0.055165 0.082620 0.591695 -0.035897 -0.026093 0.225998 -0.081998 -0.086681 -0.432808
4 -0.311679 -0.481250 0.269164 -0.231322 -0.137755 0.014697 0.127659 0.246407 0.476374 0.080401 0.112231 0.563159 0.021430 -0.081278 0.186724 -0.094207 0.010780 -0.503860
2 -0.303744 -0.495920 0.300656 -0.251358 -0.164932 0.031858 0.159684 0.267303 0.432961 0.094622 0.065069 0.548577 0.040512 -0.096269 0.174532 -0.112078 0.022254 -0.474582
6 -0.326792 -0.536788 0.324322 -0.244345 -0.162454 0.040741 0.169350 0.266493 0.468727 0.111978 0.080193 0.567880 0.012177 -0.102871 0.210766 -0.099076 0.025203 -0.537750
10 -0.297983 -0.507680 0.201075 -0.208531 -0.136684 0.074106 0.182004 0.210632 0.562768 0.058432 0.103075 0.593219 -0.032296 -0.019137 0.186506 -0.041148 -0.044438 -0.422431
12 -0.314768 -0.524745 0.204342 -0.239002 -0.156953 0.028973 0.143327 0.167129 0.506917 0.099315 0.116616 0.597645 -0.022402 -0.029778 0.195371 -0.044905 -0.079095 -0.417879
1 -0.346446 -0.515068 0.342467 -0.266210 -0.153514 -0.000124 0.140564 0.279211 0.462806 0.105450 0.052431 0.518846 0.052226 -0.094707 0.165580 -0.113018 0.064177 -0.510536
8 -0.284775 -0.522552 0.216091 -0.216665 -0.163732 0.051937 0.172695 0.193692 0.513921 0.102206 0.077410 0.558742 -0.030955 -0.041899 0.213217 -0.081066 -0.040551 -0.413597
3 -0.347129 -0.509082 0.317959 -0.249693 -0.154963 0.037713 0.168301 0.238969 0.450466 0.092605 0.093705 0.545437 -0.013371 -0.106323 0.185582 -0.109358 0.047365 -0.510888
16 -0.317558 -0.486331 0.301169 -0.247221 -0.162279 0.043285 0.167514 0.227489 0.455231 0.101579 0.056718 0.558221 -0.001312 -0.055415 0.216649 -0.108811 0.003113 -0.512742
17 -0.304014 -0.505341 0.262542 -0.221855 -0.181802 0.022744 0.174929 0.231761 0.512728 0.113322 0.091076 0.584699 0.014589 -0.042897 0.186638 -0.065068 -0.001990 -0.501147
13 -0.256657 -0.487565 0.202031 -0.234628 -0.147347 0.039965 0.173065 0.167680 0.522637 0.095435 0.064162 0.535935 -0.003269 -0.062365 0.197761 -0.065533 -0.077509 -0.424921
