18 18
6 -0.283851 -0.590472 0.315412 -0.279017 0.027752 -0.074617 0.057292 0.247894 0.391859 -0.065840 -0.059991 0.292626 -0.078729 -0.162817 0.478209 -0.468212 -0.008670 -0.556316
2 -0.307356 -0.500292 0.277341 -0.304999 0.125526 -0.080093 0.130981 0.161925 0.350025 -0.148820 -0.128610 0.327224 -0.129456 -0.123762 0.373274 -0.502503 -0.073385 -0.511264
11 -0.280374 -0.552351 0.287394 -0.265687 0.027269 -0.091550 0.013873 0.236043 0.386208 -0.073216 -0.061771 0.280213 -0.067398 -0.112167 0.462638 -0.456215 -0.021486 -0.501510
0 -0.244629 -0.597803 0.294592 -0.309188 -0.064045 -0.058468 -0.001942 0.247478 0.388536 -0.016238 -0.016296 0.276414 -0.018508 -0.155833 0.516231 -0.450858 0.037185 -0.520501
3 -0.351744 -0.484780 0.307424 -0.286412 0.135795 -0.075732 0.135285 0.136073 0.328747 -0.151843 -0.103831 0.278481 -0.182545 -0.135207 0.350705 -0.482563 -0.019342 -0.523115
4 -0.282432 -0.550367 0.287264 -0.288731 0.041871 -0.101297 0.027608 0.237353 0.406366 -0.083826 -0.028692 0.311453 -0.042522 -0.142746 0.455564 -0.470540 -0.022433 -0.549374
5 -0.272068 -0.507234 0.221305 -0.264560 0.097952 -0.070590 0.120495 0.123178 0.374312 -0.123425 -0.061022 0.304521 -0.135181 -0.095563 0.398298 -0.457615 -0.057864 -0.497784
7 -0.290144 -0.505970 0.242444 -0.300389 0.114464 -0.047889 0.137918 0.149409 0.404418 -0.164569 -0.136816 0.326009 -0.160261 -0.142539 0.419911 -0.494457 -0.050094 -0.521653
1 -0.314352 -0.552942 0.303326 -0.309186 0.084610 -0.097229 0.085867 0.196780 0.407224 -0.101215 -0.109240 0.296429 -0.089745 -0.136777 0.406203 -0.483279 -0.018921 -0.529429
16 -0.262696 -0.471952 0.259822 -0.264739 0.046038 -0.066851 0.093829 0.159267 0.351205 -0.078791 -0.095021 0.290368 -0.104986 -0.085782 0.432493 -0.457109 -0.063094 -0.523409
12 -0.295072 -0.579324 0.280749 -0.299379 0.008230 -0.091908 0.030388 0.189319 0.371884 -0.046469 -0.032470 0.321246 -0.073890 -0.114516 0.459274 -0.438313 -0.047164 -0.505477
15 -0.302472 -0.531514 0.277072 -0.301863 0.064414 -0.038359 0.100873 0.125136 0.362589 -0.097592 -0.047242 0.290093 -0.091600 -0.094503 0.417447 -0.447245 -0.065957 -0.507552
10 -0.259998 -0.497543 0.238976 -0.263188 0.072586 -0.039841 0.098246 0.158050 0.378015 -0.109853 -0.059751 0.297569 -0.110167 -0.089910 0.390612 -0.417144 -0.034153 -0.468773
8 -0.232150 -0.571206 0.294030 -0.264129 -0.040761 -0.065802 0.031561 0.243001 0.382533 -0.010257 -0.054672 0.267025 -0.046608 -0.147832 0.483245 -0.448937 0.024951 -0.500981
14 -0.330237 -0.513431 0.303991 -0.313569 0.148454 -0.066266 0.104677 0.140302 0.351561 -0.137274 -0.152264 0.321003 -0.170449 -0.121612 0.380254 -0.474763 -0.023286 -0.511039
17 -0.261078 -0.486542 0.266268 -0.243510 0.013462 -0.086251 0.075873 0.187714 0.359115 -0.049168 -0.060836 0.287974 -0.067136 -0.096820 0.367320 -0.388680 -0.017766 -0.490489
13 -0.267057 -0.557790 0.298578 -0.309079 0.028511 -0.087013 0.067290 0.186814 0.399349 -0.054858 -0.069446 0.283284 -0.061238 -0.152880 0.451887 -0.459810 -0.047784 -0.539378
9 -0.008402 0.003844 -0.023332 -0.006576 0.000593 0.000225 -0.003692 0.013429 0.026437 -0.004111 0.005667 0.021814 0.003016 -0.025362 -0.007905 -0.006482 -0.012628 0.018993
