18 18
9 -0.185448 -0.520594 0.177879 -0.343963 -0.221913 0.089810 0.131887 0.017229 0.154215 0.155435 0.282664 0.347272 -0.088403 -0.383525 0.452848 -0.394877 -0.213058 -0.360298
14 -0.199797 -0.561558 0.245162 -0.381147 -0.221164 0.099870 0.128223 -0.004622 0.100999 0.184141 0.262523 0.343447 -0.102310 -0.388526 0.472369 -0.398084 -0.182816 -0.400732
0 -0.145715 -0.512159 0.208106 -0.329786 -0.244920 0.101148 0.155341 0.024452 0.093558 0.146188 0.280175 0.275925 -0.076898 -0.387906 0.477499 -0.413888 -0.133598 -0.409555
2 -0.118250 -0.501769 0.212908 -0.287301 -0.229115 0.054262 0.202354 0.069577 0.045067 0.135547 0.257056 0.281582 -0.081495 -0.424145 0.446654 -0.463214 -0.138439 -0.415019
6 -0.130971 -0.495047 0.229502 -0.241857 -0.200826 0.050656 0.217044 0.067138 0.031463 0.128195 0.262234 0.234737 -0.117925 -0.419184 0.436685 -0.432859 -0.109844 -0.439164
3 -0.191805 -0.518002 0.283894 -0.280176 -0.199716 0.018863 0.241463 0.043205 -0.039756 0.120424 0.304307 0.236290 -0.167475 -0.475176 0.441193 -0.527168 -0.078779 -0.500323
16 -0.178921 -0.533052 0.237475 -0.337065 -0.239508 0.075375 0.188331 0.008604 0.084346 0.163003 0.258958 0.314341 -0.117083 -0.370122 0.485970 -0.441665 -0.186937 -0.444408
4 -0.170240 -0.543272 0.254600 -0.314313 -0.231338 0.041354 0.186973 0.069527 0.062828 0.148806 0.326463 0.307554 -0.099469 -0.464088 0.499475 -0.501649 -0.136664 -0.494048
8 -0.151499 -0.537679 0.241055 -0.296108 -0.237314 0.077876 0.197999 0.037510 0.064306 0.169328 0.263988 0.277861 -0.118559 -0.414127 0.488176 -0.460713 -0.124190 -0.432266
17 -0.145023 -0.494333 0.195422 -0.284121 -0.251306 0.070135 0.158099 0.043637 0.149484 0.168814 0.260543 0.308073 -0.058813 -0.334159 0.426319 -0.347194 -0.154710 -0.397004
12 -0.198850 -0.526828 0.210630 -0.317920 -0.229723 0.050012 0.147483 -0.004489 0.054220 0.149405 0.306585 0.308519 -0.117149 -0.351535 0.431213 -0.394009 -0.176942 -0.382556
1 -0.155268 -0.495945 0.228385 -0.289046 -0.190302 0.036106 0.168925 0.063294 0.097813 0.138260 0.224159 0.242709 -0.067074 -0.388461 0.402862 -0.405760 -0.104185 -0.394244
7 -0.109494 -0.502478 0.197366 -0.284739 -0.253800 0.076271 0.198898 0.066791 0.112345 0.143487 0.237674 0.271060 -0.083963 -0.429018 0.483043 -0.431730 -0.121912 -0.437122
11 -0.174248 -0.491037 0.186952 -0.277158 -0.196769 0.060798 0.115655 0.050560 0.148265 0.113108 0.238047 0.289943 -0.089659 -0.298549 0.429235 -0.368529 -0.176609 -0.352627
10 -0.146317 -0.513102 0.174732 -0.310167 -0.215310 0.108882 0.162835 0.030041 0.158775 0.122705 0.269002 0.318997 -0.093954 -0.331516 0.430003 -0.356224 -0.165350 -0.354045
15 -0.184321 -0.482480 0.216182 -0.325501 -0.197714 0.109415 0.147653 -0.019095 0.087373 0.137700 0.257812 0.274683 -0.082253 -0.336370 0.431677 -0.375683 -0.177817 -0.373746
13 -0.136816 -0.506215 0.215041 -0.329882 -0.236987 0.081976 0.160114 0.004960 0.116061 0.178977 0.248414 0.273696 -0.070243 -0.394269 0.462565 -0.388152 -0.185221 -0.396882
5 -0.180775 -0.575067 0.233399 -0.310724 -0.191941 0.033205 0.243670 0.007186 0.044257 0.120738 0.326916 0.306842 -0.165817 -0.442968 0.493984 -0.527766 -0.144568 -0.503402
