18 18
15 -0.425349 -0.639864 0.521798 -0.423340 -0.067231 -0.200423 0.598284 -0.369360 0.204672 0.230510 0.002440 0.317861 -0.015012 -0.062208 0.184882 -0.475669 -0.312630 -0.953076
4 -0.360702 -0.544995 0.435307 -0.352572 -0.059380 -0.216335 0.512370 -0.270734 0.210395 0.180518 0.038924 0.318445 -0.004281 -0.073222 0.170224 -0.449598 -0.279519 -0.864592
16 -0.405462 -0.612075 0.462051 -0.392487 -0.078540 -0.182939 0.524286 -0.288611 0.232025 0.191600 -0.016344 0.324858 -0.041555 -0.033529 0.221025 -0.462173 -0.292157 -0.854193
8 -0.452261 -0.749617 0.595479 -0.470037 -0.096878 -0.245744 0.661464 -0.358334 0.233615 0.286273 -0.048910 0.367956 -0.028915 -0.101252 0.225439 -0.563768 -0.321394 -1.049173
9 -1.147791 -1.104565 -0.117898 -0.500824 0.074202 0.626727 -0.353962 0.356180 1.181581 -0.896536 0.714473 0.849307 -0.789192 0.559052 1.021885 -0.670850 0.077555 0.244167
0 -1.091118 -1.024733 -0.191056 -0.448046 0.063896 0.690900 -0.490740 0.413915 1.130935 -0.956825 0.748630 0.774070 -0.802988 0.616031 1.050824 -0.602503 0.172471 0.418869
2 -0.393956 -0.662751 0.524557 -0.441355 -0.096536 -0.236334 0.633382 -0.345301 0.190607 0.253407 -0.019381 0.358034 0.004705 -0.105488 0.180126 -0.512947 -0.338430 -0.972194
17 -0.380098 -0.595398 0.483144 -0.364251 -0.096633 -0.227013 0.581553 -0.332853 0.210375 0.254793 0.006732 0.335163 -0.011069 -0.048498 0.156552 -0.424310 -0.284992 -0.933385
7 -0.412503 -0.701825 0.520703 -0.471983 -0.116655 -0.228754 0.658747 -0.363413 0.275149 0.248463 -0.012637 0.378756 -0.003674 -0.117166 0.230111 -0.524864 -0.342175 -1.039911
1 -0.431828 -0.681973 0.620274 -0.460116 -0.053592 -0.307661 0.627689 -0.357265 0.178332 0.314333 -0.105960 0.294261 0.040870 -0.133153 0.123579 -0.501795 -0.292581 -1.044504
11 -1.055194 -1.004565 -0.117690 -0.415808 0.093503 0.584068 -0.391570 0.368624 1.086489 -0.874825 0.656387 0.751853 -0.756052 0.573896 0.975486 -0.608963 0.094233 0.273913
12 -0.414478 -0.622595 0.489427 -0.410414 -0.086671 -0.226362 0.537050 -0.344917 0.177652 0.246117 0.012043 0.334984 -0.018455 -0.064693 0.171077 -0.436701 -0.308134 -0.891791
5 -0.321209 -0.534206 0.363241 -0.323586 -0.030357 -0.178920 0.496014 -0.308967 0.202642 0.157179 0.034392 0.294053 -0.060662 -0.037201 0.174314 -0.415033 -0.245907 -0.781775
3 -0.412675 -0.566829 0.484392 -0.360729 -0.046268 -0.196962 0.540645 -0.324539 0.158569 0.195994 0.020384 0.283876 -0.068230 -0.073265 0.155567 -0.450043 -0.232726 -0.872762
10 -1.000192 -0.956091 -0.151763 -0.402453 0.090168 0.615990 -0.360198 0.345337 1.068141 -0.860063 0.665848 0.747895 -0.739265 0.567388 0.913856 -0.540535 0.114877 0.308130
13 -0.348256 -0.574401 0.447129 -0.397648 -0.090052 -0.191547 0.518383 -0.300889 0.208412 0.213213 -0.009111 0.286325 -0.001475 -0.094099 0.182766 -0.431601 -0.296755 -0.820441
14 -0.510576 -0.752345 0.642236 -0.519339 -0.028948 -0.212295 0.584106 -0.382949 0.214421 0.275573 -0.089429 0.367285 -0.049290 -0.076150 0.210454 -0.515178 -0.265389 -1.021950
6 0.007299 -0.006988 0.006429 0.025394 0.003018 0.008962 0.013628 0.017139 -0.003415 0.002961 0.009307 -0.005691 -0.008572 -0.012634 0.015137 0.000585 -0.007433 -0.019036
