18 18
7 -0.266335 -0.434592 -0.010803 -0.319483 -0.095279 0.032159 -0.046432 0.165265 0.599974 -0.081599 0.134410 0.567101 -0.127333 -0.269375 0.391908 -0.249367 -0.171965 -0.236906
16 -0.346528 -0.444300 0.124281 -0.343713 -0.097347 -0.052058 0.004031 0.177751 0.559958 -0.040898 0.131452 0.556383 -0.082814 -0.231478 0.394579 -0.340812 -0.185603 -0.420975
3 -0.362471 -0.459929 0.127209 -0.335106 -0.060461 -0.029938 -0.020306 0.180487 0.537609 -0.072882 0.159761 0.540963 -0.127209 -0.290421 0.383671 -0.337533 -0.141717 -0.380091
4 -0.313228 -0.403881 0.088651 -0.313975 -0.053220 -0.039116 -0.047831 0.194827 0.533360 -0.069407 0.153045 0.518656 -0.065441 -0.252287 0.344229 -0.292381 -0.146397 -0.335712
11 -0.326736 -0.462669 0.047856 -0.309942 -0.071006 -0.018966 -0.061576 0.183136 0.588581 -0.083838 0.146605 0.569685 -0.131931 -0.218911 0.398189 -0.289364 -0.181454 -0.281010
0 -0.358373 -0.477931 0.127627 -0.357885 -0.175703 -0.065974 -0.003969 0.175791 0.532696 -0.009868 0.173496 0.535992 -0.039085 -0.215650 0.396189 -0.331645 -0.135870 -0.430049
14 -0.332101 -0.480026 0.077445 -0.356724 -0.051433 0.014710 -0.069605 0.158537 0.572764 -0.059376 0.122261 0.587397 -0.142849 -0.265326 0.394358 -0.269460 -0.158289 -0.279903
1 -0.358812 -0.454211 0.156824 -0.325303 -0.118712 -0.115249 0.013048 0.197642 0.524142 -0.011261 0.124991 0.487018 -0.016037 -0.215914 0.324054 -0.332212 -0.127831 -0.432132
17 -0.348865 -0.473739 0.105216 -0.306601 -0.155879 -0.074753 0.016155 0.192036 0.585187 -0.009191 0.169836 0.578349 -0.062164 -0.203497 0.362272 -0.291124 -0.159371 -0.414539
12 -0.301907 -0.458748 -0.016993 -0.325511 -0.082329 0.025995 -0.082561 0.124991 0.570822 -0.068142 0.176703 0.613014 -0.166771 -0.224202 0.378876 -0.210741 -0.208558 -0.174414
9 -0.293995 -0.438951 -0.037291 -0.332345 -0.069462 0.027676 -0.061781 0.167992 0.624697 -0.090363 0.153951 0.600530 -0.139157 -0.268302 0.357209 -0.245114 -0.200716 -0.172623
8 -0.276014 -0.461720 0.011606 -0.313602 -0.094604 0.039965 -0.043728 0.158288 0.591531 -0.058624 0.137696 0.586381 -0.160578 -0.243198 0.402947 -0.257230 -0.168753 -0.210473
13 -0.293570 -0.463876 0.030341 -0.353958 -0.093677 0.007639 -0.042933 0.141069 0.615304 -0.055328 0.143456 0.581907 -0.131540 -0.279178 0.406799 -0.274398 -0.207257 -0.271558
15 -0.340896 -0.464912 0.081553 -0.359227 -0.053383 0.021332 -0.031139 0.141495 0.578703 -0.080396 0.150796 0.559011 -0.120767 -0.253808 0.392737 -0.296629 -0.191726 -0.309650
6 -0.283681 -0.422595 0.062854 -0.288591 -0.051953 0.014412 -0.030809 0.165527 0.525585 -0.062580 0.140873 0.516684 -0.124165 -0.253713 0.373070 -0.261091 -0.168595 -0.283768
2 -0.316083 -0.428067 0.145293 -0.329155 -0.103603 -0.072527 0.024915 0.195675 0.475382 -0.032509 0.126761 0.498858 -0.023917 -0.241857 0.342340 -0.349239 -0.157486 -0.415159
5 -0.302093 -0.439345 0.053900 -0.307593 -0.039618 -0.028058 -0.006983 0.137926 0.547167 -0.076571 0.152677 0.527570 -0.115882 -0.230139 0.358078 -0.298135 -0.156725 -0.328431
10 -0.278014 -0.446534 -0.027317 -0.321806 -0.053354 0.058481 -0.038570 0.159474 0.636798 -0.107887 0.165169 0.608611 -0.161341 -0.226119 0.358915 -0.219437 -0.180534 -0.180147
