18 18
11 -0.383687 -0.672178 0.339663 -0.385457 -0.163348 -0.003784 0.123333 0.147762 0.476482 0.075869 -0.019588 0.386188 -0.018346 -0.012325 0.311786 -0.365565 -0.111537 -0.268929
3 -0.359557 -0.375721 0.415261 0.032362 0.179745 -0.254249 0.242970 0.384556 0.060632 -0.166868 0.465277 0.136455 -0.115050 -0.482260 0.135792 -0.690441 0.130175 -0.703744
0 -0.378164 -0.722910 0.301189 -0.464953 -0.251703 0.050639 0.164721 0.126182 0.552481 0.123108 -0.028341 0.448267 0.010762 -0.040122 0.338539 -0.367523 -0.116569 -0.261880
16 -0.302429 -0.618819 0.227511 -0.379807 -0.239693 0.019620 0.210815 0.160930 0.552832 0.114738 -0.052246 0.460061 0.003040 -0.107910 0.335639 -0.408587 -0.165452 -0.293578
17 -0.324486 -0.609336 0.263569 -0.322826 -0.209295 -0.019964 0.190826 0.175616 0.510240 0.109158 0.003188 0.418856 0.022629 -0.088575 0.264651 -0.354639 -0.108285 -0.301818
10 -0.352236 -0.662132 0.287806 -0.386409 -0.183303 0.040041 0.180394 0.141641 0.517073 0.078996 0.001925 0.425332 -0.018535 -0.047678 0.289796 -0.352001 -0.104739 -0.261738
1 -0.339012 -0.575413 0.292330 -0.284967 -0.096272 -0.083455 0.177022 0.240442 0.423253 0.031798 0.075923 0.339821 0.007431 -0.218930 0.232151 -0.461533 -0.043924 -0.359166
2 -0.312848 -0.495205 0.321907 -0.144302 0.005140 -0.148814 0.237549 0.330698 0.267216 -0.060182 0.262712 0.296145 -0.030180 -0.355346 0.213534 -0.603916 -0.004180 -0.517125
8 -0.282948 -0.662609 0.184037 -0.399904 -0.287774 0.054576 0.210408 0.188980 0.604576 0.139455 -0.084854 0.476738 0.025061 -0.162149 0.338162 -0.413406 -0.133947 -0.216316
9 -0.312424 -0.622909 0.182122 -0.391118 -0.232323 0.023473 0.176248 0.195302 0.582168 0.100096 -0.046226 0.469022 0.031092 -0.164740 0.290219 -0.395537 -0.143678 -0.213437
7 -0.263124 -0.577919 0.178268 -0.329212 -0.212850 0.006455 0.198103 0.234400 0.535512 0.062820 0.006197 0.426730 0.024858 -0.251823 0.301641 -0.432249 -0.095135 -0.286336
12 -0.367355 -0.560610 0.339550 -0.233005 -0.049661 -0.111352 0.177084 0.234452 0.298639 -0.000563 0.223808 0.334082 -0.047482 -0.244177 0.230679 -0.485922 -0.044722 -0.434475
15 -0.361149 -0.655530 0.281452 -0.396193 -0.192614 0.027338 0.188539 0.150317 0.519289 0.082424 -0.002370 0.417881 0.015185 -0.101451 0.302351 -0.402869 -0.135549 -0.290048
14 -0.348516 -0.583643 0.333368 -0.316089 -0.086008 -0.040146 0.138785 0.189492 0.360502 0.047261 0.052933 0.351159 -0.031565 -0.174074 0.249520 -0.412459 -0.037683 -0.332974
4 -0.323887 -0.372191 0.361915 -0.002637 0.139253 -0.231019 0.206296 0.370766 0.139143 -0.136700 0.416965 0.185539 -0.057949 -0.403704 0.149580 -0.621212 0.082012 -0.634361
5 -0.309270 -0.418747 0.313317 -0.022854 0.119329 -0.211780 0.249038 0.311104 0.178184 -0.127804 0.396733 0.215521 -0.087357 -0.372979 0.171294 -0.613722 0.045730 -0.613854
13 -0.308008 -0.603217 0.275206 -0.374571 -0.187576 -0.000175 0.173789 0.138196 0.483660 0.101973 -0.017453 0.379914 0.012634 -0.121253 0.289034 -0.371918 -0.128948 -0.280535
6 -0.335559 -0.439820 0.383124 0.000376 0.122737 -0.213764 0.256257 0.374359 0.156507 -0.119155 0.414695 0.196374 -0.086352 -0.420755 0.185188 -0.641732 0.064087 -0.665051
