18 18
15 -0.193436 -0.192792 0.253096 -0.115547 -0.173536 0.206261 0.286798 0.245054 0.399227 0.003573 0.045966 0.403115 -0.074290 -0.257619 0.410726 -0.261263 -0.188497 -0.681841
13 -0.144320 -0.190902 0.251260 -0.118666 -0.169134 0.188381 0.292608 0.194948 0.349546 0.037622 0.020962 0.355487 -0.096340 -0.238194 0.379200 -0.219772 -0.137602 -0.627628
14 -0.203106 -0.199010 0.334114 -0.115076 -0.120163 0.257337 0.312362 0.210358 0.323942 0.023640 0.009219 0.378133 -0.162392 -0.181114 0.366283 -0.178864 -0.012476 -0.693423
7 -0.144375 -0.183194 0.222097 -0.097512 -0.193092 0.205629 0.295665 0.248342 0.384671 0.014799 0.026456 0.395705 -0.087979 -0.267144 0.385697 -0.215546 -0.122693 -0.641125
9 -0.186687 -0.220473 0.226013 -0.101452 -0.187800 0.191152 0.307258 0.246991 0.395600 0.024822 0.054518 0.445796 -0.120972 -0.254087 0.407266 -0.254469 -0.172195 -0.662111
8 -0.171001 -0.255320 0.264686 -0.096841 -0.209405 0.202808 0.328797 0.219655 0.345228 0.052369 0.048437 0.432185 -0.145625 -0.222430 0.429266 -0.256730 -0.136946 -0.670417
17 -0.163440 -0.183371 0.235703 -0.072800 -0.204056 0.155870 0.287668 0.258306 0.387232 0.046971 0.055429 0.416252 -0.058023 -0.232355 0.347787 -0.198477 -0.148624 -0.649331
16 -0.179127 -0.177789 0.286821 -0.079897 -0.145192 0.226083 0.339552 0.188694 0.324627 0.022869 0.023435 0.370398 -0.161543 -0.132783 0.368350 -0.190420 -0.070646 -0.675523
12 -0.213100 -0.282104 0.233177 -0.123486 -0.194074 0.163999 0.274024 0.144697 0.285582 0.064074 0.111914 0.462715 -0.155635 -0.174535 0.397376 -0.199572 -0.184782 -0.623306
11 -0.176277 -0.210448 0.207486 -0.084387 -0.173425 0.146770 0.233727 0.279369 0.400496 -0.009720 0.039553 0.406923 -0.082162 -0.260982 0.426617 -0.285384 -0.204302 -0.631294
6 -0.184911 -0.220649 0.280228 -0.062763 -0.167301 0.216469 0.328249 0.217113 0.317833 0.041451 0.075529 0.402500 -0.159665 -0.195852 0.394919 -0.198624 -0.110361 -0.688737
4 -0.166785 -0.150928 0.232668 -0.089727 -0.178906 0.152122 0.239495 0.315476 0.419965 -0.001532 0.059229 0.419790 -0.026248 -0.301183 0.397301 -0.271710 -0.182951 -0.683455
1 -0.202399 -0.212614 0.305036 -0.114680 -0.134926 0.206642 0.312702 0.246336 0.380231 0.008993 0.009399 0.369274 -0.118116 -0.214330 0.363815 -0.224262 -0.050812 -0.684810
3 -0.208681 -0.169180 0.309749 -0.085491 -0.148534 0.216561 0.314039 0.240325 0.326115 -0.001208 0.044503 0.346395 -0.141477 -0.241254 0.365594 -0.236249 -0.064203 -0.698540
2 -0.160673 -0.224886 0.248854 -0.102072 -0.174471 0.204318 0.323845 0.204752 0.288978 0.027476 0.060706 0.429047 -0.135336 -0.196589 0.380958 -0.233397 -0.139161 -0.635659
10 -0.193086 -0.195475 0.299641 -0.096312 -0.134333 0.283592 0.350119 0.240699 0.395753 -0.013902 0.047894 0.407542 -0.170344 -0.189639 0.387127 -0.193858 -0.032770 -0.702080
5 -0.172976 -0.266020 0.200938 -0.099397 -0.148173 0.179196 0.326839 0.146221 0.325012 0.017044 0.097591 0.440467 -0.175596 -0.173557 0.399136 -0.234518 -0.148520 -0.647053
0 -0.201551 -0.214933 0.303395 -0.126437 -0.177881 0.261821 0.319707 0.215072 0.342672 0.017457 0.069000 0.396973 -0.145769 -0.196608 0.419634 -0.222734 -0.057417 -0.709643
