18 18
4 -0.325702 -0.584424 0.185733 -0.258744 0.039266 0.116268 0.207335 0.152196 0.318347 -0.076126 0.076692 0.473004 -0.362262 -0.300398 0.278040 -0.480651 0.023636 -0.174418
1 -0.356160 -0.636665 0.196634 -0.269222 0.031427 0.095902 0.224636 0.145294 0.348505 -0.053132 0.044512 0.464866 -0.360634 -0.274721 0.256659 -0.463591 0.027081 -0.156142
13 -0.301536 -0.606883 0.155633 -0.268210 0.001936 0.115138 0.232056 0.080562 0.335016 -0.021788 0.053853 0.485708 -0.391883 -0.252926 0.285955 -0.440591 -0.033262 -0.127246
0 -0.301020 -0.585670 0.142740 -0.245968 -0.011189 0.137240 0.215511 0.085822 0.316197 -0.037247 0.092044 0.475232 -0.378636 -0.198795 0.288350 -0.422442 0.021738 -0.135148
8 -0.300348 -0.603418 0.158496 -0.221010 -0.004794 0.135614 0.249280 0.104019 0.329844 -0.027397 0.061832 0.471805 -0.402155 -0.216149 0.287433 -0.439837 0.022753 -0.134070
16 -0.331757 -0.604970 0.168505 -0.239978 0.010325 0.123180 0.256604 0.107096 0.344151 -0.046540 0.058843 0.508589 -0.411967 -0.207117 0.306877 -0.474041 -0.017820 -0.184165
11 -0.306743 -0.563719 0.120675 -0.176513 0.036279 0.080436 0.183823 0.111160 0.331220 -0.073235 0.082100 0.472822 -0.406134 -0.149475 0.287388 -0.416940 -0.036921 -0.112983
7 -0.290102 -0.595787 0.175523 -0.287962 -0.006528 0.161698 0.231914 0.141624 0.321469 -0.061000 0.029935 0.456486 -0.359326 -0.346160 0.296547 -0.469508 0.043135 -0.157913
9 -0.308999 -0.573803 0.114852 -0.237950 0.014692 0.117758 0.216112 0.115435 0.350328 -0.048647 0.067640 0.495526 -0.383825 -0.253907 0.266605 -0.443215 -0.019040 -0.104605
2 -0.275747 -0.583274 0.177768 -0.266809 0.003924 0.139802 0.237211 0.156424 0.272584 -0.061382 0.036561 0.475000 -0.350377 -0.324444 0.278506 -0.490046 0.008861 -0.144871
14 -0.332170 -0.617304 0.191237 -0.272723 0.035294 0.133257 0.213792 0.099378 0.301514 -0.037007 0.041193 0.491826 -0.394525 -0.254803 0.272262 -0.440022 0.019360 -0.143049
15 -0.332680 -0.602128 0.184098 -0.273189 0.018860 0.155116 0.238014 0.092866 0.318919 -0.061402 0.069551 0.464793 -0.373778 -0.250345 0.288003 -0.458809 -0.007742 -0.158795
3 -0.339014 -0.592747 0.195929 -0.248741 0.025451 0.130071 0.239076 0.117903 0.283486 -0.065002 0.076682 0.438572 -0.401575 -0.294385 0.260453 -0.464957 0.043024 -0.158375
10 -0.286539 -0.575773 0.106271 -0.193839 0.031827 0.131459 0.246618 0.089970 0.351499 -0.071314 0.108392 0.510966 -0.427483 -0.161671 0.254774 -0.390197 -0.001516 -0.105968
5 -0.305300 -0.603689 0.103689 -0.213201 0.051012 0.097554 0.242038 0.082609 0.356192 -0.080641 0.107246 0.509780 -0.416159 -0.195715 0.284879 -0.445750 -0.028382 -0.146889
6 -0.277558 -0.546524 0.145732 -0.174646 0.030569 0.116954 0.225829 0.130194 0.299579 -0.060351 0.083691 0.435316 -0.367112 -0.220846 0.274346 -0.413671 -0.001577 -0.161717
12 -0.331643 -0.614264 0.116691 -0.228616 0.017105 0.089555 0.203840 0.070053 0.316234 -0.042612 0.124145 0.547004 -0.434860 -0.184421 0.280392 -0.407375 -0.058565 -0.103648
17 -0.316529 -0.599056 0.152318 -0.204254 -0.003922 0.097515 0.247579 0.124801 0.367311 -0.032364 0.085889 0.516729 -0.384593 -0.197063 0.266854 -0.424855 -0.002722 -0.175536
