18 18
16 -0.321017 -0.332456 0.485640 -0.047651 -0.447492 0.074582 0.438867 0.332397 0.080648 0.372612 -0.111261 0.683969 -0.204494 -0.280996 0.154374 -0.138084 0.271415 -0.814825
8 -0.328486 -0.370671 0.490280 -0.030702 -0.469970 0.090764 0.437489 0.345069 0.058654 0.399576 -0.081959 0.712547 -0.211385 -0.281352 0.128237 -0.114210 0.325404 -0.775433
14 -0.328927 -0.347042 0.486439 -0.064503 -0.398911 0.097557 0.385489 0.308590 0.048396 0.364393 -0.107775 0.659459 -0.209317 -0.287599 0.122380 -0.094371 0.315036 -0.745135
17 -0.327212 -0.347376 0.485109 -0.026654 -0.454632 0.062652 0.426580 0.342332 0.088930 0.385614 -0.073450 0.691765 -0.186323 -0.276208 0.108463 -0.089095 0.303839 -0.793866
7 -0.301619 -0.358515 0.479449 -0.077688 -0.431558 0.081403 0.391462 0.322566 0.126286 0.353834 -0.123942 0.628893 -0.192641 -0.334576 0.179741 -0.125475 0.270657 -0.774540
3 -0.337207 -0.331207 0.493905 -0.041029 -0.406505 0.073272 0.411942 0.308818 0.048436 0.349469 -0.082132 0.613434 -0.228590 -0.304586 0.121351 -0.127715 0.310133 -0.767063
9 -0.316900 -0.326110 0.417985 -0.054557 -0.419726 0.082936 0.393218 0.327652 0.092976 0.352879 -0.077934 0.676447 -0.198685 -0.319073 0.112263 -0.105245 0.284216 -0.711881
11 -0.229979 -0.915608 1.438623 -0.650112 0.136055 -0.857780 -0.340374 -0.032372 1.067899 0.420602 -1.237193 -0.694048 -0.087644 -0.325015 1.189442 -0.906257 -1.024014 -0.906658
13 -0.196897 -0.885311 1.422169 -0.664539 0.085210 -0.817186 -0.280595 -0.062288 1.009632 0.472413 -1.202919 -0.674585 -0.056364 -0.372422 1.113985 -0.848619 -0.973371 -0.906432
4 -0.305708 -0.304812 0.481101 -0.036223 -0.367209 0.036959 0.348825 0.325684 0.090339 0.329994 -0.078768 0.600662 -0.167098 -0.270210 0.147451 -0.135108 0.240210 -0.760694
2 -0.264087 -0.335658 0.466951 -0.083441 -0.366333 0.035021 0.351500 0.298073 0.089512 0.326259 -0.146941 0.554007 -0.157465 -0.296958 0.165640 -0.164600 0.183815 -0.692151
12 -0.325042 -0.365135 0.478039 -0.088194 -0.393624 0.035195 0.336684 0.259193 0.080779 0.362029 -0.099018 0.600650 -0.191700 -0.259146 0.155825 -0.108671 0.203367 -0.701130
6 -0.293379 -0.351562 0.492726 -0.039330 -0.378968 0.054531 0.376038 0.309912 0.102586 0.348589 -0.113754 0.573013 -0.189747 -0.282615 0.186066 -0.137888 0.208031 -0.756245
15 -0.330115 -0.335930 0.479350 -0.063114 -0.377849 0.097295 0.391044 0.276387 0.078720 0.326438 -0.070298 0.600130 -0.183438 -0.254766 0.151772 -0.126907 0.231229 -0.745957
1 -0.283809 -0.332708 0.447461 -0.094318 -0.325455 0.000112 0.304104 0.267274 0.119883 0.309670 -0.144368 0.484666 -0.144199 -0.269619 0.124874 -0.137863 0.214425 -0.633258
10 0.005737 -0.002757 -0.014246 0.006132 0.011972 0.026533 0.015869 -0.001352 0.023172 -0.019827 0.015226 0.016952 -0.017475 0.021206 -0.010712 0.022008 0.009309 0.018390
0 -0.005399 -0.014495 0.001279 -0.026652 -0.021820 0.016369 -0.010898 -0.008016 -0.006711 0.000758 0.022893 0.001004 0.004839 -0.000095 0.023655 -0.011355 0.019530 -0.003746
5 0.004065 -0.024114 -0.027650 -0.000619 0.020703 -0.008521 0.024223 -0.023969 0.025914 -0.018771 0.021210 0.020548 -0.020024 0.006829 0.014933 -0.023795 -0.013973 -0.021943
