18 18
10 -0.079353 -0.441535 -0.059779 -0.247165 -0.206628 0.326391 0.238796 0.026569 0.254206 -0.149797 0.339814 0.356803 -0.222260 -0.214084 0.536864 -0.408394 -0.056928 -0.246129
0 -0.079222 -0.456890 -0.023133 -0.278058 -0.234944 0.307160 0.244476 0.001037 0.204706 -0.104265 0.328331 0.317703 -0.194923 -0.235700 0.550483 -0.448489 -0.048856 -0.281022
4 -0.112171 -0.429791 -0.036686 -0.253389 -0.213807 0.276797 0.194261 0.059834 0.252396 -0.151123 0.353425 0.354124 -0.192648 -0.253027 0.565635 -0.444876 -0.060474 -0.319587
12 -0.108188 -0.494385 -0.046697 -0.293003 -0.252956 0.314691 0.237485 -0.007176 0.222082 -0.108621 0.356063 0.387681 -0.217148 -0.234068 0.571438 -0.435293 -0.102276 -0.266599
6 -0.076957 -0.439935 -0.036485 -0.220150 -0.210400 0.306457 0.242190 0.047816 0.231074 -0.127813 0.330228 0.328051 -0.209509 -0.243411 0.547543 -0.416970 -0.065047 -0.287581
7 -0.070312 -0.468286 -0.064340 -0.274827 -0.253199 0.334793 0.256517 0.028813 0.268759 -0.132247 0.309812 0.353018 -0.204962 -0.271297 0.570964 -0.432165 -0.057492 -0.274073
9 -0.096894 -0.450440 -0.057842 -0.264443 -0.220175 0.306203 0.238608 0.035797 0.246946 -0.123562 0.310300 0.365381 -0.193028 -0.248949 0.533276 -0.455080 -0.098370 -0.238746
5 -0.085172 -0.467445 -0.064765 -0.249966 -0.192994 0.283997 0.252332 0.002275 0.254071 -0.142298 0.340663 0.351723 -0.219205 -0.219015 0.542421 -0.442734 -0.073604 -0.289545
16 -0.101634 -0.454042 -0.018245 -0.261482 -0.238737 0.304005 0.272215 0.016401 0.228987 -0.112117 0.309813 0.358250 -0.221582 -0.216569 0.568808 -0.453818 -0.101056 -0.311160
8 -0.072577 -0.499351 -0.009431 -0.254972 -0.236660 0.338916 0.298889 -0.001395 0.188374 -0.068195 0.259950 0.341013 -0.197363 -0.187576 0.513550 -0.473861 -0.100313 -0.207125
1 -0.114176 -0.476383 0.005621 -0.274333 -0.211283 0.271261 0.250854 0.039890 0.245683 -0.111779 0.296821 0.315425 -0.188787 -0.259582 0.517441 -0.441072 -0.036344 -0.300201
2 -0.051807 -0.460857 -0.049738 -0.267740 -0.231283 0.320452 0.265691 0.031328 0.197809 -0.119235 0.311140 0.369404 -0.183773 -0.238895 0.536510 -0.465897 -0.104097 -0.232472
15 -0.104182 -0.486562 -0.009709 -0.282177 -0.214768 0.343502 0.284543 -0.020045 0.208750 -0.111206 0.304677 0.337241 -0.189765 -0.200841 0.523053 -0.454199 -0.107939 -0.249556
11 -0.111791 -0.445958 -0.028299 -0.238880 -0.192921 0.278227 0.196738 0.041243 0.234256 -0.142690 0.286011 0.319654 -0.205201 -0.199587 0.533570 -0.430891 -0.072603 -0.246898
13 -0.065134 -0.446338 -0.018819 -0.271091 -0.223642 0.290308 0.258217 -0.010319 0.220430 -0.089664 0.296423 0.315189 -0.190977 -0.242640 0.536569 -0.434666 -0.100044 -0.279910
3 -0.112533 -0.460223 0.005775 -0.259762 -0.222225 0.309136 0.281997 0.012729 0.196157 -0.124235 0.340034 0.318294 -0.243116 -0.274263 0.551137 -0.471676 -0.042415 -0.320104
17 -0.094365 -0.459805 -0.038130 -0.238849 -0.248080 0.284914 0.253762 0.042847 0.267099 -0.106217 0.330169 0.375004 -0.189843 -0.215621 0.520277 -0.396749 -0.066098 -0.290181
14 -0.011733 -0.016220 0.026785 -0.021827 0.014521 0.009558 -0.015588 -0.009492 -0.015071 0.014490 -0.026914 0.011819 -0.010079 -0.001944 0.000728 0.009641 0.015475 -0.000266
