18 18
6 -0.415707 -0.439582 0.264531 -0.043667 0.082212 -0.081728 0.165261 0.194552 0.333881 -0.094042 0.416554 0.537240 -0.120191 0.009008 0.167893 -0.226637 -0.222706 -0.541530
0 -0.460308 -0.471568 0.317174 -0.154653 0.039717 -0.015527 0.157546 0.081335 0.312236 -0.043708 0.355658 0.509009 -0.115598 0.063592 0.203927 -0.218791 -0.222017 -0.528824
3 -0.453931 -0.417572 0.267037 -0.053588 0.095467 -0.115834 0.139156 0.183774 0.303117 -0.123204 0.475916 0.537789 -0.149581 -0.008883 0.117536 -0.231418 -0.168215 -0.545516
14 -0.476026 -0.509016 0.389953 -0.198070 0.060565 0.021666 0.183787 0.023544 0.293105 0.018715 0.231860 0.512352 -0.129128 0.075684 0.205525 -0.198142 -0.247324 -0.510045
8 -0.448756 -0.490198 0.321308 -0.129254 0.038674 -0.033519 0.188063 0.098904 0.344439 -0.022083 0.345404 0.533707 -0.128847 0.056215 0.192772 -0.224119 -0.236038 -0.515049
2 -0.371882 -0.401543 0.219582 -0.073338 0.066409 -0.087654 0.139155 0.176303 0.284576 -0.097671 0.386892 0.519063 -0.090775 -0.006855 0.124059 -0.220481 -0.206844 -0.454178
4 -0.417742 -0.398735 0.248220 -0.059714 0.094318 -0.108325 0.119353 0.193102 0.328582 -0.109518 0.448290 0.557268 -0.097386 0.011176 0.131647 -0.217396 -0.203044 -0.529378
10 -0.402926 -0.402880 0.221007 -0.069855 0.091214 -0.065324 0.143766 0.142994 0.340558 -0.113502 0.436118 0.541393 -0.129088 0.046057 0.117108 -0.175882 -0.194969 -0.479262
11 -0.425801 -0.424314 0.252033 -0.075111 0.084871 -0.084593 0.115267 0.155611 0.333586 -0.103558 0.386434 0.517147 -0.124065 0.052071 0.162774 -0.215023 -0.212010 -0.491814
1 -0.444189 -0.455978 0.277175 -0.114375 0.081453 -0.103461 0.135804 0.159522 0.329620 -0.084504 0.371738 0.507809 -0.085755 0.013130 0.134309 -0.229493 -0.202215 -0.500387
13 -0.439288 -0.463388 0.330087 -0.160044 0.050825 -0.039212 0.183727 0.060350 0.329553 -0.015109 0.314974 0.489727 -0.102988 0.031753 0.183144 -0.209865 -0.266126 -0.512362
5 -0.405947 -0.436294 0.225461 -0.093822 0.091429 -0.075718 0.160170 0.093075 0.331607 -0.087784 0.401199 0.527921 -0.133539 0.043224 0.152166 -0.213747 -0.221946 -0.495199
16 -0.442223 -0.438058 0.320829 -0.136018 0.052215 -0.029641 0.188584 0.071212 0.297653 -0.032362 0.282943 0.485198 -0.117419 0.073013 0.192688 -0.222988 -0.259141 -0.513013
12 -0.438205 -0.429454 0.235302 -0.102206 0.063196 -0.091885 0.109982 0.106591 0.302851 -0.071617 0.443464 0.556140 -0.121268 0.048608 0.130261 -0.169605 -0.234240 -0.474069
9 -0.446337 -0.437101 0.260317 -0.108100 0.068616 -0.060255 0.152397 0.132054 0.353927 -0.068565 0.384307 0.546786 -0.120893 0.019468 0.148245 -0.210646 -0.236143 -0.491842
17 -0.416011 -0.426350 0.269221 -0.084401 0.038953 -0.079961 0.156874 0.124175 0.334006 -0.039003 0.374073 0.527301 -0.099205 0.054882 0.132270 -0.171300 -0.213046 -0.507457
7 -0.410440 -0.449021 0.261982 -0.101548 0.048055 -0.049894 0.164888 0.159535 0.353359 -0.083124 0.367085 0.536264 -0.105165 0.001498 0.186899 -0.221893 -0.215764 -0.531568
15 -0.487811 -0.486656 0.360989 -0.176382 0.064876 0.014883 0.199794 0.037701 0.309738 -0.033366 0.303540 0.492109 -0.111538 0.075466 0.204253 -0.226856 -0.279153 -0.529321
