18 18
7 -0.029153 -0.619698 0.159022 -0.370279 -0.132369 0.382259 0.231905 0.041747 0.186652 -0.013191 0.141535 0.424536 -0.271264 -0.325890 0.453655 -0.249054 0.202566 -0.283478
1 -0.083457 -0.623185 0.202109 -0.370288 -0.094536 0.314902 0.215063 0.036206 0.170042 -0.002388 0.138232 0.392828 -0.240929 -0.283828 0.389386 -0.253322 0.198128 -0.279089
8 -0.057962 -0.658754 0.199655 -0.371616 -0.126831 0.385391 0.250465 0.023720 0.158996 0.008264 0.159883 0.430495 -0.302395 -0.304152 0.456677 -0.282384 0.215177 -0.282047
3 -0.073075 -0.580388 0.197661 -0.337731 -0.088742 0.341870 0.249695 0.024700 0.107363 -0.033647 0.166010 0.383792 -0.296474 -0.325208 0.403471 -0.283871 0.189678 -0.302856
0 -0.068666 -0.602502 0.176148 -0.370182 -0.113462 0.346698 0.206375 0.006312 0.147705 -0.007605 0.182470 0.394241 -0.253576 -0.272271 0.420445 -0.255384 0.195813 -0.271369
6 -0.038514 -0.549539 0.168892 -0.283935 -0.086441 0.329246 0.227998 0.054440 0.118062 -0.017491 0.145510 0.364611 -0.264824 -0.289790 0.400978 -0.248619 0.153915 -0.273571
12 -0.076968 -0.625977 0.173659 -0.378393 -0.120274 0.347961 0.214767 -0.006754 0.137373 0.006799 0.180661 0.440804 -0.276930 -0.278269 0.421037 -0.233270 0.154798 -0.265288
13 -0.036988 -0.584973 0.187730 -0.359944 -0.101115 0.331094 0.239288 0.014186 0.152446 -0.005807 0.140226 0.382651 -0.248494 -0.316557 0.415336 -0.262981 0.147986 -0.298169
15 -0.075624 -0.577194 0.190115 -0.356482 -0.089057 0.345011 0.235882 -0.001136 0.131278 -0.025995 0.159699 0.380174 -0.244751 -0.278116 0.399191 -0.259100 0.142278 -0.290422
14 -0.064667 -0.601112 0.194992 -0.369583 -0.087298 0.348266 0.204191 0.012907 0.137524 0.008362 0.121267 0.412282 -0.272087 -0.286724 0.408476 -0.236184 0.191841 -0.262544
5 -0.046660 -0.575868 0.138360 -0.317813 -0.071858 0.310239 0.233530 0.006841 0.158354 -0.034888 0.161221 0.399676 -0.270181 -0.269572 0.406712 -0.267727 0.153795 -0.293863
2 -0.023843 -0.591253 0.161541 -0.349093 -0.111860 0.344304 0.246216 0.044878 0.111317 -0.022300 0.138977 0.410795 -0.249969 -0.314916 0.403573 -0.278881 0.153334 -0.261686
4 -0.062715 -0.606692 0.194826 -0.357760 -0.086165 0.350710 0.218732 0.060351 0.160518 -0.036798 0.186894 0.438715 -0.271854 -0.326296 0.438936 -0.285082 0.198484 -0.325095
16 -0.056781 -0.552756 0.169113 -0.329628 -0.100230 0.323474 0.237053 0.016929 0.139330 -0.012365 0.126450 0.406506 -0.271986 -0.256555 0.415465 -0.258802 0.132398 -0.297843
17 -0.060816 -0.584274 0.182003 -0.325994 -0.119827 0.310159 0.233992 0.037068 0.174971 0.007333 0.156607 0.418641 -0.243452 -0.268564 0.389882 -0.228251 0.170955 -0.307718
10 -0.046472 -0.619624 0.151489 -0.362696 -0.098558 0.391301 0.238947 0.015207 0.188897 -0.024970 0.179913 0.435062 -0.288492 -0.271933 0.408728 -0.225028 0.200980 -0.236798
9 -0.059951 -0.600322 0.140380 -0.365794 -0.109314 0.358094 0.221726 0.033393 0.178529 -0.010942 0.165286 0.428525 -0.261576 -0.318239 0.396173 -0.248697 0.167563 -0.228777
11 -0.087410 -0.621066 0.193422 -0.362485 -0.089549 0.343280 0.212115 0.039872 0.173007 -0.031279 0.151925 0.422650 -0.290113 -0.281261 0.449922 -0.283982 0.170326 -0.287802
