18 18
1 -0.390557 -0.500863 0.381891 -0.166795 0.055227 -0.263499 -0.041054 0.359806 0.269481 0.085538 0.173967 0.375500 0.061824 -0.243777 0.084229 -0.261386 0.138284 -0.525241
11 -0.355131 -0.484367 0.356969 -0.112220 0.075996 -0.234970 -0.066179 0.396687 0.242917 0.066526 0.182909 0.417393 0.023269 -0.235124 0.129148 -0.268519 0.105358 -0.509427
6 -0.313480 -0.496667 0.341948 -0.054107 0.093943 -0.214544 -0.061201 0.463549 0.189383 0.096634 0.236406 0.486119 0.027492 -0.293263 0.110697 -0.235869 0.135070 -0.526238
12 -0.390390 -0.502957 0.381062 -0.169035 0.025701 -0.242993 -0.035902 0.322266 0.221185 0.119504 0.214032 0.432549 0.032700 -0.233288 0.111785 -0.238844 0.074827 -0.525877
4 -0.359345 -0.452334 0.369135 -0.128612 0.074462 -0.251842 -0.074125 0.394673 0.234239 0.076632 0.210658 0.413993 0.062879 -0.254777 0.104472 -0.261181 0.110238 -0.532385
15 -0.394596 -0.508400 0.426503 -0.202623 0.052534 -0.204662 -0.006755 0.308227 0.220130 0.102359 0.185607 0.394265 0.051543 -0.259596 0.119573 -0.278387 0.063262 -0.543840
17 -0.358639 -0.489146 0.362511 -0.103089 0.038226 -0.250623 -0.040083 0.405715 0.259708 0.113366 0.206328 0.454163 0.047431 -0.226398 0.086356 -0.217551 0.125470 -0.522500
8 -0.337104 -0.495533 0.371726 -0.123673 0.039154 -0.211737 -0.022306 0.370923 0.225778 0.114188 0.175755 0.422180 0.018202 -0.249334 0.124539 -0.260100 0.123110 -0.503113
3 -0.367102 -0.466028 0.386452 -0.137186 0.049580 -0.228860 -0.018573 0.352003 0.188691 0.097682 0.199483 0.392007 0.016072 -0.278528 0.093810 -0.262953 0.129192 -0.535106
14 -0.342211 -0.491293 0.373097 -0.121449 0.088381 -0.205774 -0.084958 0.405725 0.177799 0.115529 0.185349 0.469731 0.023303 -0.279575 0.107062 -0.230559 0.141985 -0.499363
5 -0.340214 -0.504991 0.316442 -0.120353 0.075450 -0.239073 -0.022467 0.363575 0.254832 0.071169 0.225479 0.446808 0.015035 -0.242583 0.122631 -0.270091 0.105863 -0.535128
9 -0.332728 -0.465967 0.322682 -0.115061 0.073713 -0.208527 -0.052917 0.404813 0.226735 0.095242 0.190826 0.454284 0.032473 -0.286664 0.089827 -0.240095 0.102560 -0.453794
0 -0.344312 -0.476508 0.338911 -0.142178 0.018231 -0.210254 -0.050656 0.351279 0.228474 0.083481 0.219339 0.405927 0.036940 -0.213506 0.138313 -0.242580 0.127406 -0.500536
2 -0.328923 -0.492811 0.365677 -0.136022 0.053328 -0.230547 -0.036640 0.398043 0.189469 0.096155 0.197851 0.455784 0.051452 -0.270441 0.110098 -0.269730 0.094089 -0.513079
13 -0.353079 -0.490720 0.424535 -0.201457 0.037503 -0.245879 -0.013439 0.314504 0.231832 0.128097 0.160835 0.375523 0.067826 -0.280698 0.121474 -0.275361 0.064786 -0.562356
7 -0.337452 -0.483852 0.339938 -0.152537 0.015823 -0.221193 -0.030981 0.362772 0.273305 0.089003 0.183257 0.413986 0.046166 -0.261746 0.138721 -0.252029 0.117318 -0.535352
16 -0.367497 -0.468085 0.379087 -0.134329 0.043237 -0.237647 -0.016332 0.348551 0.243497 0.091086 0.170378 0.405658 0.025835 -0.196037 0.128432 -0.256503 0.074800 -0.536695
10 -0.361045 -0.508438 0.368476 -0.126617 0.074135 -0.219700 -0.027870 0.391118 0.269371 0.070200 0.218555 0.458070 0.025873 -0.228431 0.102976 -0.235183 0.116815 -0.518210
