18 18
0 -0.300879 -0.474892 0.099549 -0.310249 -0.148831 0.011361 0.115207 -0.088257 0.225759 -0.020872 0.278966 0.405749 -0.143046 -0.042778 0.425521 -0.339146 -0.214688 -0.419536
2 -0.264092 -0.447334 0.111837 -0.283792 -0.110133 -0.011312 0.161516 -0.051776 0.164798 -0.041818 0.275337 0.405368 -0.118732 -0.133603 0.403405 -0.401469 -0.273937 -0.451649
8 -0.313316 -0.537411 0.101525 -0.310163 -0.171499 0.036359 0.167194 -0.076688 0.289367 -0.007890 0.284993 0.472127 -0.193764 -0.066239 0.478050 -0.388815 -0.240817 -0.448496
12 -0.335496 -0.509199 0.113306 -0.315118 -0.149206 -0.015855 0.123828 -0.111430 0.217663 -0.000252 0.299906 0.454915 -0.159113 -0.041262 0.424335 -0.337651 -0.282441 -0.445983
13 -0.274823 -0.447468 0.117787 -0.298031 -0.129349 -0.006297 0.147562 -0.108031 0.214775 0.002135 0.239820 0.369809 -0.133278 -0.086189 0.404052 -0.339408 -0.270667 -0.444736
9 -0.330072 -0.524377 0.055417 -0.331322 -0.172654 0.037844 0.144576 -0.067224 0.341440 -0.027591 0.296431 0.508721 -0.183912 -0.089347 0.461720 -0.368144 -0.258418 -0.423608
11 -0.333357 -0.512490 0.106936 -0.287328 -0.119127 -0.005471 0.123337 -0.054774 0.276474 -0.053905 0.278940 0.435551 -0.172307 -0.048186 0.453225 -0.377986 -0.261000 -0.448012
16 -0.311374 -0.456276 0.118812 -0.287777 -0.135433 -0.005954 0.151668 -0.082544 0.226427 -0.022312 0.250136 0.417205 -0.159217 -0.028736 0.430951 -0.360424 -0.275178 -0.458744
4 -0.269215 -0.403840 0.113348 -0.256644 -0.080550 -0.039851 0.133739 -0.041813 0.192673 -0.051375 0.301962 0.393953 -0.105033 -0.118647 0.390950 -0.392685 -0.268143 -0.485635
1 -0.314531 -0.482788 0.132240 -0.299395 -0.104688 -0.029113 0.141290 -0.053827 0.246814 -0.032189 0.264445 0.398714 -0.125086 -0.089259 0.403640 -0.381320 -0.246362 -0.464077
3 -0.299882 -0.416438 0.148074 -0.260218 -0.085459 -0.030198 0.166891 -0.087192 0.139312 -0.034341 0.281753 0.350274 -0.150839 -0.121642 0.370246 -0.384721 -0.243832 -0.483950
17 -0.300054 -0.475483 0.097636 -0.263783 -0.155331 -0.013692 0.147067 -0.052143 0.274659 -0.010149 0.279096 0.441110 -0.133862 -0.036743 0.396060 -0.323253 -0.240887 -0.446575
14 -0.307389 -0.489811 0.122246 -0.317049 -0.120478 0.013470 0.136436 -0.091609 0.231719 -0.009799 0.246152 0.437868 -0.164839 -0.077744 0.420502 -0.347930 -0.238247 -0.441930
6 -0.279373 -0.443403 0.128588 -0.250216 -0.098374 -0.008590 0.166964 -0.063429 0.181596 -0.029809 0.296215 0.384500 -0.140815 -0.115012 0.420862 -0.382528 -0.277816 -0.494218
7 -0.298864 -0.524291 0.063473 -0.326065 -0.190080 0.047248 0.154984 -0.071687 0.323833 -0.026523 0.276881 0.481980 -0.174410 -0.079380 0.478819 -0.349871 -0.239688 -0.443347
15 -0.300470 -0.436168 0.126495 -0.281714 -0.087202 0.007480 0.156701 -0.106464 0.184054 -0.043089 0.274713 0.377487 -0.129827 -0.066884 0.392815 -0.362271 -0.289234 -0.456715
5 -0.261560 -0.433143 0.085001 -0.257771 -0.073851 -0.035648 0.168583 -0.101171 0.196671 -0.044743 0.282472 0.396894 -0.139669 -0.076968 0.386475 -0.378423 -0.283424 -0.467494
10 -0.314280 -0.530164 0.065252 -0.310767 -0.150132 0.059413 0.152172 -0.071606 0.334541 -0.046449 0.304441 0.490429 -0.198623 -0.041242 0.446357 -0.330917 -0.219335 -0.406687
