18 18
13 -0.067331 -0.371037 0.667933 -0.050778 0.332371 0.006428 -0.016847 0.506540 0.796594 0.153350 -0.607155 0.162223 -0.041317 -0.454953 0.373598 -0.104634 0.015152 -0.661651
7 -0.080440 -0.384840 0.660973 -0.037266 0.340937 0.022578 -0.041211 0.590056 0.865308 0.118517 -0.600123 0.227012 -0.045618 -0.483205 0.414885 -0.121106 0.034991 -0.697956
0 -0.630147 -1.567447 0.821721 -1.615293 -0.709720 0.508606 -0.756963 -0.218362 -0.448314 0.593009 0.645766 1.120179 0.058897 -0.239073 0.937497 -0.188173 0.317975 -0.127706
11 -0.135273 -0.383306 0.613595 -0.014118 0.333992 -0.005987 -0.083020 0.614179 0.809876 0.073071 -0.488522 0.277720 -0.060419 -0.429827 0.421218 -0.166769 -0.015693 -0.656357
4 -0.110056 -0.382899 0.684590 -0.058622 0.343016 0.000183 -0.087693 0.574633 0.787315 0.126368 -0.524455 0.247848 -0.025142 -0.450635 0.392158 -0.124028 0.046311 -0.688315
8 -0.105040 -0.386447 0.609488 -0.047816 0.282405 0.023973 -0.050502 0.524054 0.719401 0.126664 -0.487899 0.237266 -0.061020 -0.409151 0.392326 -0.140992 0.029748 -0.605896
14 -0.107677 -0.366638 0.630937 -0.047246 0.337397 0.021062 -0.056747 0.518502 0.734130 0.120700 -0.542308 0.223811 -0.061112 -0.415848 0.359536 -0.107282 0.034706 -0.618150
2 -0.561005 -1.466962 0.830063 -1.473794 -0.606546 0.452982 -0.679301 -0.103018 -0.344044 0.556203 0.498209 1.071174 0.065642 -0.295186 0.887319 -0.210010 0.262419 -0.183049
17 -0.094932 -0.356094 0.622503 0.016024 0.306235 -0.016820 -0.013362 0.574156 0.827715 0.129283 -0.527192 0.237430 -0.031587 -0.416610 0.347911 -0.098094 0.016488 -0.677560
6 -0.095693 -0.340546 0.576634 0.028907 0.331364 0.006591 -0.045605 0.621242 0.794336 0.077630 -0.469414 0.251132 -0.050297 -0.468641 0.399583 -0.146811 -0.024280 -0.665361
12 -0.619765 -1.505067 0.862844 -1.477378 -0.589651 0.435332 -0.709225 -0.120045 -0.290522 0.579121 0.509671 1.092309 0.038080 -0.279801 0.905377 -0.171713 0.242137 -0.220382
10 -0.103554 -0.407439 0.643872 -0.053766 0.328483 0.046890 -0.036706 0.541507 0.802440 0.112090 -0.517089 0.256546 -0.064069 -0.414870 0.378922 -0.097914 0.042804 -0.634949
1 -0.133528 -0.374958 0.595503 -0.056617 0.319886 -0.006052 -0.061051 0.555306 0.756813 0.091235 -0.489542 0.230812 -0.036458 -0.434120 0.363282 -0.150463 0.016660 -0.616692
9 -0.114776 -0.321244 0.481150 -0.042626 0.268431 0.015907 -0.078979 0.550222 0.714777 0.067012 -0.382596 0.290522 -0.036606 -0.439009 0.368439 -0.154133 -0.033557 -0.550250
15 -0.107746 -0.354542 0.637548 -0.038688 0.345338 0.034126 -0.015764 0.502228 0.777894 0.098781 -0.543786 0.180469 -0.047085 -0.409091 0.365972 -0.118256 0.008090 -0.649678
16 -0.120688 -0.328882 0.496480 -0.051650 0.238889 0.023848 -0.059398 0.504379 0.658729 0.074741 -0.365990 0.295250 -0.055464 -0.364042 0.391123 -0.155491 -0.044074 -0.572919
3 -0.024675 0.005665 0.025365 0.004601 0.007865 -0.001883 0.014761 -0.000233 -0.026227 -0.010111 0.011993 -0.020661 -0.026950 -0.026588 -0.012274 -0.019090 0.026092 -0.020014
5 0.004065 -0.024114 -0.027650 -0.000619 0.020703 -0.008521 0.024223 -0.023969 0.025914 -0.018771 0.021210 0.020548 -0.020024 0.006829 0.014933 -0.023795 -0.013973 -0.021943
