18 18
15 -0.203041 -0.490914 0.321134 -0.108885 0.111551 0.053471 0.333722 0.290350 0.332510 -0.078916 0.106171 0.320462 -0.182956 -0.288697 0.245621 -0.401247 0.026984 -0.523305
11 -0.200390 -0.486773 0.300381 -0.082267 0.106094 0.009534 0.287106 0.333799 0.348553 -0.090537 0.095503 0.324195 -0.187756 -0.286927 0.256007 -0.404937 0.038515 -0.498563
10 -0.174856 -0.473352 0.300964 -0.077687 0.121343 0.045401 0.327880 0.326332 0.349740 -0.077304 0.123813 0.354830 -0.205525 -0.291920 0.210066 -0.364149 0.079521 -0.495018
1 -0.224850 -0.515254 0.373679 -0.136948 0.132219 -0.004883 0.306355 0.347484 0.350907 -0.054580 0.089670 0.335391 -0.166756 -0.330006 0.214307 -0.428639 0.106275 -0.548325
5 -0.158312 -0.451912 0.265491 -0.120138 0.117510 0.018937 0.293760 0.243107 0.322950 -0.069652 0.101919 0.320416 -0.179853 -0.267412 0.233755 -0.381945 0.058038 -0.493327
13 -0.169296 -0.479465 0.322786 -0.112589 0.090122 0.020837 0.331226 0.306220 0.343955 -0.043472 0.099012 0.330529 -0.179631 -0.331970 0.242074 -0.394227 0.036473 -0.525938
6 -0.163579 -0.464786 0.290974 -0.010626 0.093726 0.025230 0.335090 0.351683 0.305411 -0.051251 0.127303 0.317991 -0.198831 -0.323010 0.198123 -0.339554 0.058156 -0.495236
4 -0.198738 -0.456404 0.354293 -0.121957 0.141123 0.007327 0.284373 0.360882 0.326340 -0.073677 0.127846 0.349244 -0.154629 -0.345308 0.212000 -0.423447 0.099934 -0.544098
8 -0.160364 -0.471279 0.315722 -0.107229 0.077893 0.044756 0.304604 0.289583 0.306747 -0.031900 0.075113 0.316466 -0.188745 -0.292033 0.257727 -0.393256 0.080545 -0.490277
9 -0.193682 -0.461214 0.276887 -0.039825 0.088919 0.009117 0.331557 0.374551 0.349766 -0.065988 0.144117 0.365406 -0.191394 -0.359635 0.181150 -0.374293 0.052271 -0.498991
7 -0.159902 -0.472422 0.278081 -0.096072 0.069873 0.040458 0.318666 0.323491 0.357521 -0.069605 0.092433 0.332089 -0.175096 -0.333981 0.249388 -0.380970 0.057957 -0.513710
0 -0.188718 -0.479119 0.315652 -0.143488 0.080244 0.033476 0.284241 0.301309 0.315502 -0.057981 0.124041 0.335256 -0.164759 -0.310823 0.251465 -0.410600 0.088500 -0.519437
17 -0.186224 -0.464426 0.298496 -0.003668 0.062269 -0.010987 0.338474 0.371127 0.336829 -0.035560 0.151597 0.366767 -0.176180 -0.298536 0.161068 -0.314414 0.056333 -0.520883
12 -0.223099 -0.509246 0.321430 -0.110802 0.089779 0.004137 0.303103 0.325765 0.330551 -0.056181 0.145303 0.382137 -0.192020 -0.312195 0.234853 -0.391014 0.030450 -0.522193
2 -0.176981 -0.484028 0.319937 -0.080935 0.097147 0.009363 0.323035 0.370922 0.294739 -0.065097 0.108147 0.343416 -0.162407 -0.353059 0.192714 -0.412376 0.064823 -0.507051
14 -0.215659 -0.524608 0.393357 -0.152039 0.137682 0.031410 0.298446 0.344437 0.320616 -0.041346 0.086480 0.379929 -0.191190 -0.347537 0.236868 -0.424892 0.118948 -0.562854
16 -0.173585 -0.447655 0.299890 -0.112723 0.094522 0.029687 0.313226 0.275790 0.323874 -0.064448 0.065007 0.314631 -0.185388 -0.259073 0.270899 -0.411635 0.022374 -0.519043
3 -0.204631 -0.453938 0.315801 -0.019514 0.093659 0.008332 0.340430 0.353452 0.293348 -0.065800 0.147681 0.318866 -0.216965 -0.345750 0.167372 -0.358890 0.088371 -0.517427
