18 18
1 -0.261173 -0.556066 0.407619 -0.348623 -0.122101 0.010619 0.207098 0.033105 0.138055 0.110194 0.112154 0.360764 -0.158337 -0.144745 0.355116 -0.414694 -0.036379 -0.487184
0 -0.236978 -0.547899 0.394503 -0.376096 -0.156889 0.081251 0.200003 -0.026384 0.081235 0.123316 0.136508 0.345904 -0.162232 -0.110581 0.387073 -0.385181 -0.038972 -0.455876
3 -0.264181 -0.537841 0.400276 -0.308521 -0.123531 0.017136 0.225049 0.042940 0.076849 0.083634 0.183076 0.356324 -0.216641 -0.185580 0.344515 -0.436949 0.001202 -0.494732
14 -0.258628 -0.540853 0.458049 -0.397393 -0.122276 0.100873 0.209398 -0.067226 0.096342 0.162747 0.029106 0.332714 -0.167945 -0.089441 0.375207 -0.341705 -0.084074 -0.466479
11 -0.264917 -0.554332 0.405497 -0.337351 -0.116821 0.046894 0.189210 0.016946 0.129261 0.089795 0.106947 0.354925 -0.185211 -0.089244 0.400332 -0.405867 -0.074242 -0.462745
8 -0.227585 -0.531485 0.393718 -0.327432 -0.146332 0.057685 0.218512 -0.005775 0.105742 0.140059 0.091048 0.318468 -0.174421 -0.125775 0.348549 -0.376963 -0.032304 -0.434011
10 -0.246884 -0.538475 0.417681 -0.359219 -0.121457 0.109819 0.241314 -0.042892 0.127424 0.110550 0.094118 0.333848 -0.191600 -0.074366 0.363302 -0.350418 -0.061699 -0.456104
2 -0.198985 -0.538723 0.346859 -0.315368 -0.141489 0.015636 0.204554 0.057302 0.088859 0.101328 0.145593 0.395102 -0.160927 -0.167410 0.344141 -0.411622 -0.043610 -0.436224
4 -0.233898 -0.520672 0.382805 -0.318799 -0.120456 0.018357 0.183694 0.042626 0.115658 0.101093 0.161035 0.371657 -0.155349 -0.146233 0.347977 -0.387942 -0.047847 -0.471126
9 -0.243582 -0.520756 0.374168 -0.348223 -0.133570 0.060465 0.211901 0.003913 0.136874 0.118368 0.106800 0.354726 -0.164499 -0.149607 0.348828 -0.377374 -0.065909 -0.442839
6 -0.237954 -0.548667 0.403128 -0.306668 -0.131647 0.046945 0.223045 0.029621 0.106841 0.118431 0.144252 0.348820 -0.183620 -0.146298 0.370949 -0.382025 -0.056847 -0.481967
13 -0.230350 -0.531839 0.425069 -0.373430 -0.137642 0.061525 0.224585 -0.038851 0.121321 0.139271 0.076492 0.312142 -0.151698 -0.128832 0.379392 -0.373150 -0.103591 -0.471115
17 -0.219540 -0.508597 0.360670 -0.299425 -0.156956 0.023777 0.211826 0.020358 0.130712 0.126202 0.130449 0.363533 -0.150869 -0.108112 0.331607 -0.344791 -0.047357 -0.459079
15 -0.285442 -0.508790 0.486792 -0.431861 -0.114458 0.170266 0.243939 -0.156131 0.089980 0.148925 0.011337 0.260228 -0.134025 -0.019768 0.393993 -0.327973 -0.167355 -0.477900
7 -0.206928 -0.545741 0.377361 -0.362542 -0.162944 0.078217 0.227831 0.002330 0.147585 0.119214 0.091772 0.356065 -0.162254 -0.166582 0.397146 -0.383117 -0.059931 -0.475755
12 -0.249529 -0.538790 0.370733 -0.349613 -0.148701 0.037815 0.187800 -0.022898 0.089266 0.131674 0.146874 0.372199 -0.167638 -0.117424 0.347638 -0.355677 -0.074020 -0.439940
16 -0.256609 -0.503479 0.455515 -0.399763 -0.135898 0.122877 0.250622 -0.101765 0.104109 0.152407 0.005253 0.296787 -0.161453 -0.046837 0.398748 -0.353084 -0.141027 -0.485489
5 -0.222037 -0.529925 0.330561 -0.306768 -0.098973 0.015951 0.215628 0.003817 0.126967 0.078226 0.153719 0.365667 -0.186888 -0.129743 0.352929 -0.403465 -0.058749 -0.458560
