18 18
7 -0.141971 -0.424326 -0.008171 -0.315185 -0.023281 0.292023 0.375046 -0.090872 0.517521 -0.075295 0.158067 0.554796 -0.341220 -0.252669 0.317767 -0.251001 -0.186557 -0.255791
10 -0.147588 -0.387105 -0.013714 -0.251180 0.041939 0.277075 0.368329 -0.101534 0.452206 -0.094743 0.197759 0.529513 -0.372137 -0.192035 0.247629 -0.210862 -0.179244 -0.212151
5 -0.149191 -0.429064 -0.022378 -0.266938 0.033410 0.238710 0.381576 -0.133797 0.458371 -0.081975 0.194255 0.523109 -0.367377 -0.196089 0.284216 -0.255530 -0.192166 -0.263536
9 -0.187050 -0.415395 -0.014526 -0.289642 0.037456 0.252384 0.365701 -0.099234 0.454618 -0.083119 0.212509 0.576869 -0.383101 -0.280328 0.266363 -0.275491 -0.210994 -0.245957
2 -0.159509 -0.444170 0.021894 -0.308092 0.010821 0.261016 0.403102 -0.104849 0.403617 -0.070116 0.197128 0.574871 -0.381132 -0.280151 0.283165 -0.300861 -0.208658 -0.262689
4 -0.186225 -0.407558 0.019226 -0.265775 0.061745 0.223959 0.357878 -0.090774 0.410112 -0.090844 0.243500 0.575758 -0.392487 -0.270343 0.263209 -0.284762 -0.193255 -0.300064
3 -0.202944 -0.426172 0.046379 -0.280860 0.042472 0.234988 0.390020 -0.128335 0.354232 -0.076098 0.230579 0.532140 -0.427249 -0.295797 0.257597 -0.300770 -0.165146 -0.301082
1 -0.208816 -0.460158 0.073646 -0.326579 0.022513 0.212728 0.367986 -0.105189 0.413145 -0.058557 0.180962 0.534600 -0.361026 -0.269239 0.267629 -0.306402 -0.168583 -0.292078
0 -0.176045 -0.426848 0.043971 -0.330886 -0.012668 0.255021 0.339373 -0.120494 0.397047 -0.061601 0.195787 0.514803 -0.340100 -0.237882 0.295272 -0.284342 -0.155406 -0.264954
8 -0.158227 -0.440614 0.019969 -0.274108 -0.003111 0.269438 0.376603 -0.091257 0.466298 -0.056400 0.171473 0.542928 -0.374399 -0.213181 0.298112 -0.259741 -0.172940 -0.239452
12 -0.200953 -0.459282 0.021796 -0.314148 0.005547 0.247781 0.370526 -0.143239 0.419634 -0.053454 0.235813 0.589576 -0.399431 -0.245113 0.284386 -0.257257 -0.217441 -0.270274
17 -0.156951 -0.423429 0.014649 -0.269855 -0.021687 0.249746 0.379095 -0.085036 0.504186 -0.047943 0.179558 0.560280 -0.333402 -0.190406 0.277813 -0.221287 -0.185639 -0.266139
14 -0.189101 -0.452123 0.043368 -0.306547 0.049303 0.261540 0.367981 -0.127056 0.405550 -0.062623 0.184143 0.565211 -0.404709 -0.249820 0.275986 -0.263430 -0.173964 -0.273887
16 -0.172485 -0.415242 0.022539 -0.293860 0.008366 0.257090 0.380830 -0.116406 0.444078 -0.065474 0.168296 0.544717 -0.372203 -0.205188 0.298318 -0.266066 -0.207541 -0.279170
15 -0.188293 -0.437457 0.039050 -0.315500 0.019139 0.280681 0.374007 -0.131789 0.448171 -0.081688 0.185385 0.528390 -0.352224 -0.206961 0.296550 -0.270194 -0.207143 -0.264875
6 -0.143178 -0.403447 0.011215 -0.238006 0.015950 0.252819 0.361969 -0.080150 0.428604 -0.064875 0.182179 0.502574 -0.350301 -0.221104 0.281047 -0.233508 -0.182729 -0.250286
11 -0.185952 -0.430074 0.020714 -0.275251 0.032714 0.246422 0.331207 -0.075630 0.472838 -0.098888 0.169153 0.535460 -0.362045 -0.189884 0.301168 -0.266105 -0.194219 -0.245274
13 -0.141068 -0.401030 0.026760 -0.298146 0.002552 0.243066 0.359692 -0.119009 0.444904 -0.048119 0.158944 0.501062 -0.334369 -0.244453 0.282322 -0.248793 -0.201155 -0.252537
