18 18
13 -0.069855 -0.476409 0.111062 -0.324101 -0.149564 0.236905 0.253829 0.009630 0.447256 0.057493 0.015572 0.387464 -0.148693 -0.192295 0.458882 -0.275140 -0.152894 -0.316872
0 -0.089589 -0.503004 0.108245 -0.341305 -0.155428 0.252121 0.240437 0.026586 0.417741 0.024211 0.058859 0.385795 -0.149329 -0.199678 0.481552 -0.323440 -0.102374 -0.322796
8 -0.057734 -0.522604 0.111506 -0.292671 -0.206476 0.294744 0.275833 0.038727 0.474771 0.099288 -0.017324 0.440780 -0.198146 -0.159431 0.521914 -0.267105 -0.145095 -0.291382
1 -0.114804 -0.502977 0.125141 -0.328372 -0.115151 0.209116 0.240699 0.049384 0.437462 0.017555 0.023798 0.379267 -0.139795 -0.195808 0.434386 -0.316483 -0.103811 -0.321383
7 -0.041984 -0.488587 0.069962 -0.315823 -0.176081 0.275175 0.266907 0.039924 0.471408 0.030935 0.016279 0.414398 -0.152969 -0.207326 0.493747 -0.284193 -0.131097 -0.315730
2 -0.079149 -0.523408 0.100158 -0.348485 -0.114007 0.241468 0.287997 0.071254 0.379772 -0.048665 0.104584 0.412956 -0.160585 -0.279517 0.478544 -0.441841 -0.102147 -0.344277
16 -0.072526 -0.496274 0.105793 -0.315989 -0.178803 0.269463 0.290416 0.023284 0.483874 0.063415 -0.009443 0.445368 -0.179486 -0.148223 0.521245 -0.286787 -0.178950 -0.358067
14 -0.106559 -0.549081 0.131212 -0.359414 -0.143683 0.281910 0.265491 0.028689 0.453843 0.043718 0.019648 0.464078 -0.195765 -0.205993 0.501626 -0.318969 -0.125010 -0.330418
15 -0.106802 -0.503391 0.119489 -0.333212 -0.138747 0.265071 0.270800 0.006596 0.426943 0.018627 0.053194 0.393847 -0.158567 -0.180547 0.475827 -0.315961 -0.146276 -0.335072
3 -0.154380 -0.539942 0.140544 -0.348283 -0.084883 0.246827 0.296311 0.060889 0.370144 -0.074571 0.150333 0.394614 -0.235532 -0.308830 0.483968 -0.486719 -0.049418 -0.379034
12 -0.113970 -0.552493 0.114891 -0.354042 -0.182236 0.261799 0.261594 0.007534 0.463350 0.066680 0.057661 0.473367 -0.185189 -0.177833 0.513565 -0.290813 -0.172183 -0.332907
6 -0.087015 -0.515139 0.121332 -0.308778 -0.137931 0.263379 0.281627 0.045364 0.449575 0.029659 0.052858 0.410134 -0.171301 -0.207448 0.494880 -0.309968 -0.141625 -0.363369
5 -0.115094 -0.532366 0.086446 -0.336217 -0.071561 0.212723 0.280692 0.028511 0.395907 -0.068607 0.134477 0.396555 -0.197690 -0.247842 0.479086 -0.451120 -0.091159 -0.362229
9 -0.095436 -0.518245 0.082438 -0.320342 -0.177878 0.285568 0.271098 0.048422 0.508202 0.065789 0.007623 0.486794 -0.196455 -0.185550 0.498704 -0.276617 -0.171810 -0.287334
10 -0.070145 -0.502542 0.082939 -0.302884 -0.155015 0.303154 0.282424 0.033200 0.484914 0.034413 0.033679 0.466429 -0.203655 -0.144966 0.485359 -0.255879 -0.145751 -0.286924
17 -0.083103 -0.496564 0.109260 -0.296206 -0.174021 0.222003 0.276733 0.042056 0.463252 0.054020 0.051308 0.425438 -0.145595 -0.170523 0.455130 -0.285126 -0.128700 -0.354296
4 -0.100068 -0.476941 0.102530 -0.317766 -0.102678 0.227753 0.237527 0.070842 0.414789 -0.030728 0.111907 0.410742 -0.159381 -0.236561 0.469461 -0.379964 -0.102467 -0.346795
11 -0.102706 -0.510178 0.106632 -0.289804 -0.138127 0.239364 0.233307 0.060595 0.446449 0.011350 0.027616 0.414135 -0.189543 -0.155068 0.500363 -0.321686 -0.139412 -0.305749
