18 18
0 -0.257833 -0.385441 0.342444 -0.526396 -0.029549 0.177082 0.128261 -0.155207 0.188283 0.050855 0.063154 0.371112 -0.074218 -0.203785 0.338508 -0.241196 -0.110752 -0.514899
3 -0.296694 -0.363531 0.345842 -0.467360 0.065334 0.160258 0.146367 -0.130314 0.183082 -0.004752 0.078694 0.358763 -0.150487 -0.269679 0.300559 -0.266089 -0.091155 -0.538255
9 -0.277145 -0.368027 0.282649 -0.472692 0.047972 0.156746 0.121716 -0.095355 0.259261 -0.000039 0.071142 0.409779 -0.116171 -0.275535 0.310114 -0.258335 -0.130426 -0.488113
7 -0.233698 -0.368985 0.303139 -0.503154 0.019249 0.192275 0.145428 -0.139357 0.221533 0.012101 0.039266 0.380583 -0.103316 -0.272495 0.329709 -0.238097 -0.115716 -0.511587
1 -0.286270 -0.398288 0.378166 -0.504557 0.019456 0.117619 0.135377 -0.116571 0.210170 0.050000 0.026671 0.362913 -0.074751 -0.212956 0.297221 -0.256795 -0.105069 -0.537037
14 -0.289613 -0.383010 0.366295 -0.516267 0.063812 0.179696 0.127530 -0.162232 0.178099 0.028263 0.040768 0.401076 -0.128180 -0.233984 0.315937 -0.239302 -0.114172 -0.539401
13 -0.245330 -0.375717 0.378703 -0.524958 -0.007558 0.151499 0.143973 -0.177485 0.171430 0.085029 0.024540 0.350983 -0.071435 -0.217070 0.313069 -0.222547 -0.148761 -0.527289
2 -0.246024 -0.386402 0.346226 -0.501887 0.024985 0.158941 0.166843 -0.124098 0.171026 0.030859 0.048989 0.399279 -0.094648 -0.251371 0.309459 -0.271725 -0.140273 -0.528576
12 -0.300831 -0.383734 0.323878 -0.480453 0.027129 0.149585 0.101465 -0.152046 0.186025 0.036718 0.089890 0.400085 -0.126045 -0.216136 0.310751 -0.214369 -0.142969 -0.491863
16 -0.251520 -0.353250 0.336241 -0.479793 0.002137 0.148097 0.158961 -0.136356 0.196883 0.044083 0.026057 0.385266 -0.100505 -0.189842 0.329362 -0.257482 -0.147172 -0.539789
10 -0.270906 -0.387720 0.335553 -0.494806 0.050498 0.196057 0.160475 -0.148860 0.214368 0.007359 0.081624 0.403497 -0.133073 -0.218048 0.308715 -0.227420 -0.115418 -0.518435
8 -0.265716 -0.400755 0.346329 -0.480486 0.013119 0.169339 0.144724 -0.122833 0.210779 0.045351 0.044951 0.384114 -0.123145 -0.232370 0.338862 -0.263588 -0.106268 -0.516055
6 -0.272304 -0.391760 0.340590 -0.448924 0.050643 0.166621 0.145850 -0.097494 0.210239 0.019412 0.075451 0.375983 -0.127841 -0.258343 0.327348 -0.248609 -0.122800 -0.534668
4 -0.285416 -0.348881 0.338008 -0.464768 0.077318 0.137128 0.111824 -0.105816 0.211739 -0.004930 0.092484 0.393235 -0.108633 -0.243704 0.312114 -0.264548 -0.120170 -0.555589
15 -0.290883 -0.374151 0.353761 -0.507816 0.045419 0.199646 0.145792 -0.181225 0.180511 0.012754 0.069281 0.364548 -0.107858 -0.206956 0.320617 -0.241409 -0.145327 -0.524762
17 -0.256044 -0.378492 0.336369 -0.468895 -0.027707 0.124097 0.156201 -0.107703 0.239058 0.064359 0.046371 0.405612 -0.072973 -0.200641 0.303123 -0.230246 -0.122895 -0.544527
5 -0.247553 -0.372419 0.273169 -0.448793 0.076762 0.150151 0.161147 -0.144771 0.226401 -0.015970 0.084394 0.386748 -0.139743 -0.230338 0.311522 -0.264376 -0.123565 -0.519292
11 -0.286251 -0.390090 0.324983 -0.451400 0.054292 0.141031 0.111274 -0.090324 0.236101 -0.007620 0.059085 0.379084 -0.128096 -0.217148 0.334244 -0.268549 -0.121252 -0.507312
