18 18
4 -0.264389 -0.436909 0.080439 -0.128739 0.108979 -0.101947 0.274955 0.065913 0.476533 -0.033320 0.260041 0.550706 -0.166239 -0.099175 0.220948 -0.304154 -0.299937 -0.497637
12 -0.296620 -0.450795 0.091954 -0.149425 0.071883 -0.054529 0.240213 -0.004762 0.392951 0.002545 0.257899 0.557422 -0.204961 -0.022287 0.229912 -0.224967 -0.321975 -0.431116
17 -0.232147 -0.415193 0.066239 -0.108663 0.037666 -0.087840 0.276338 0.030707 0.441645 0.014580 0.210144 0.506670 -0.156470 -0.044992 0.191040 -0.223226 -0.270811 -0.435414
10 -0.251475 -0.417963 0.063567 -0.119613 0.091849 -0.001771 0.265247 0.009615 0.426239 -0.039468 0.242890 0.535730 -0.219155 0.003068 0.230231 -0.207767 -0.288740 -0.404117
5 -0.204164 -0.411917 0.024820 -0.122586 0.083753 -0.068166 0.277436 -0.005076 0.420628 -0.034359 0.230583 0.472812 -0.180300 -0.064753 0.216224 -0.268313 -0.258296 -0.418382
8 -0.265307 -0.472756 0.097026 -0.133894 0.059608 -0.055941 0.286895 0.027633 0.436239 0.009679 0.219076 0.541729 -0.209324 -0.050444 0.257005 -0.283268 -0.292560 -0.453770
6 -0.279379 -0.509273 0.102312 -0.144334 0.099631 -0.051624 0.310160 0.057690 0.477374 -0.013599 0.268447 0.583180 -0.207835 -0.123829 0.283407 -0.304625 -0.335141 -0.530750
2 -0.244750 -0.473715 0.078898 -0.161913 0.078804 -0.071798 0.300334 0.044893 0.438333 -0.019528 0.227173 0.562077 -0.173575 -0.109069 0.234302 -0.310854 -0.314522 -0.466737
11 -0.292682 -0.480281 0.094019 -0.131946 0.105317 -0.084318 0.270923 0.058622 0.485120 -0.038927 0.229845 0.556244 -0.204342 -0.060781 0.257141 -0.307932 -0.319744 -0.476274
1 -0.301045 -0.509695 0.113315 -0.176727 0.110896 -0.129083 0.292247 0.059579 0.503153 -0.014551 0.225638 0.548376 -0.158736 -0.121592 0.210556 -0.330061 -0.285822 -0.508991
16 -0.267271 -0.410328 0.081844 -0.118184 0.070889 -0.049213 0.279702 0.013025 0.426482 -0.015496 0.203766 0.534863 -0.213377 0.007505 0.251938 -0.258663 -0.326392 -0.452780
0 -0.291950 -0.505955 0.092066 -0.198356 0.077080 -0.043973 0.276780 0.015786 0.467158 -0.022076 0.283152 0.589226 -0.194554 -0.083891 0.283461 -0.306326 -0.303934 -0.507012
14 -0.280213 -0.460305 0.117506 -0.172958 0.103465 -0.034179 0.237385 0.012966 0.405094 -0.004309 0.215834 0.553703 -0.198182 -0.058885 0.241039 -0.248583 -0.280334 -0.452223
9 -0.270215 -0.474326 0.058341 -0.148238 0.093420 -0.114104 0.299129 0.068927 0.514113 -0.015432 0.233635 0.556707 -0.168421 -0.151965 0.212331 -0.324938 -0.301715 -0.473913
3 -0.281183 -0.468381 0.103729 -0.148779 0.099883 -0.100778 0.309734 0.042182 0.460726 -0.023107 0.237871 0.515934 -0.202682 -0.144032 0.216824 -0.327419 -0.266343 -0.503859
13 -0.203247 -0.465136 0.065535 -0.192459 0.067333 -0.082339 0.311290 0.000572 0.485478 0.002924 0.190678 0.495698 -0.158216 -0.165702 0.251022 -0.308325 -0.313875 -0.477390
15 -0.289311 -0.451670 0.100740 -0.155303 0.093893 -0.023104 0.280506 0.000971 0.428897 -0.030807 0.246800 0.537966 -0.188496 -0.033624 0.240504 -0.263294 -0.323339 -0.461073
7 -0.221168 -0.503128 0.040720 -0.193879 0.057669 -0.054260 0.333572 0.017481 0.540382 -0.028554 0.214951 0.564350 -0.189667 -0.154344 0.290955 -0.320703 -0.308753 -0.514087
