18 18
3 -0.355601 -0.302789 0.365764 -0.195349 0.212241 -0.005941 0.180088 0.211688 0.115120 -0.247089 0.260044 0.255005 -0.184673 -0.389504 0.108281 -0.524662 0.066298 -0.463652
10 -0.385189 -0.337339 0.334155 -0.212818 0.243739 0.023445 0.105154 0.204897 0.235963 -0.249043 0.318511 0.405668 -0.142824 -0.210839 0.106114 -0.402421 -0.003450 -0.418726
15 -0.383585 -0.331904 0.345148 -0.244689 0.225594 0.027941 0.119981 0.142388 0.182362 -0.228571 0.322854 0.362691 -0.113064 -0.238399 0.147540 -0.445285 -0.071088 -0.459964
4 -0.364596 -0.279245 0.327784 -0.208183 0.232649 -0.029183 0.092511 0.222230 0.179438 -0.254274 0.354201 0.363740 -0.106114 -0.302875 0.120857 -0.477112 -0.018417 -0.475281
0 -0.383010 -0.339587 0.334090 -0.245678 0.192582 0.009326 0.077479 0.187649 0.187608 -0.223327 0.347606 0.377467 -0.106858 -0.246348 0.157465 -0.445613 -0.016229 -0.449159
12 -0.393965 -0.350550 0.344082 -0.239195 0.196861 -0.008694 0.100692 0.164589 0.165015 -0.210324 0.337070 0.379165 -0.145102 -0.271943 0.150529 -0.446501 -0.051881 -0.450492
2 -0.326443 -0.323431 0.338015 -0.224800 0.200834 0.000094 0.164135 0.222405 0.132810 -0.241433 0.272309 0.327368 -0.126515 -0.356934 0.127583 -0.526185 -0.005075 -0.443439
6 -0.349734 -0.330709 0.352215 -0.180350 0.204726 0.005888 0.146187 0.215489 0.151560 -0.222068 0.299927 0.304001 -0.154920 -0.334620 0.170675 -0.485855 -0.024890 -0.479980
11 -0.396717 -0.344993 0.345663 -0.196071 0.222876 -0.014419 0.081919 0.220957 0.207056 -0.242574 0.307781 0.365102 -0.144643 -0.244782 0.162038 -0.459317 -0.037027 -0.448326
9 -0.390283 -0.320667 0.308636 -0.217730 0.218130 -0.003027 0.079095 0.212576 0.238494 -0.224058 0.322076 0.414934 -0.111094 -0.240816 0.110060 -0.410494 -0.042265 -0.410476
1 -0.382271 -0.349966 0.371274 -0.238645 0.219547 -0.031607 0.116216 0.225758 0.193073 -0.219238 0.262283 0.319039 -0.104958 -0.314248 0.114224 -0.482765 0.012840 -0.453540
14 -0.389574 -0.341586 0.363066 -0.234884 0.234913 0.008566 0.075478 0.196991 0.187618 -0.215028 0.285276 0.390885 -0.130667 -0.243586 0.126109 -0.419153 -0.004963 -0.435521
13 -0.345421 -0.328247 0.353978 -0.240700 0.195856 -0.009005 0.127713 0.178746 0.179362 -0.203829 0.295093 0.317278 -0.114388 -0.329210 0.164285 -0.481551 -0.053899 -0.473690
7 -0.336439 -0.325645 0.326104 -0.220434 0.190018 0.017258 0.148939 0.212001 0.191567 -0.241152 0.271774 0.323741 -0.143537 -0.355529 0.160255 -0.491953 0.008219 -0.464172
17 -0.380331 -0.331088 0.344623 -0.194206 0.187980 -0.021300 0.110309 0.213356 0.219482 -0.199082 0.318275 0.395706 -0.106603 -0.231504 0.111736 -0.406059 -0.025859 -0.464524
5 -0.346106 -0.334174 0.295054 -0.215164 0.222242 -0.012431 0.141174 0.159334 0.204380 -0.236086 0.323090 0.371632 -0.135817 -0.265623 0.144792 -0.468014 -0.049435 -0.463240
8 -0.348086 -0.340270 0.354194 -0.206592 0.189855 0.008058 0.149784 0.206941 0.166827 -0.211630 0.275825 0.317963 -0.153333 -0.319544 0.157097 -0.499106 0.015417 -0.455243
16 -0.380257 -0.320006 0.348646 -0.225147 0.210875 -0.007750 0.122027 0.196864 0.190835 -0.226277 0.293446 0.380246 -0.138085 -0.254796 0.152653 -0.473987 -0.045079 -0.475798
