18 18
0 -0.434775 -0.502272 0.262885 -0.288951 -0.133501 0.171227 0.099717 0.004370 0.304602 0.021713 0.172044 0.360283 -0.259744 -0.075245 0.469502 -0.337383 -0.281632 -0.266170
1 -0.436834 -0.529868 0.263482 -0.243382 -0.075160 0.110357 0.148155 0.092503 0.405894 -0.023427 0.129757 0.362133 -0.253962 -0.114840 0.427721 -0.379504 -0.239262 -0.320286
8 -0.413355 -0.527772 0.285498 -0.257089 -0.155867 0.197170 0.118710 0.005844 0.324088 0.077213 0.121280 0.362554 -0.294767 -0.058624 0.495139 -0.322575 -0.295973 -0.236227
9 -0.469168 -0.501287 0.256367 -0.271561 -0.110049 0.172455 0.088089 0.018881 0.360691 0.021275 0.154435 0.397303 -0.292953 -0.072360 0.473673 -0.330252 -0.354467 -0.232428
11 -0.512259 -0.461526 0.318982 -0.248990 -0.045109 0.124773 0.032260 0.018068 0.273052 -0.037108 0.156638 0.337303 -0.311730 -0.012904 0.479256 -0.368145 -0.378344 -0.260002
12 -0.526642 -0.524825 0.321514 -0.311774 -0.126674 0.152624 0.064964 -0.042101 0.267196 0.044037 0.200049 0.385631 -0.293942 -0.031195 0.477528 -0.325063 -0.374866 -0.263481
15 -0.479005 -0.488455 0.317624 -0.286724 -0.097829 0.182747 0.102567 -0.034927 0.286827 0.012252 0.169054 0.327125 -0.265595 -0.035036 0.462100 -0.332761 -0.334931 -0.281260
13 -0.447258 -0.478886 0.293696 -0.281287 -0.095077 0.144267 0.100280 -0.004327 0.308344 0.012441 0.145491 0.338484 -0.279097 -0.089917 0.480927 -0.362130 -0.367249 -0.282363
3 -0.499804 -0.502373 0.302775 -0.255124 -0.074274 0.137144 0.128530 0.033020 0.318719 -0.024569 0.178108 0.357439 -0.322952 -0.105419 0.461045 -0.391585 -0.306246 -0.318654
6 -0.400316 -0.531478 0.244548 -0.218748 -0.106825 0.164659 0.173602 0.072789 0.397050 -0.001239 0.146672 0.376614 -0.283868 -0.115211 0.489559 -0.364885 -0.286254 -0.325787
7 -0.400049 -0.514980 0.204578 -0.250656 -0.128948 0.171409 0.159897 0.052590 0.417657 -0.016177 0.138103 0.394727 -0.278733 -0.126188 0.497176 -0.358216 -0.293303 -0.308779
2 -0.434450 -0.500291 0.255721 -0.258742 -0.088229 0.138777 0.133363 0.056096 0.329860 -0.025454 0.151323 0.393969 -0.277788 -0.101898 0.463315 -0.392234 -0.338898 -0.287812
16 -0.473551 -0.462992 0.292510 -0.262296 -0.103526 0.140309 0.105742 -0.006518 0.291724 0.011716 0.150597 0.355506 -0.287411 -0.033764 0.471343 -0.350038 -0.357275 -0.297963
10 -0.414833 -0.484687 0.226708 -0.232400 -0.085435 0.166585 0.131879 0.035290 0.366754 -0.017322 0.154430 0.380535 -0.286375 -0.055548 0.433950 -0.310841 -0.291781 -0.251217
17 -0.421775 -0.496263 0.272564 -0.230206 -0.141140 0.142364 0.136405 0.028865 0.352012 0.043971 0.153543 0.371492 -0.255579 -0.053735 0.445142 -0.309300 -0.293113 -0.302845
14 -0.442147 -0.506601 0.297807 -0.288411 -0.116824 0.180049 0.083834 -0.016488 0.289219 0.064025 0.118789 0.371949 -0.284894 -0.063142 0.466592 -0.303075 -0.307940 -0.246091
5 -0.383515 -0.496519 0.188847 -0.221531 -0.064558 0.123637 0.162447 0.029237 0.388756 -0.037190 0.154804 0.371307 -0.274735 -0.081270 0.443888 -0.361318 -0.280120 -0.304278
4 -0.456354 -0.453682 0.271339 -0.231693 -0.059398 0.109679 0.091866 0.057034 0.333483 -0.039745 0.190840 0.363284 -0.261858 -0.074988 0.451121 -0.372214 -0.316193 -0.325232
