18 18
12 -0.349779 -0.580269 0.138360 -0.258832 0.040448 -0.172034 0.152447 0.030609 0.462839 0.004422 0.227501 0.548239 -0.090428 -0.020590 0.162524 -0.243931 -0.232002 -0.365038
0 -0.339494 -0.577336 0.133520 -0.267319 0.047752 -0.144047 0.161246 0.047418 0.494017 -0.025837 0.236645 0.532983 -0.090697 -0.026480 0.180372 -0.274281 -0.177351 -0.377890
2 -0.310540 -0.574750 0.128459 -0.249120 0.058040 -0.159029 0.181394 0.082799 0.490348 -0.031282 0.214402 0.555397 -0.073668 -0.051435 0.157350 -0.290498 -0.220014 -0.364906
6 -0.314695 -0.561497 0.118217 -0.202098 0.090432 -0.143056 0.196208 0.087749 0.534325 -0.038777 0.219196 0.551991 -0.099984 -0.030340 0.171605 -0.264289 -0.224933 -0.408373
1 -0.340416 -0.573504 0.127149 -0.250461 0.101920 -0.189628 0.152048 0.087169 0.534599 -0.044135 0.188336 0.530101 -0.056628 -0.025505 0.121992 -0.263037 -0.202522 -0.366933
4 -0.319274 -0.532203 0.089816 -0.212676 0.115001 -0.194932 0.136025 0.114936 0.553189 -0.073333 0.241976 0.557936 -0.058112 -0.026121 0.134127 -0.262635 -0.209378 -0.383849
13 -0.322103 -0.591812 0.159060 -0.277675 0.034783 -0.172057 0.185374 0.036941 0.510879 0.021720 0.201499 0.548124 -0.080539 -0.070598 0.181055 -0.275427 -0.245493 -0.405048
3 -0.364134 -0.573531 0.168617 -0.248836 0.066033 -0.172697 0.178240 0.060821 0.473076 -0.024801 0.218799 0.509264 -0.112692 -0.063668 0.142758 -0.280495 -0.174224 -0.391480
14 -0.329043 -0.558075 0.156136 -0.254510 0.078933 -0.150763 0.160419 0.051092 0.476938 -0.004758 0.162134 0.535951 -0.093558 -0.038463 0.148619 -0.252141 -0.198763 -0.377133
11 -0.332367 -0.549236 0.115612 -0.204193 0.096958 -0.172195 0.138652 0.108867 0.538106 -0.072192 0.203805 0.530235 -0.094128 -0.004553 0.172925 -0.279553 -0.206949 -0.369209
8 -0.314287 -0.574219 0.141600 -0.227812 0.041062 -0.154709 0.167070 0.074064 0.480453 -0.000877 0.195560 0.525259 -0.095625 -0.036834 0.175902 -0.277120 -0.190632 -0.363025
9 -0.316057 -0.536115 0.086453 -0.230537 0.078775 -0.156433 0.162844 0.085754 0.536694 -0.038707 0.211458 0.550199 -0.072460 -0.050806 0.129701 -0.250264 -0.217356 -0.343142
15 -0.337467 -0.553690 0.154171 -0.250515 0.066230 -0.126329 0.185684 0.036000 0.482099 -0.027057 0.198789 0.510801 -0.085291 -0.028990 0.161121 -0.267456 -0.214685 -0.381390
10 -0.308123 -0.551510 0.092241 -0.218782 0.099548 -0.125031 0.187284 0.067994 0.549310 -0.067222 0.216349 0.553223 -0.106731 0.006682 0.135833 -0.230717 -0.187077 -0.343559
17 -0.328900 -0.566356 0.141096 -0.224470 0.035022 -0.182348 0.180398 0.076694 0.514078 0.005337 0.204397 0.551982 -0.069350 -0.020621 0.141396 -0.241190 -0.207365 -0.395436
5 -0.303458 -0.550563 0.064439 -0.215235 0.105173 -0.175176 0.174245 0.051762 0.534038 -0.069342 0.226128 0.536796 -0.098419 -0.004770 0.152937 -0.272581 -0.208772 -0.364063
16 -0.323134 -0.548326 0.114128 -0.236143 0.083105 -0.169204 0.196135 0.067313 0.530911 -0.035047 0.179482 0.562162 -0.091833 -0.008905 0.164603 -0.282091 -0.249052 -0.405913
7 -0.290455 -0.548694 0.087574 -0.235113 0.056208 -0.148449 0.177976 0.085043 0.547127 -0.040081 0.186183 0.552193 -0.075435 -0.056951 0.165640 -0.254635 -0.207842 -0.376783
