18 18
1 -0.300780 -0.532900 0.359614 -0.319542 -0.173594 -0.021887 0.370909 -0.023383 0.402375 0.115203 0.025316 0.352949 -0.147451 -0.152814 0.302508 -0.345228 -0.155445 -0.605975
3 -0.254940 -0.451959 0.287386 -0.299926 -0.191965 0.025240 0.416358 -0.041986 0.363910 0.073751 0.065774 0.344893 -0.167794 -0.169634 0.274425 -0.335948 -0.165340 -0.545522
17 -0.195622 -0.397083 0.186655 -0.277642 -0.221471 0.027762 0.429448 -0.024295 0.420541 0.060286 0.083669 0.402851 -0.099897 -0.106252 0.223658 -0.276347 -0.221804 -0.485408
7 -0.214915 -0.441024 0.265166 -0.291916 -0.211654 0.014784 0.380823 -0.042889 0.388030 0.093046 0.039190 0.325938 -0.136421 -0.174633 0.304482 -0.297688 -0.167091 -0.564285
13 -0.206337 -0.425713 0.261052 -0.290414 -0.190338 0.002189 0.378404 -0.060428 0.373254 0.090655 0.041126 0.289056 -0.120810 -0.150891 0.275728 -0.302058 -0.184103 -0.522809
8 -0.201585 -0.453950 0.217666 -0.308340 -0.217283 0.089769 0.431753 -0.032379 0.402400 0.051386 0.045889 0.360167 -0.146346 -0.122192 0.290151 -0.333806 -0.196971 -0.441044
0 -0.184751 -0.427983 0.145112 -0.381345 -0.259137 0.125148 0.488973 -0.041400 0.459534 0.007611 0.100119 0.451044 -0.108252 -0.136840 0.280946 -0.348866 -0.268707 -0.440773
11 -0.218542 -0.426185 0.202473 -0.284658 -0.179350 0.051439 0.390905 -0.023078 0.415708 0.002940 0.058395 0.323909 -0.134993 -0.096294 0.283366 -0.326457 -0.200646 -0.452675
14 -0.293590 -0.503008 0.368912 -0.322387 -0.152383 0.027953 0.317893 -0.042285 0.318345 0.137305 -0.000336 0.400441 -0.181286 -0.145104 0.311740 -0.296923 -0.170563 -0.562510
6 -0.307130 -0.512859 0.445967 -0.232593 -0.126692 -0.035605 0.250068 -0.004503 0.244677 0.193697 0.004870 0.326067 -0.197955 -0.170898 0.346162 -0.278612 -0.123929 -0.637917
2 -0.170595 -0.447638 0.125345 -0.407723 -0.265547 0.137125 0.553444 -0.015750 0.492101 -0.009164 0.084613 0.538165 -0.096869 -0.152486 0.254022 -0.383778 -0.348255 -0.418468
9 -0.130464 -0.356581 -0.020937 -0.409973 -0.261703 0.191861 0.585539 -0.004816 0.578583 -0.081700 0.111250 0.576063 -0.069870 -0.140272 0.191294 -0.365398 -0.389798 -0.283167
12 -0.336962 -0.537973 0.419313 -0.291813 -0.166023 -0.047953 0.272535 -0.056351 0.282301 0.186934 0.033992 0.364509 -0.192859 -0.142353 0.330801 -0.277378 -0.155066 -0.625217
15 -0.179747 -0.376732 0.093287 -0.361578 -0.211997 0.161984 0.497057 -0.049257 0.469450 -0.043253 0.099180 0.444593 -0.081205 -0.092103 0.217259 -0.322316 -0.320666 -0.348146
5 -0.208372 -0.457838 0.201153 -0.299773 -0.182563 0.020140 0.432503 -0.069904 0.415538 0.046455 0.089195 0.370156 -0.143765 -0.130589 0.276616 -0.334520 -0.206389 -0.526761
10 -0.123721 -0.346726 0.009935 -0.361909 -0.224869 0.196297 0.550209 -0.019937 0.525347 -0.085877 0.106494 0.505748 -0.091012 -0.083501 0.182958 -0.313460 -0.329444 -0.275553
16 -0.193277 -0.406565 0.170138 -0.337383 -0.229243 0.082826 0.487548 -0.039959 0.443695 0.021733 0.059381 0.431910 -0.127389 -0.111140 0.272740 -0.350214 -0.283513 -0.468809
4 -0.000863 0.026536 0.000487 0.011658 0.016931 -0.018308 -0.024615 0.027506 0.003913 -0.015616 0.024595 0.006644 0.019102 -0.007194 -0.007301 -0.006238 0.005807 -0.017039
