18 18
14 -0.109284 -0.453987 0.103016 -0.166278 -0.122250 -0.059665 0.166977 0.337375 0.566852 0.088051 0.040459 0.570064 0.010914 -0.356586 0.219962 -0.257347 0.025889 -0.445509
2 -0.055174 -0.444827 0.040353 -0.137493 -0.149699 -0.060784 0.212642 0.390247 0.569634 0.042383 0.087136 0.570739 0.039059 -0.393888 0.213859 -0.295104 0.024691 -0.432046
6 -0.079526 -0.436664 0.064553 -0.108416 -0.136298 -0.044675 0.192447 0.369380 0.576443 0.059519 0.083826 0.532390 0.007670 -0.355657 0.229134 -0.251554 0.028145 -0.432769
17 -0.087216 -0.414970 0.057552 -0.116800 -0.157163 -0.072994 0.190370 0.338317 0.575604 0.067690 0.091301 0.537997 0.030366 -0.317884 0.201813 -0.235453 0.016163 -0.443897
7 -0.037154 -0.410593 0.010098 -0.123542 -0.155104 -0.038818 0.185694 0.372000 0.588144 0.041737 0.063481 0.527805 0.025873 -0.377202 0.219269 -0.247689 0.055711 -0.393179
10 -0.082604 -0.432682 0.040210 -0.133374 -0.122168 -0.032903 0.192861 0.354554 0.614426 0.034040 0.091040 0.557652 0.003194 -0.332854 0.203061 -0.232946 0.032666 -0.403870
9 -0.088463 -0.457778 0.025082 -0.139700 -0.139967 -0.059142 0.186794 0.403634 0.638815 0.045347 0.088357 0.592924 0.027604 -0.398060 0.207696 -0.276639 0.035165 -0.405269
1 -0.105046 -0.443429 0.073479 -0.137688 -0.123914 -0.084026 0.176911 0.378472 0.586664 0.047181 0.071564 0.520115 0.035708 -0.353580 0.195476 -0.274249 0.052763 -0.423531
11 -0.127497 -0.453346 0.091196 -0.137246 -0.121417 -0.069921 0.151224 0.361723 0.594763 0.042682 0.062011 0.543234 -0.005128 -0.316023 0.256290 -0.278269 0.000353 -0.442630
13 -0.087487 -0.412345 0.092318 -0.177798 -0.145564 -0.053485 0.186799 0.270942 0.558310 0.091077 0.037558 0.491765 0.019077 -0.334391 0.241443 -0.254104 -0.042935 -0.438323
0 -0.076626 -0.450434 0.043309 -0.150268 -0.152528 -0.042522 0.173852 0.365953 0.571674 0.041477 0.101591 0.534707 0.022069 -0.361869 0.235726 -0.282504 0.072299 -0.407631
3 -0.114557 -0.435866 0.085641 -0.140625 -0.131056 -0.080219 0.203913 0.355451 0.556419 0.044668 0.098013 0.534342 -0.003277 -0.397083 0.213952 -0.304427 0.045270 -0.481620
8 -0.082735 -0.440781 0.070621 -0.121099 -0.146777 -0.042049 0.186514 0.342807 0.552463 0.073581 0.062241 0.515803 -0.004666 -0.328352 0.226702 -0.259052 0.041268 -0.394718
16 -0.114316 -0.419534 0.093651 -0.165191 -0.149244 -0.043399 0.192953 0.282470 0.567593 0.082166 0.036075 0.535917 -0.013705 -0.293333 0.267069 -0.267209 -0.040064 -0.464459
15 -0.131618 -0.438053 0.089902 -0.174785 -0.134332 -0.022301 0.188615 0.279071 0.567259 0.054159 0.081363 0.525053 0.010088 -0.315819 0.242990 -0.258027 -0.025377 -0.449069
5 -0.070807 -0.433471 0.018997 -0.120671 -0.101429 -0.073888 0.192230 0.334572 0.569930 0.018775 0.099649 0.530595 0.004067 -0.332892 0.216915 -0.283973 0.026161 -0.419708
12 -0.145417 -0.433375 0.092411 -0.188691 -0.165844 -0.053055 0.160791 0.240246 0.537894 0.097819 0.080031 0.537181 -0.008648 -0.285515 0.249042 -0.219779 -0.071523 -0.437385
4 -0.089910 -0.399846 0.056951 -0.117933 -0.109300 -0.093137 0.150621 0.384498 0.573039 0.028247 0.111052 0.544742 0.043789 -0.360341 0.205046 -0.277704 0.036271 -0.455683
