18 18
12 -0.406292 -0.550198 0.178718 -0.382628 0.228442 0.081867 -0.047025 -0.046729 0.400836 -0.198545 0.310250 0.412731 -0.291156 -0.073845 0.365829 -0.367975 -0.227228 -0.160900
0 -0.333943 -0.460481 0.104072 -0.244604 0.191372 0.094741 -0.015884 0.091795 0.397099 -0.266858 0.334309 0.372863 -0.257554 -0.047023 0.357887 -0.388627 -0.096920 -0.187555
10 -0.322003 -0.421553 0.059836 -0.189713 0.287890 0.087448 0.013171 0.132093 0.484727 -0.361424 0.353672 0.420010 -0.295429 -0.029396 0.330072 -0.388485 -0.131304 -0.197447
1 -0.364142 -0.461025 0.125565 -0.214092 0.243340 0.033204 -0.004057 0.150301 0.454945 -0.291119 0.303571 0.376139 -0.250203 -0.063334 0.313713 -0.406762 -0.099718 -0.220023
2 -0.311990 -0.437533 0.066121 -0.164043 0.243174 0.069004 0.021972 0.201097 0.448484 -0.352417 0.343055 0.424096 -0.270132 -0.057081 0.344712 -0.443680 -0.116127 -0.208638
8 -0.339690 -0.488306 0.124368 -0.185865 0.194442 0.084861 0.023210 0.147598 0.426983 -0.265711 0.316613 0.388644 -0.288254 -0.047212 0.360935 -0.414037 -0.089599 -0.206369
11 -0.370608 -0.462028 0.124592 -0.234450 0.265674 0.046832 -0.039553 0.103326 0.451024 -0.298687 0.301893 0.388170 -0.279586 -0.039800 0.349198 -0.403515 -0.164753 -0.190607
9 -0.362861 -0.472738 0.095852 -0.224562 0.232140 0.063564 -0.006552 0.139527 0.477801 -0.290475 0.330042 0.417967 -0.272672 -0.079250 0.341465 -0.413384 -0.143944 -0.189060
3 -0.366958 -0.433286 0.112028 -0.168309 0.248560 0.054325 0.015212 0.176407 0.435264 -0.335393 0.359027 0.381142 -0.299668 -0.079230 0.327598 -0.435770 -0.075442 -0.237822
4 -0.329708 -0.361710 0.067854 -0.135758 0.271867 0.019471 -0.027472 0.198271 0.455867 -0.352642 0.359114 0.389227 -0.242335 -0.048652 0.300587 -0.401065 -0.095866 -0.233176
13 -0.367941 -0.524150 0.178543 -0.402496 0.251920 0.067432 -0.043170 -0.057558 0.444029 -0.199670 0.261836 0.369893 -0.264457 -0.115699 0.363678 -0.382328 -0.245428 -0.168278
16 -0.290607 -0.348713 0.048095 -0.098662 0.239048 0.050273 0.041701 0.204426 0.435721 -0.349596 0.312866 0.390494 -0.273708 -0.010191 0.327797 -0.414390 -0.104914 -0.242626
7 -0.309886 -0.428984 0.055110 -0.164663 0.218296 0.082626 0.014044 0.190008 0.489272 -0.341280 0.330603 0.403618 -0.269056 -0.069267 0.366890 -0.413706 -0.093152 -0.227153
6 -0.351509 -0.488366 0.120589 -0.222757 0.255016 0.085709 0.005913 0.114764 0.450345 -0.297163 0.351520 0.406946 -0.294386 -0.065129 0.374118 -0.411171 -0.154255 -0.226259
14 -0.383954 -0.512298 0.186265 -0.365917 0.270574 0.078564 -0.050547 -0.027037 0.396124 -0.212827 0.262624 0.386296 -0.280867 -0.089840 0.336036 -0.365412 -0.180510 -0.171070
15 -0.410674 -0.539052 0.172851 -0.339622 0.252246 0.104014 -0.010494 0.003420 0.440112 -0.259238 0.330073 0.396204 -0.286210 -0.070561 0.373591 -0.411002 -0.194297 -0.204242
5 -0.304164 -0.409568 0.032079 -0.152788 0.266727 0.036460 0.023001 0.122655 0.449886 -0.337678 0.342012 0.391060 -0.271828 -0.027757 0.314753 -0.398280 -0.121344 -0.220308
17 -0.344854 -0.457498 0.113264 -0.173863 0.192792 0.046440 0.021030 0.155989 0.452704 -0.265005 0.330770 0.409228 -0.255639 -0.038498 0.318314 -0.378004 -0.104820 -0.232851
