18 18
3 -0.309109 -0.395269 0.445778 -0.260198 -0.159808 0.038713 0.047205 0.159829 0.028730 0.066057 0.111520 0.204384 -0.164792 -0.128739 0.396790 -0.463777 0.242125 -0.478936
2 -0.264619 -0.420884 0.402318 -0.269250 -0.185385 0.040433 0.051700 0.174947 0.054461 0.067112 0.118372 0.242922 -0.116818 -0.120879 0.416486 -0.462927 0.181991 -0.456213
6 -0.276138 -0.496293 0.370319 -0.207853 -0.237205 0.110320 0.072769 0.196377 0.150812 0.115878 0.182115 0.298258 -0.176808 -0.067977 0.505083 -0.407842 0.180457 -0.460808
8 -0.274721 -0.491720 0.397602 -0.222938 -0.246236 0.108647 0.066287 0.187337 0.112018 0.136484 0.141279 0.284493 -0.180022 -0.060671 0.486809 -0.422776 0.218444 -0.429516
5 -0.313720 -0.504146 0.421557 -0.283796 -0.189842 0.056884 0.071325 0.163014 0.139947 0.076199 0.164720 0.302510 -0.174095 -0.083591 0.498183 -0.497332 0.209580 -0.538116
14 -0.322757 -0.452383 0.448166 -0.281359 -0.151330 0.119569 0.014993 0.145692 0.087163 0.103463 0.099805 0.324734 -0.187243 0.005215 0.447800 -0.375513 0.224143 -0.453500
0 -0.284444 -0.448891 0.375197 -0.252083 -0.235148 0.106010 0.030499 0.158793 0.097690 0.105139 0.168046 0.273745 -0.155629 -0.047721 0.475457 -0.398594 0.210433 -0.434941
1 -0.310398 -0.413129 0.430088 -0.285739 -0.130373 0.026768 0.022458 0.155038 0.088578 0.060687 0.084949 0.227810 -0.120333 -0.081541 0.379322 -0.420518 0.211022 -0.459886
13 -0.281418 -0.463253 0.418511 -0.281142 -0.222361 0.059879 0.061987 0.155133 0.117784 0.110873 0.138675 0.250651 -0.146184 -0.114273 0.480413 -0.456710 0.180957 -0.496053
16 -0.315616 -0.386650 0.438851 -0.260244 -0.145438 0.076035 0.031975 0.145628 0.065927 0.076974 0.084260 0.285386 -0.175641 0.005986 0.432433 -0.412229 0.189678 -0.479245
17 -0.268486 -0.435612 0.361907 -0.200779 -0.235440 0.071396 0.059352 0.178990 0.132425 0.126719 0.156641 0.290282 -0.135451 -0.039663 0.416773 -0.356004 0.188661 -0.430374
4 -0.316631 -0.390447 0.457046 -0.268931 -0.129271 0.053592 -0.001736 0.182854 0.070126 0.057646 0.117597 0.270636 -0.141514 -0.047927 0.421372 -0.432010 0.227547 -0.495657
12 -0.329779 -0.487318 0.406461 -0.275691 -0.228524 0.077752 0.029691 0.143206 0.099155 0.117765 0.182653 0.313661 -0.174137 -0.052515 0.472440 -0.405322 0.181257 -0.459906
9 -0.323829 -0.501261 0.385027 -0.262018 -0.243072 0.100931 0.047158 0.202407 0.167179 0.120344 0.186361 0.358459 -0.177223 -0.065798 0.494548 -0.435109 0.197383 -0.454275
7 -0.236001 -0.422599 0.359397 -0.241817 -0.226520 0.063108 0.061062 0.185195 0.121247 0.077992 0.119529 0.230618 -0.125403 -0.148676 0.456464 -0.438479 0.195408 -0.462537
10 -0.293021 -0.445151 0.391795 -0.247470 -0.174858 0.104231 0.057915 0.163714 0.127470 0.069836 0.150097 0.303073 -0.179012 -0.025717 0.433261 -0.392266 0.213591 -0.441392
15 -0.347389 -0.474780 0.442849 -0.288944 -0.175273 0.135699 0.040575 0.132885 0.114342 0.085666 0.152997 0.310762 -0.177183 0.001965 0.477130 -0.403579 0.193445 -0.477969
11 -0.298593 -0.429406 0.398705 -0.239088 -0.161798 0.036097 0.022738 0.176838 0.106058 0.054789 0.118166 0.239751 -0.154998 -0.073336 0.441681 -0.444125 0.179945 -0.454138
