18 18
2 -0.264382 -0.522965 0.218358 -0.255570 -0.095154 0.099947 0.180474 0.053698 0.125734 0.014216 0.257535 0.575326 -0.200428 -0.086734 0.293994 -0.283670 -0.230958 -0.280383
12 -0.428524 -0.562522 0.345408 -0.319947 -0.108052 0.086966 0.089364 0.008748 0.173831 0.080492 0.288323 0.610676 -0.208582 0.038546 0.299572 -0.198355 -0.198035 -0.352504
10 -0.409931 -0.559605 0.337370 -0.295296 -0.088665 0.126367 0.132736 0.032635 0.223231 0.052995 0.284899 0.624540 -0.231057 0.056189 0.298878 -0.195995 -0.174320 -0.355902
14 -0.449480 -0.565364 0.417313 -0.338196 -0.092972 0.114085 0.081265 0.016156 0.189330 0.109793 0.223322 0.609982 -0.216062 0.073664 0.298360 -0.177862 -0.140094 -0.379433
1 -0.420103 -0.566819 0.361161 -0.320226 -0.090745 0.062629 0.114316 0.050474 0.207689 0.069737 0.246796 0.579305 -0.187591 -0.007244 0.281924 -0.236862 -0.163432 -0.371560
3 -0.402634 -0.533719 0.334051 -0.283277 -0.081880 0.094872 0.144440 0.029074 0.149246 0.037162 0.280569 0.559137 -0.234523 -0.023049 0.281673 -0.250645 -0.162202 -0.363281
11 -0.437222 -0.541153 0.383131 -0.294705 -0.095185 0.073232 0.073866 0.052300 0.210088 0.068258 0.227101 0.555859 -0.207882 0.056468 0.309049 -0.213826 -0.162620 -0.370376
0 -0.394431 -0.531630 0.347446 -0.320297 -0.121502 0.103080 0.080874 0.025154 0.182995 0.079153 0.263335 0.562257 -0.177409 0.038885 0.308249 -0.202891 -0.145142 -0.358389
4 -0.428300 -0.515984 0.378728 -0.298501 -0.080146 0.079468 0.067690 0.052857 0.181894 0.061647 0.274413 0.585351 -0.186471 0.047334 0.301525 -0.219804 -0.167446 -0.392385
13 -0.371746 -0.530664 0.345822 -0.321654 -0.117520 0.088648 0.112736 0.008117 0.193994 0.098669 0.237798 0.552041 -0.178427 -0.001394 0.302636 -0.201507 -0.195983 -0.361615
15 -0.432569 -0.543169 0.374966 -0.314534 -0.083730 0.132333 0.113917 0.000264 0.189324 0.064365 0.263198 0.574214 -0.202416 0.072681 0.307173 -0.205437 -0.182225 -0.374377
8 -0.346210 -0.587818 0.299621 -0.275845 -0.118092 0.113643 0.172365 0.050703 0.176415 0.058567 0.268644 0.601476 -0.238253 -0.037739 0.327699 -0.270404 -0.191748 -0.328619
16 -0.421847 -0.526702 0.375484 -0.302153 -0.110765 0.096920 0.113025 0.019342 0.197935 0.093707 0.231857 0.589235 -0.213862 0.081903 0.308838 -0.199368 -0.176161 -0.390423
6 -0.297002 -0.500552 0.246766 -0.227798 -0.079378 0.096691 0.152889 0.053088 0.152437 0.030466 0.268148 0.538808 -0.205085 -0.056800 0.293702 -0.233687 -0.201444 -0.316656
7 -0.323120 -0.549155 0.255355 -0.286036 -0.107980 0.115987 0.161441 0.049841 0.192343 0.025219 0.270399 0.597392 -0.210612 -0.076052 0.319428 -0.253530 -0.202391 -0.333934
5 -0.366324 -0.579744 0.274189 -0.286281 -0.073884 0.086862 0.173664 0.022104 0.215699 0.022665 0.304441 0.631847 -0.237086 -0.015662 0.318425 -0.273764 -0.212565 -0.375285
17 -0.408111 -0.520458 0.362446 -0.272136 -0.120861 0.076559 0.111186 0.042289 0.222197 0.104341 0.250560 0.585918 -0.178247 0.076109 0.260404 -0.156742 -0.146142 -0.386933
9 -0.424651 -0.570467 0.338677 -0.323475 -0.104570 0.090086 0.116615 0.055434 0.229221 0.065239 0.277078 0.636365 -0.209902 -0.014310 0.306741 -0.245203 -0.201746 -0.362395
