18 18
6 -0.250287 -0.409894 0.282718 -0.274509 0.066806 -0.070901 0.113636 0.116760 0.311821 0.008463 0.101487 0.324876 -0.139129 -0.389000 0.407382 -0.519394 -0.304933 -0.481160
9 -0.251869 -0.399127 0.208336 -0.319660 0.048957 -0.078550 0.082765 0.116793 0.414311 0.017790 0.067600 0.391939 -0.083764 -0.341746 0.331459 -0.449374 -0.250261 -0.410946
8 -0.233563 -0.399377 0.284020 -0.263316 0.040498 -0.056850 0.118262 0.099116 0.252480 0.012614 0.091338 0.280234 -0.153709 -0.364970 0.407315 -0.530362 -0.280412 -0.430528
1 -0.284167 -0.444197 0.286452 -0.325367 0.081104 -0.115526 0.103550 0.131964 0.396113 0.010506 0.065513 0.347349 -0.104951 -0.367132 0.346373 -0.497304 -0.218471 -0.479535
3 -0.282544 -0.398160 0.301688 -0.274720 0.091289 -0.075820 0.135264 0.105615 0.285552 -0.029793 0.126044 0.303253 -0.191787 -0.417109 0.382746 -0.550718 -0.250110 -0.502290
7 -0.227405 -0.399653 0.231785 -0.298650 0.053657 -0.062555 0.110833 0.119167 0.377351 -0.007641 0.073158 0.341304 -0.118076 -0.382303 0.374121 -0.477322 -0.225114 -0.461808
4 -0.241766 -0.364194 0.246764 -0.280275 0.083459 -0.096553 0.069258 0.141344 0.348064 -0.010154 0.100781 0.351421 -0.088911 -0.356951 0.355121 -0.485546 -0.247871 -0.467307
15 -0.279602 -0.425786 0.296808 -0.331459 0.054095 -0.055946 0.109863 0.078458 0.332127 0.008832 0.086800 0.327918 -0.103858 -0.335092 0.388520 -0.502121 -0.294691 -0.460250
5 -0.239917 -0.407332 0.210797 -0.287953 0.090699 -0.086441 0.120777 0.087225 0.376730 -0.025241 0.106279 0.348984 -0.134128 -0.338989 0.360078 -0.490424 -0.245440 -0.461122
16 -0.238430 -0.367815 0.259079 -0.268977 0.055603 -0.069333 0.124332 0.087485 0.289222 -0.000436 0.080389 0.307443 -0.147848 -0.334652 0.387571 -0.500971 -0.290179 -0.458775
14 -0.255579 -0.419741 0.233521 -0.341171 0.063513 -0.079135 0.059677 0.099029 0.430615 0.053015 0.015103 0.422646 -0.063603 -0.269332 0.290709 -0.362171 -0.169427 -0.408840
12 -0.280542 -0.436174 0.287240 -0.317767 0.039404 -0.080732 0.089743 0.070187 0.272085 0.020614 0.120950 0.342114 -0.137054 -0.355320 0.405920 -0.505631 -0.327672 -0.442595
2 -0.231912 -0.415804 0.257034 -0.307525 0.038133 -0.070922 0.111676 0.108975 0.296434 0.012725 0.074159 0.354239 -0.094317 -0.344812 0.352072 -0.486748 -0.289594 -0.401889
11 -0.277257 -0.427195 0.291499 -0.290155 0.060016 -0.085103 0.076885 0.118048 0.316166 -0.002837 0.079615 0.337142 -0.132024 -0.333460 0.406705 -0.514127 -0.300333 -0.445898
10 -0.249533 -0.414584 0.232943 -0.302299 0.079549 -0.058988 0.116390 0.110454 0.413470 -0.009907 0.089402 0.375088 -0.122003 -0.317092 0.336705 -0.442271 -0.219305 -0.436210
13 -0.230335 -0.394000 0.270524 -0.314315 0.050715 -0.083658 0.104580 0.083053 0.335484 0.027966 0.068061 0.313327 -0.112921 -0.384327 0.389235 -0.500190 -0.295159 -0.461927
0 -0.254922 -0.425751 0.241020 -0.350988 0.031462 -0.069280 0.075221 0.098991 0.409828 0.034863 0.073830 0.390527 -0.075818 -0.314590 0.361570 -0.441674 -0.199916 -0.451521
17 -0.257045 -0.428925 0.235299 -0.320447 0.025956 -0.115175 0.098824 0.132480 0.486816 0.062974 0.059964 0.445918 -0.054829 -0.297555 0.311510 -0.400766 -0.204324 -0.479182
