18 18
3 -0.242808 -0.223448 0.271735 -0.039769 -0.230796 0.066611 0.393119 0.211328 0.155985 0.003447 0.295752 0.111161 -0.171471 -0.387690 0.208108 -0.430225 0.293839 -0.661852
0 -0.247139 -0.278819 0.251269 -0.098394 -0.237361 0.106289 0.308874 0.176777 0.172596 0.008323 0.314471 0.158205 -0.143226 -0.320217 0.266585 -0.395642 0.221851 -0.576493
10 -0.344027 -0.404300 0.291083 -0.195762 -0.204211 0.192548 0.289602 0.131369 0.251011 -0.027487 0.353283 0.261603 -0.194331 -0.279766 0.299548 -0.361134 0.103856 -0.492493
1 -0.290564 -0.346859 0.314709 -0.136726 -0.214027 0.088425 0.336764 0.195680 0.236509 0.017402 0.254585 0.164787 -0.140469 -0.341458 0.243084 -0.410373 0.208405 -0.565937
8 -0.297296 -0.373758 0.324783 -0.126502 -0.262639 0.137539 0.379923 0.192515 0.225192 0.032756 0.307130 0.196842 -0.188939 -0.350474 0.303057 -0.451894 0.214268 -0.602326
13 -0.350741 -0.454325 0.332543 -0.274857 -0.221545 0.185034 0.261328 0.090030 0.264707 0.024745 0.299141 0.251881 -0.162640 -0.300950 0.332060 -0.372456 0.018811 -0.447332
9 -0.337768 -0.390344 0.280302 -0.204917 -0.211533 0.165328 0.285830 0.155788 0.256233 -0.011984 0.318099 0.253980 -0.167339 -0.331970 0.290102 -0.396615 0.090011 -0.471656
7 -0.195609 -0.238505 0.224303 -0.052785 -0.241193 0.090115 0.362323 0.216033 0.203058 0.002991 0.269829 0.144379 -0.145323 -0.369014 0.246967 -0.401109 0.251275 -0.597205
15 -0.352561 -0.397143 0.336029 -0.199932 -0.223833 0.175186 0.340575 0.138202 0.235622 -0.008330 0.322988 0.213229 -0.170808 -0.329787 0.301890 -0.423050 0.136484 -0.572187
2 -0.291320 -0.372304 0.313896 -0.163141 -0.255187 0.147697 0.380711 0.201553 0.212408 -0.002213 0.318038 0.218914 -0.165692 -0.394210 0.296957 -0.475672 0.189749 -0.608303
6 -0.251121 -0.271552 0.285703 -0.025280 -0.228247 0.072604 0.359871 0.239795 0.178975 0.018464 0.313833 0.149307 -0.168896 -0.360282 0.261907 -0.419414 0.228983 -0.638939
4 -0.261504 -0.258835 0.277281 -0.061410 -0.212072 0.062203 0.316163 0.230946 0.193218 -0.004834 0.323755 0.168809 -0.142958 -0.346753 0.249755 -0.421431 0.227340 -0.622685
17 -0.244914 -0.276426 0.262481 -0.062969 -0.245913 0.069466 0.334358 0.198409 0.203754 0.034064 0.293999 0.183733 -0.133049 -0.304165 0.225134 -0.361335 0.201646 -0.579531
16 -0.251041 -0.277730 0.281315 -0.095692 -0.239494 0.108702 0.380731 0.182054 0.206137 0.013248 0.257398 0.173581 -0.172927 -0.327536 0.265523 -0.423753 0.203383 -0.614751
11 -0.445064 -0.496858 0.360739 -0.239777 -0.215931 0.169257 0.246081 0.161316 0.264415 -0.027518 0.388931 0.300849 -0.213663 -0.295085 0.373721 -0.433939 0.041748 -0.522087
5 -0.221110 -0.274840 0.215805 -0.069151 -0.189497 0.072192 0.337798 0.159428 0.199567 -0.011330 0.287604 0.169199 -0.161828 -0.302656 0.240929 -0.393397 0.180945 -0.558344
14 -0.345703 -0.411554 0.342879 -0.200803 -0.216252 0.164007 0.318260 0.162254 0.230774 0.008073 0.309499 0.242902 -0.194071 -0.353150 0.309791 -0.424538 0.171513 -0.575213
12 -0.451571 -0.501480 0.352211 -0.267363 -0.237697 0.171109 0.233277 0.110230 0.232179 0.013678 0.413526 0.324587 -0.203220 -0.283876 0.351303 -0.384185 0.017193 -0.495581
