18 18
5 -0.160209 -0.243759 0.053482 -0.217124 0.086858 -0.065712 0.046453 0.274767 0.492764 -0.232067 0.109957 0.526881 0.039355 -0.141493 0.310656 -0.434859 -0.130153 -0.491347
4 -0.176911 -0.220846 0.101724 -0.222698 0.080223 -0.078551 0.002948 0.374369 0.520920 -0.245132 0.117959 0.550423 0.083599 -0.181175 0.334656 -0.468977 -0.120340 -0.552296
2 -0.085831 -0.247613 0.091667 -0.216772 0.013617 -0.015909 0.065792 0.350794 0.401570 -0.184822 0.051898 0.531361 0.079960 -0.197422 0.360104 -0.480404 -0.166049 -0.484554
9 -0.185641 -0.242627 0.070845 -0.239774 0.063140 -0.055588 0.010781 0.353408 0.540530 -0.226833 0.098237 0.566157 0.071321 -0.186356 0.323223 -0.444446 -0.132005 -0.497640
7 -0.121333 -0.278846 0.105184 -0.277391 -0.008099 -0.025437 -0.000583 0.395225 0.536403 -0.191832 0.035154 0.561924 0.119547 -0.227366 0.426267 -0.481344 -0.118633 -0.576276
11 -0.135189 -0.273649 0.125014 -0.215551 0.031618 -0.037572 0.030409 0.360646 0.456427 -0.199108 0.042941 0.503364 0.059927 -0.161999 0.410051 -0.494136 -0.168856 -0.515185
14 -0.145147 -0.272269 0.139520 -0.253238 0.042075 -0.024300 0.007720 0.333120 0.449163 -0.173560 0.037688 0.537407 0.069255 -0.179999 0.368136 -0.445223 -0.102912 -0.530075
16 -0.120138 -0.249750 0.119817 -0.224582 0.010275 -0.018104 0.071083 0.338653 0.454637 -0.185877 0.045519 0.533990 0.055658 -0.157560 0.420198 -0.499606 -0.180218 -0.560671
10 -0.228618 -0.259571 0.082202 -0.227947 0.121343 -0.035813 0.066592 0.334675 0.601717 -0.298712 0.172759 0.615874 0.009689 -0.134522 0.292726 -0.438385 -0.085907 -0.552455
17 -0.147079 -0.232021 0.092338 -0.193184 0.020074 -0.056275 0.040117 0.325868 0.474804 -0.173016 0.085469 0.523862 0.077321 -0.137634 0.299866 -0.390133 -0.124397 -0.497370
15 -0.165102 -0.264132 0.120194 -0.247031 0.042516 0.006798 0.051729 0.306110 0.466447 -0.211903 0.089334 0.531654 0.062042 -0.161198 0.373780 -0.465197 -0.148135 -0.532275
13 -0.108761 -0.231397 0.103138 -0.228576 0.030387 -0.038413 0.055084 0.296778 0.440656 -0.172353 0.054289 0.478708 0.072077 -0.185348 0.344754 -0.442841 -0.157743 -0.493814
6 -0.068198 -0.273971 0.143026 -0.177254 -0.006714 0.025159 0.105140 0.358640 0.374860 -0.153792 0.053603 0.490608 0.045178 -0.200897 0.442049 -0.503022 -0.172479 -0.549543
1 -0.196584 -0.269846 0.124311 -0.259479 0.060206 -0.091285 -0.008898 0.369317 0.525442 -0.204561 0.062026 0.523478 0.104878 -0.187021 0.313018 -0.443939 -0.086073 -0.525309
3 -0.280433 -0.234597 0.106641 -0.223341 0.137836 -0.087685 0.042018 0.328384 0.565636 -0.298697 0.182234 0.568982 0.001216 -0.175653 0.252501 -0.451507 -0.054838 -0.566834
0 -0.146983 -0.266520 0.111780 -0.255335 0.010059 -0.017225 0.019236 0.338717 0.469209 -0.193974 0.095205 0.530786 0.077961 -0.180475 0.386145 -0.468161 -0.102784 -0.537920
8 -0.070573 -0.310929 0.161507 -0.206186 -0.040785 0.031754 0.107474 0.373789 0.399223 -0.130655 0.029720 0.530476 0.046506 -0.198271 0.475043 -0.542348 -0.149754 -0.577659
12 -0.026600 -0.022358 0.002765 -0.019307 -0.014582 -0.010130 -0.018079 -0.025837 -0.017080 0.018496 0.026502 0.027636 -0.006702 0.013838 0.001462 0.019107 -0.024921 0.008452
