18 18
0 -0.182540 -0.541794 0.192443 -0.271556 -0.203840 0.221625 0.078921 0.050370 0.127132 0.066383 0.230201 0.308884 -0.223416 -0.173292 0.540761 -0.347511 -0.043804 -0.238531
8 -0.174540 -0.564470 0.200267 -0.228528 -0.198406 0.227992 0.124183 0.076263 0.164222 0.079312 0.213147 0.325154 -0.266148 -0.174344 0.555252 -0.359637 -0.050675 -0.241149
12 -0.225461 -0.588089 0.211700 -0.300681 -0.229047 0.234838 0.086716 -0.005246 0.114874 0.105641 0.254849 0.366619 -0.262249 -0.155231 0.571164 -0.316375 -0.127464 -0.247434
2 -0.147446 -0.547733 0.182410 -0.243411 -0.204151 0.220536 0.120693 0.103850 0.130655 0.058060 0.210665 0.337992 -0.230332 -0.207430 0.541288 -0.382201 -0.073041 -0.227534
7 -0.171842 -0.553264 0.174691 -0.282538 -0.232213 0.251959 0.104109 0.049848 0.164991 0.072087 0.211127 0.336162 -0.237914 -0.215421 0.568949 -0.329741 -0.073357 -0.246359
10 -0.177205 -0.572168 0.174940 -0.232396 -0.180932 0.261648 0.147616 0.088303 0.199657 0.036713 0.251700 0.361666 -0.289248 -0.179665 0.550516 -0.351641 -0.054642 -0.235427
4 -0.207226 -0.561616 0.211878 -0.253630 -0.167923 0.219597 0.092200 0.068593 0.160398 0.050946 0.262271 0.359842 -0.260427 -0.163970 0.566634 -0.370638 -0.075464 -0.282345
3 -0.217420 -0.576182 0.232667 -0.247260 -0.187856 0.224938 0.126984 0.114454 0.150058 0.045048 0.248700 0.320185 -0.291802 -0.249974 0.559889 -0.417589 -0.009978 -0.277731
16 -0.184710 -0.529049 0.184190 -0.238382 -0.192663 0.230098 0.135880 0.043245 0.157199 0.065808 0.203844 0.345064 -0.271542 -0.144052 0.553730 -0.344073 -0.109172 -0.261442
9 -0.209501 -0.603529 0.186326 -0.267030 -0.209310 0.246922 0.124294 0.123890 0.210592 0.052726 0.259402 0.385923 -0.281889 -0.256198 0.595481 -0.414372 -0.065632 -0.254596
15 -0.216937 -0.569086 0.203019 -0.271624 -0.192709 0.270267 0.138995 0.002865 0.150513 0.062061 0.243322 0.342130 -0.269606 -0.147306 0.563492 -0.338902 -0.121077 -0.258783
14 -0.224776 -0.610639 0.247458 -0.308056 -0.198076 0.247407 0.086279 0.044839 0.136206 0.093563 0.213599 0.363636 -0.272932 -0.196936 0.582317 -0.357065 -0.058067 -0.266349
1 -0.213260 -0.576792 0.228115 -0.279729 -0.177081 0.186501 0.087424 0.096511 0.170043 0.062700 0.206220 0.316743 -0.224278 -0.212034 0.529097 -0.378769 -0.036162 -0.262391
13 -0.170711 -0.538221 0.214486 -0.300124 -0.214547 0.220115 0.093696 0.019394 0.133989 0.101146 0.200441 0.300094 -0.220521 -0.211697 0.548333 -0.329916 -0.102979 -0.249209
17 -0.194412 -0.571491 0.194323 -0.232662 -0.229727 0.225830 0.139424 0.076808 0.189300 0.086227 0.245803 0.375614 -0.252196 -0.163540 0.546513 -0.332815 -0.080155 -0.274272
5 -0.174884 -0.546359 0.153144 -0.226261 -0.150000 0.202213 0.134984 0.039018 0.177548 0.036534 0.238318 0.342049 -0.271467 -0.156979 0.532521 -0.362366 -0.082093 -0.260192
6 -0.180151 -0.581683 0.198315 -0.224474 -0.200255 0.247306 0.139837 0.103968 0.173592 0.062968 0.249061 0.342116 -0.276527 -0.217153 0.582307 -0.370814 -0.068279 -0.274220
11 -0.224464 -0.597654 0.217910 -0.256712 -0.191177 0.227855 0.091233 0.081999 0.176999 0.047722 0.233199 0.354193 -0.275476 -0.164292 0.595572 -0.382834 -0.086378 -0.264681
