18 18
14 -0.468911 -0.490846 0.382463 -0.219124 0.086010 0.138164 0.049768 -0.019999 0.012891 -0.034058 0.208369 0.408300 -0.250981 0.109074 0.356382 -0.247066 -0.272034 -0.361725
6 -0.447291 -0.504625 0.344675 -0.175994 0.093732 0.168236 0.088827 0.027959 0.001628 -0.096319 0.320760 0.402984 -0.256737 0.044362 0.372795 -0.271227 -0.280865 -0.372156
3 -0.499609 -0.514219 0.381442 -0.213970 0.096957 0.173720 0.095273 -0.002128 -0.024894 -0.108649 0.339780 0.394560 -0.279650 0.035021 0.355290 -0.294993 -0.254283 -0.384274
12 -0.482397 -0.500596 0.349502 -0.225307 0.057566 0.139114 0.033698 -0.039050 -0.006685 -0.036996 0.292843 0.421557 -0.246711 0.100042 0.353366 -0.216333 -0.310350 -0.330109
10 -0.462874 -0.519044 0.341739 -0.206859 0.098184 0.190138 0.094621 0.011579 0.023046 -0.117142 0.333916 0.435337 -0.267401 0.077405 0.358673 -0.264001 -0.263940 -0.342134
8 -0.462724 -0.506690 0.370297 -0.192629 0.063114 0.148395 0.084579 0.004199 0.016876 -0.044881 0.251550 0.412028 -0.263673 0.097647 0.383167 -0.284246 -0.277403 -0.373110
16 -0.454254 -0.451130 0.343019 -0.196072 0.062570 0.130045 0.093693 -0.012779 0.017394 -0.055722 0.233203 0.413800 -0.245611 0.120596 0.360611 -0.271679 -0.305225 -0.382317
11 -0.462867 -0.472040 0.336892 -0.189870 0.092312 0.127048 0.041115 0.017785 0.044363 -0.091298 0.239975 0.406658 -0.253414 0.110135 0.372590 -0.271474 -0.296819 -0.345382
2 -0.443834 -0.511308 0.337547 -0.223861 0.083648 0.168317 0.083912 0.023467 -0.029783 -0.114889 0.323058 0.422957 -0.238184 0.032823 0.353980 -0.301409 -0.278008 -0.337487
4 -0.466214 -0.480291 0.345418 -0.192174 0.116328 0.157899 0.064855 0.040314 -0.002658 -0.137444 0.377823 0.424142 -0.238283 0.040063 0.354525 -0.293971 -0.261176 -0.387606
13 -0.446021 -0.490833 0.360262 -0.241135 0.063399 0.147181 0.071120 -0.032649 0.013794 -0.047782 0.251186 0.384987 -0.231543 0.060912 0.368034 -0.265250 -0.315351 -0.354080
0 -0.421852 -0.480961 0.314216 -0.218409 0.049717 0.155622 0.066552 0.009953 -0.013639 -0.089188 0.307509 0.373570 -0.213964 0.049356 0.344994 -0.277851 -0.214088 -0.322904
9 -0.484136 -0.490376 0.338826 -0.219745 0.070456 0.143555 0.066367 0.002255 0.051647 -0.059436 0.256854 0.448352 -0.253371 0.083115 0.368030 -0.273399 -0.315582 -0.355655
1 -0.481802 -0.528469 0.372780 -0.226354 0.088264 0.117974 0.067848 0.029127 0.024704 -0.080567 0.277425 0.400651 -0.225269 0.058022 0.337682 -0.292298 -0.241216 -0.360711
15 -0.458699 -0.478189 0.341988 -0.213868 0.086030 0.175590 0.089981 -0.028187 0.013076 -0.089607 0.284652 0.383218 -0.231525 0.081419 0.351278 -0.260349 -0.290306 -0.356442
17 -0.462645 -0.482256 0.348855 -0.178962 0.041947 0.117892 0.087708 0.014382 0.047991 -0.042632 0.277228 0.440201 -0.229199 0.114006 0.331803 -0.232948 -0.272663 -0.383027
7 -0.449920 -0.509228 0.330532 -0.223610 0.058627 0.181148 0.079876 0.009669 0.031979 -0.094459 0.300310 0.434884 -0.252590 0.042256 0.395764 -0.275347 -0.284822 -0.372834
5 -0.430130 -0.494852 0.298365 -0.194961 0.098795 0.147986 0.114262 -0.020613 0.034627 -0.109588 0.312792 0.406825 -0.259262 0.061035 0.354536 -0.288384 -0.272093 -0.371631
