18 18
0 -0.194677 -0.603999 0.233893 -0.403526 -0.167212 -0.093913 0.130401 -0.172538 0.232742 0.239666 0.209575 0.330680 0.021659 -0.137793 0.306857 -0.222219 -0.198415 -0.432632
7 -0.168336 -0.615051 0.210810 -0.410353 -0.177299 -0.097899 0.160205 -0.160152 0.310983 0.239796 0.190776 0.371440 0.017221 -0.177716 0.325590 -0.222601 -0.209225 -0.472080
13 -0.171276 -0.576455 0.246355 -0.398076 -0.147325 -0.120990 0.147212 -0.183462 0.248686 0.252312 0.170693 0.302611 0.023641 -0.167401 0.281894 -0.208513 -0.218338 -0.438083
8 -0.216094 -0.637828 0.257897 -0.401703 -0.179185 -0.110657 0.152007 -0.151784 0.276211 0.264273 0.182431 0.359679 -0.002018 -0.147318 0.323859 -0.249936 -0.205830 -0.446183
17 -0.182452 -0.579210 0.228762 -0.319076 -0.154243 -0.137025 0.174494 -0.143345 0.264660 0.248564 0.208035 0.355275 0.017604 -0.106700 0.259890 -0.190142 -0.208131 -0.477128
12 -0.231575 -0.609046 0.245424 -0.419241 -0.160752 -0.123890 0.109894 -0.188783 0.217866 0.252118 0.211278 0.352852 0.014915 -0.138212 0.287442 -0.208148 -0.243635 -0.417759
15 -0.221101 -0.591461 0.256676 -0.405655 -0.134032 -0.089742 0.145365 -0.184522 0.233210 0.221188 0.189260 0.311803 0.017355 -0.135899 0.284240 -0.226516 -0.222442 -0.432970
1 -0.221170 -0.607481 0.263196 -0.411135 -0.131076 -0.153496 0.130678 -0.142919 0.256373 0.235875 0.154629 0.305466 0.043558 -0.167340 0.260544 -0.243360 -0.207759 -0.438429
9 -0.216241 -0.588513 0.214610 -0.414115 -0.154036 -0.121023 0.127028 -0.136777 0.306474 0.233507 0.176307 0.366183 0.023070 -0.179116 0.285700 -0.237049 -0.222547 -0.417937
14 -0.216706 -0.668768 0.281912 -0.427567 -0.134642 -0.118371 0.153682 -0.185973 0.264337 0.269352 0.182311 0.379260 -0.002532 -0.155702 0.309367 -0.225399 -0.209006 -0.493584
10 -0.228856 -0.671353 0.243736 -0.447189 -0.168354 -0.096064 0.166922 -0.180190 0.334455 0.245482 0.229631 0.416504 -0.006435 -0.140169 0.326722 -0.226661 -0.225973 -0.469557
5 -0.183972 -0.635910 0.221622 -0.368450 -0.113858 -0.140446 0.191645 -0.190810 0.271690 0.228417 0.217157 0.358237 -0.010839 -0.142962 0.299023 -0.251784 -0.231457 -0.497686
11 -0.229962 -0.606571 0.245215 -0.375570 -0.136152 -0.129708 0.116407 -0.114133 0.298516 0.208684 0.168384 0.349700 -0.002096 -0.128177 0.322505 -0.256435 -0.218040 -0.450841
6 -0.192753 -0.658082 0.263290 -0.363356 -0.137742 -0.120843 0.186939 -0.160606 0.266625 0.256879 0.221705 0.352675 0.000621 -0.160113 0.320277 -0.233368 -0.232475 -0.514068
3 -0.224494 -0.602818 0.267889 -0.406596 -0.141162 -0.119899 0.153770 -0.169185 0.227926 0.230651 0.199695 0.323311 -0.008126 -0.186414 0.281838 -0.248157 -0.195205 -0.462649
4 -0.207873 -0.579672 0.246484 -0.396113 -0.138501 -0.136628 0.116517 -0.128898 0.280010 0.224342 0.207130 0.347166 0.036491 -0.162048 0.282418 -0.231611 -0.198884 -0.463892
16 -0.206129 -0.588077 0.246907 -0.382020 -0.156501 -0.124037 0.165696 -0.156445 0.267371 0.243352 0.162896 0.351653 0.000417 -0.119674 0.313115 -0.247839 -0.236115 -0.480904
2 -0.180928 -0.617965 0.239431 -0.394413 -0.158081 -0.122773 0.162228 -0.147471 0.224431 0.241644 0.188605 0.359936 0.031673 -0.161163 0.294345 -0.257770 -0.247607 -0.449007
