18 18
8 -0.129821 -0.648125 0.145740 -0.178637 -0.176026 0.245097 0.376430 0.166030 0.408266 0.145786 0.139261 0.742340 -0.155452 -0.211526 0.396341 -0.327007 -0.338279 -0.283198
16 -0.275545 -0.538411 0.100656 -0.258046 -0.043087 0.146553 0.233348 0.054692 0.351224 0.013473 0.132886 0.686449 -0.151176 -0.086935 0.317534 -0.312895 -0.419605 -0.240406
11 -0.270620 -0.527073 0.095047 -0.229570 -0.015620 0.136664 0.190728 0.084585 0.358918 -0.021861 0.134145 0.642840 -0.148198 -0.081639 0.309589 -0.305833 -0.378883 -0.210576
14 -0.222325 -0.571660 0.140825 -0.244655 -0.066446 0.195813 0.260536 0.075447 0.328619 0.068986 0.118695 0.687487 -0.149864 -0.143129 0.325347 -0.289505 -0.357202 -0.245858
9 -0.269532 -0.524778 0.072701 -0.253719 -0.026986 0.148758 0.200301 0.072409 0.363424 0.000539 0.139682 0.657438 -0.134708 -0.125938 0.281506 -0.293401 -0.377680 -0.184169
4 -0.202408 -0.509399 0.096910 -0.206120 -0.049578 0.153615 0.222774 0.123932 0.359928 0.021360 0.164891 0.664725 -0.112068 -0.143552 0.307279 -0.295104 -0.349667 -0.241889
10 -0.157357 -0.591115 0.098619 -0.197042 -0.110175 0.238487 0.338799 0.138876 0.426577 0.061863 0.162706 0.736848 -0.151661 -0.172493 0.344476 -0.290619 -0.351147 -0.250560
17 -0.178609 -0.574759 0.116280 -0.183054 -0.136222 0.185577 0.326423 0.133940 0.406794 0.093866 0.146363 0.710944 -0.122691 -0.152622 0.320482 -0.277048 -0.348238 -0.281562
2 -0.190870 -0.549032 0.100885 -0.228153 -0.081578 0.173413 0.269730 0.103680 0.315375 0.047705 0.133449 0.673646 -0.119100 -0.152121 0.298269 -0.307372 -0.369265 -0.210227
7 -0.172998 -0.505725 0.066944 -0.210248 -0.083306 0.177624 0.242045 0.102011 0.371580 0.023941 0.116978 0.621033 -0.117653 -0.155641 0.310117 -0.268923 -0.322047 -0.215413
12 -0.292395 -0.542769 0.087955 -0.269673 -0.040657 0.129593 0.179904 0.030228 0.312071 0.017340 0.164546 0.668851 -0.136259 -0.077773 0.275010 -0.259919 -0.399259 -0.185956
5 -0.254052 -0.501950 0.046397 -0.245756 0.018860 0.115222 0.190172 0.015673 0.322931 -0.038101 0.148841 0.603821 -0.146665 -0.074822 0.267927 -0.293099 -0.363992 -0.190370
15 -0.270831 -0.489414 0.092486 -0.253014 -0.012203 0.154965 0.195904 0.019409 0.306860 -0.019127 0.137862 0.588163 -0.124315 -0.071990 0.273791 -0.274786 -0.371409 -0.199666
1 -0.311846 -0.541181 0.120395 -0.273558 -0.004285 0.101305 0.178901 0.069003 0.340083 -0.002297 0.127372 0.633010 -0.117418 -0.095955 0.255165 -0.296096 -0.362224 -0.209538
3 -0.309629 -0.533330 0.121052 -0.254790 -0.018078 0.142361 0.220156 0.053142 0.317662 -0.009305 0.160704 0.648668 -0.169382 -0.122411 0.286628 -0.318720 -0.371834 -0.238030
13 -0.180539 -0.515466 0.107537 -0.230276 -0.073824 0.159148 0.250193 0.070941 0.344438 0.058609 0.121629 0.610264 -0.115702 -0.160132 0.304995 -0.283370 -0.357475 -0.227727
6 -0.172295 -0.586320 0.130761 -0.178417 -0.117325 0.205419 0.319804 0.136779 0.365797 0.097794 0.152571 0.690718 -0.142325 -0.186784 0.349778 -0.291804 -0.359014 -0.277733
0 -0.005399 -0.014495 0.001279 -0.026652 -0.021820 0.016369 -0.010898 -0.008016 -0.006711 0.000758 0.022893 0.001004 0.004839 -0.000095 0.023655 -0.011355 0.019530 -0.003746
