18 18
3 -0.461770 -0.455760 0.400384 -0.370378 -0.025100 0.036327 0.119674 0.107604 0.219737 0.021104 0.073527 0.238823 -0.263806 -0.387293 0.253018 -0.410406 0.080796 -0.361086
4 -0.425570 -0.417504 0.375634 -0.347316 -0.010898 0.027302 0.076814 0.131494 0.234713 0.014873 0.071486 0.253814 -0.211160 -0.341769 0.247524 -0.371810 0.066505 -0.349441
1 -0.467696 -0.484326 0.421094 -0.396142 -0.003587 0.014117 0.101766 0.108117 0.257473 0.032154 0.033946 0.237382 -0.219881 -0.336385 0.237457 -0.393245 0.088304 -0.356391
9 -0.467727 -0.482708 0.363921 -0.407366 -0.040809 0.035359 0.101773 0.135646 0.291031 0.029850 0.066898 0.303916 -0.239113 -0.418278 0.269784 -0.415106 0.050764 -0.339535
5 -0.433051 -0.494889 0.346197 -0.382459 -0.005781 0.026193 0.142029 0.080809 0.282562 0.005990 0.084741 0.285719 -0.257211 -0.339070 0.269379 -0.413794 0.059366 -0.368859
6 -0.469928 -0.511463 0.427871 -0.379956 -0.032916 0.059283 0.120782 0.140241 0.257569 0.043717 0.064687 0.277650 -0.266187 -0.397630 0.308793 -0.415045 0.054305 -0.387421
10 -0.464564 -0.515314 0.390574 -0.404197 -0.020181 0.066122 0.137195 0.121790 0.303243 0.010406 0.074305 0.312442 -0.272995 -0.347596 0.274588 -0.400515 0.084141 -0.352951
2 -0.423622 -0.491274 0.377039 -0.400351 -0.036475 0.037442 0.119229 0.144891 0.248805 0.019028 0.049530 0.299008 -0.223437 -0.377351 0.268865 -0.429515 0.060398 -0.335697
12 -0.440070 -0.477225 0.362036 -0.388731 -0.052185 0.034438 0.092145 0.083915 0.231357 0.048155 0.074681 0.290025 -0.232563 -0.328554 0.261642 -0.358638 0.036628 -0.319796
14 -0.464398 -0.499379 0.424387 -0.409409 -0.009472 0.050543 0.097022 0.099837 0.247613 0.044727 0.023678 0.280924 -0.259638 -0.351853 0.270710 -0.386244 0.089990 -0.356835
8 -0.438186 -0.493849 0.404006 -0.373120 -0.043270 0.047696 0.117028 0.126915 0.251553 0.045518 0.039673 0.261226 -0.256971 -0.355621 0.288615 -0.417282 0.086704 -0.344432
11 -0.456469 -0.481242 0.395158 -0.355328 -0.011764 0.035442 0.086445 0.135923 0.260257 0.006741 0.050302 0.264660 -0.259232 -0.329992 0.295939 -0.410804 0.050665 -0.347075
0 -0.450801 -0.486495 0.386207 -0.409006 -0.041561 0.051461 0.098149 0.104007 0.249119 0.025863 0.081296 0.267133 -0.233798 -0.348180 0.279727 -0.402592 0.096158 -0.352399
15 -0.463403 -0.483463 0.401701 -0.405196 -0.018425 0.075111 0.125839 0.062368 0.240319 0.019326 0.063984 0.260577 -0.239904 -0.319921 0.271317 -0.388692 0.041746 -0.353639
16 -0.476918 -0.496487 0.418676 -0.411229 -0.035045 0.044943 0.136577 0.106720 0.272963 0.033786 0.039656 0.294651 -0.264420 -0.346434 0.301584 -0.430476 0.048977 -0.397424
7 -0.406569 -0.462483 0.346469 -0.385578 -0.054619 0.057314 0.112529 0.115554 0.275609 0.023707 0.042212 0.272025 -0.224100 -0.374669 0.276712 -0.376520 0.071290 -0.338464
13 -0.418667 -0.467119 0.385286 -0.398578 -0.040026 0.037695 0.118818 0.089226 0.254450 0.046115 0.048943 0.247984 -0.229426 -0.376970 0.274462 -0.397120 0.043239 -0.351127
17 -0.002915 -0.006397 0.005624 0.018021 -0.026928 -0.018564 0.015689 0.014203 0.025956 0.022864 0.010492 0.027524 0.013101 0.016295 -0.014503 0.021066 0.000664 -0.026546
