18 18
3 -0.441916 -0.508606 0.325971 -0.256470 0.002903 -0.096079 0.000508 0.252172 0.351484 -0.057682 0.044156 0.291149 -0.105401 -0.151514 0.266339 -0.430981 -0.029628 -0.298201
9 -0.431549 -0.518695 0.225266 -0.288612 -0.018700 -0.109649 -0.022878 0.244905 0.485072 -0.043511 0.041256 0.381537 -0.037469 -0.093199 0.257167 -0.382945 -0.124696 -0.224847
1 -0.437511 -0.535186 0.282915 -0.302772 -0.002049 -0.132305 -0.033730 0.254860 0.473733 -0.041608 0.018980 0.350178 -0.035144 -0.086981 0.271740 -0.404172 -0.091595 -0.271293
11 -0.495744 -0.606336 0.318920 -0.293672 0.017326 -0.128732 -0.062919 0.285343 0.500853 -0.089731 0.041660 0.376840 -0.110802 -0.077430 0.369521 -0.472600 -0.117339 -0.302230
2 -0.436935 -0.564654 0.294675 -0.320048 -0.029980 -0.109155 -0.020861 0.282192 0.436790 -0.043631 0.025513 0.380505 -0.032623 -0.114679 0.280956 -0.444438 -0.097469 -0.261290
8 -0.465062 -0.607890 0.331028 -0.304404 -0.027430 -0.102383 -0.012814 0.270109 0.470932 -0.030960 0.021832 0.366083 -0.092284 -0.101749 0.343559 -0.463496 -0.082155 -0.293230
10 -0.438623 -0.556639 0.275612 -0.285741 0.003498 -0.086046 -0.010235 0.250672 0.480704 -0.069811 0.055746 0.371726 -0.087757 -0.080763 0.295198 -0.401784 -0.088971 -0.266825
0 -0.461613 -0.563451 0.273351 -0.345435 -0.059590 -0.091996 -0.049507 0.227511 0.462192 -0.031250 0.053784 0.376228 -0.023657 -0.060731 0.300189 -0.405476 -0.100243 -0.261421
14 -0.476358 -0.589117 0.328947 -0.332819 0.002933 -0.105500 -0.052805 0.261986 0.469373 -0.039928 0.011855 0.390601 -0.079892 -0.099314 0.324127 -0.436010 -0.083441 -0.291584
5 -0.400079 -0.516558 0.232989 -0.260805 0.013869 -0.104452 0.000609 0.207598 0.434339 -0.069535 0.064358 0.342867 -0.083679 -0.088907 0.289127 -0.409758 -0.099364 -0.282012
4 -0.395904 -0.450630 0.268372 -0.227496 0.012195 -0.111671 -0.035716 0.268934 0.393373 -0.060072 0.057872 0.314207 -0.049761 -0.111116 0.246316 -0.380777 -0.053427 -0.278301
15 -0.505895 -0.596040 0.295997 -0.355037 -0.027021 -0.095289 -0.009281 0.222133 0.531349 -0.055106 0.043320 0.419953 -0.036059 -0.045671 0.339598 -0.449964 -0.187942 -0.321078
17 -0.448028 -0.560611 0.287629 -0.291935 -0.056150 -0.126972 -0.008747 0.264916 0.489679 -0.010121 0.035394 0.400108 -0.031654 -0.067649 0.273956 -0.391295 -0.104236 -0.293997
6 -0.382117 -0.492458 0.293661 -0.211678 0.002704 -0.079034 -0.001576 0.266846 0.362757 -0.047430 0.040629 0.287371 -0.093753 -0.130732 0.286039 -0.389721 -0.055839 -0.284563
7 -0.408853 -0.523646 0.265119 -0.278218 -0.021069 -0.085417 -0.014245 0.252865 0.446736 -0.061622 0.029422 0.340553 -0.072723 -0.135614 0.310888 -0.409972 -0.075834 -0.283960
12 -0.488002 -0.599442 0.284530 -0.337692 -0.028172 -0.131170 -0.054543 0.222255 0.485350 -0.035402 0.075208 0.422400 -0.074414 -0.068095 0.323976 -0.412939 -0.153046 -0.272362
16 -0.482536 -0.580027 0.287746 -0.345101 -0.056887 -0.123788 -0.006443 0.241290 0.545647 -0.027091 0.009963 0.442332 -0.040096 -0.022120 0.355655 -0.453282 -0.192067 -0.335148
13 -0.443479 -0.568300 0.302844 -0.325580 -0.015918 -0.118739 -0.022818 0.228434 0.485054 -0.036417 0.029774 0.359447 -0.066410 -0.113534 0.336369 -0.441546 -0.140131 -0.304322
