18 18
13 -0.343101 -0.442098 0.233517 -0.317900 -0.032412 -0.076703 0.060714 0.002101 0.316459 -0.017539 0.134479 0.284579 -0.052224 -0.121757 0.350798 -0.391434 -0.335053 -0.375784
3 -0.349858 -0.435518 0.224766 -0.284462 0.034953 -0.060418 0.121571 0.056293 0.319770 -0.104854 0.203120 0.293985 -0.089094 -0.221739 0.312574 -0.461872 -0.259685 -0.397138
12 -0.459800 -0.546789 0.275098 -0.363012 -0.058385 -0.105256 0.025184 0.011495 0.344916 -0.006434 0.182083 0.385657 -0.079979 -0.072804 0.401001 -0.424724 -0.393125 -0.409429
0 -0.360854 -0.468707 0.219315 -0.334360 -0.051676 -0.057556 0.061200 0.031881 0.326306 -0.045421 0.197093 0.326165 -0.054473 -0.136979 0.375734 -0.430516 -0.284189 -0.387119
8 -0.338942 -0.464120 0.232360 -0.290258 -0.018951 -0.056646 0.091850 0.050981 0.320331 -0.041768 0.159594 0.307936 -0.074021 -0.156613 0.349105 -0.437271 -0.283842 -0.375496
1 -0.366771 -0.482891 0.232867 -0.323895 0.027290 -0.090575 0.084801 0.070325 0.368035 -0.082358 0.178351 0.312028 -0.036453 -0.195925 0.328059 -0.459337 -0.292022 -0.400872
11 -0.442257 -0.526319 0.269616 -0.331093 -0.025728 -0.095380 0.033051 0.041986 0.366801 -0.051543 0.156408 0.351613 -0.092186 -0.075428 0.416262 -0.455313 -0.371680 -0.411000
7 -0.322876 -0.463891 0.172487 -0.319191 0.020438 -0.053728 0.116317 0.070476 0.430077 -0.126113 0.225062 0.354102 -0.051061 -0.239178 0.391047 -0.483917 -0.325700 -0.449708
10 -0.372427 -0.481503 0.222747 -0.310759 -0.011768 -0.052524 0.081138 0.042362 0.355880 -0.061506 0.165098 0.339694 -0.083603 -0.110162 0.343796 -0.409335 -0.307219 -0.357955
4 -0.294871 -0.396666 0.163897 -0.264758 0.121978 -0.057177 0.123107 0.109538 0.414036 -0.196400 0.296798 0.348356 -0.036614 -0.282602 0.339211 -0.519435 -0.304019 -0.463824
2 -0.332093 -0.467912 0.216852 -0.316015 0.006136 -0.060847 0.110216 0.068813 0.326110 -0.085113 0.181422 0.333026 -0.051918 -0.203801 0.331413 -0.464420 -0.318859 -0.365351
9 -0.356927 -0.464766 0.188732 -0.315171 0.039477 -0.061981 0.103427 0.074395 0.396738 -0.114052 0.225949 0.353448 -0.051077 -0.234110 0.337596 -0.476566 -0.323387 -0.387602
6 -0.301860 -0.446042 0.171448 -0.261006 0.095891 -0.046182 0.155920 0.098715 0.419739 -0.168045 0.279467 0.340211 -0.070174 -0.275540 0.363499 -0.503631 -0.317240 -0.467531
17 -0.376274 -0.483957 0.237920 -0.301135 -0.044523 -0.091319 0.086603 0.048608 0.363916 -0.028362 0.184354 0.353298 -0.052016 -0.118441 0.344455 -0.413198 -0.319858 -0.415904
15 -0.354000 -0.454338 0.206388 -0.317042 0.060096 -0.031146 0.119927 0.022755 0.372753 -0.133110 0.240051 0.325857 -0.055692 -0.192476 0.356380 -0.470475 -0.340461 -0.423660
5 -0.309010 -0.445303 0.141422 -0.283647 0.089814 -0.069941 0.136507 0.029657 0.416634 -0.154615 0.260948 0.354833 -0.074877 -0.198348 0.354179 -0.481155 -0.330285 -0.440953
16 -0.388787 -0.461196 0.249905 -0.313746 -0.028162 -0.080892 0.076383 0.028671 0.333637 -0.039089 0.145286 0.332969 -0.078687 -0.094857 0.379500 -0.438271 -0.357357 -0.414619
14 -0.369664 -0.473767 0.246584 -0.327189 0.016872 -0.057814 0.059833 0.038053 0.320974 -0.052359 0.150462 0.333347 -0.067263 -0.153710 0.338952 -0.422626 -0.292070 -0.383977
