18 18
9 -0.175447 -0.401207 0.046563 0.007053 -0.206529 0.265476 0.537446 0.308814 0.645448 -0.242821 0.291738 0.335380 -0.201491 -0.256960 0.511017 -0.582336 -0.000621 -0.631372
5 -0.132565 -0.462728 -0.007568 -0.022793 -0.137329 0.280258 0.575667 0.164234 0.546763 -0.243789 0.307362 0.426946 -0.239029 -0.134827 0.417171 -0.464713 -0.055749 -0.544722
6 -0.146827 -0.433248 0.054253 0.036733 -0.172030 0.298697 0.601961 0.255664 0.566119 -0.246025 0.299427 0.359529 -0.228775 -0.166028 0.458630 -0.505527 -0.042179 -0.605977
3 -0.244287 -0.441876 0.163418 -0.048597 -0.179754 0.280449 0.516075 0.221560 0.479360 -0.200564 0.254517 0.310732 -0.237833 -0.206439 0.443109 -0.509191 0.035118 -0.607084
7 -0.141271 -0.394944 0.072735 -0.034445 -0.240618 0.272632 0.466313 0.277691 0.565777 -0.182961 0.223783 0.307901 -0.184438 -0.269700 0.506434 -0.511132 0.061451 -0.606608
16 -0.190351 -0.423980 0.105052 -0.037108 -0.188613 0.263669 0.508700 0.216875 0.512529 -0.184309 0.231207 0.363459 -0.216945 -0.157374 0.468937 -0.492658 -0.032236 -0.595780
15 -0.227920 -0.436426 0.126366 -0.071660 -0.159551 0.281244 0.482389 0.176706 0.482698 -0.193765 0.250680 0.329539 -0.194909 -0.156636 0.439394 -0.474578 -0.029784 -0.564252
8 -0.191703 -0.452847 0.124174 -0.029697 -0.196440 0.272436 0.504106 0.230348 0.515227 -0.172173 0.232864 0.338087 -0.229902 -0.181357 0.473333 -0.506871 0.020848 -0.577834
12 -1.296044 -1.582125 1.254191 -1.295210 -0.155639 0.481019 -0.348056 -0.684046 -0.427490 0.716994 -0.126910 1.304141 -0.709491 -0.005178 0.622884 0.074807 0.023975 -0.508701
14 -1.316574 -1.582408 1.333372 -1.363333 -0.102068 0.492494 -0.444096 -0.737489 -0.530001 0.776981 -0.239211 1.294986 -0.715223 0.001653 0.594093 0.134624 0.071828 -0.461378
10 -0.146358 -0.485219 0.011304 -0.032050 -0.130404 0.351035 0.620944 0.145447 0.541700 -0.259551 0.310508 0.472687 -0.272188 -0.068919 0.375473 -0.404432 -0.056958 -0.494859
0 -0.169499 -0.406862 0.093240 -0.050170 -0.215188 0.276403 0.472470 0.231763 0.507825 -0.185979 0.264241 0.309231 -0.191238 -0.207617 0.483619 -0.501911 0.046666 -0.584922
2 -0.152043 -0.515512 0.058557 -0.078667 -0.162991 0.335833 0.583332 0.159672 0.437185 -0.208736 0.264939 0.485623 -0.247452 -0.124957 0.394574 -0.434878 -0.062457 -0.494373
11 -0.210211 -0.428378 0.112444 -0.014818 -0.170565 0.239226 0.461553 0.270935 0.551735 -0.217570 0.239368 0.326056 -0.208636 -0.182319 0.488972 -0.529102 -0.000989 -0.598101
17 -0.180831 -0.442584 0.080931 -0.006410 -0.184978 0.262483 0.552470 0.209043 0.528412 -0.188921 0.272434 0.391156 -0.203655 -0.119356 0.399088 -0.433710 -0.036992 -0.570541
1 -0.217875 -0.460260 0.146613 -0.062899 -0.209594 0.240572 0.465910 0.278317 0.551951 -0.169039 0.223642 0.309971 -0.187519 -0.257047 0.489593 -0.538478 0.068762 -0.632740
4 -0.189097 -0.391057 0.103647 -0.041504 -0.155720 0.239940 0.422424 0.238053 0.490165 -0.194224 0.258395 0.350384 -0.177743 -0.184471 0.432593 -0.463678 0.013934 -0.567154
13 0.019096 0.002747 0.009678 -0.019404 -0.008210 -0.004883 0.008138 -0.018294 0.006568 0.019257 -0.015253 -0.018294 0.012156 -0.023377 0.007956 -0.002520 -0.021393 -0.009389
