18 18
17 -0.302021 -0.391238 0.229650 -0.074101 -0.055814 -0.031665 0.195842 0.250790 0.487615 -0.014552 0.293929 0.558030 0.054416 -0.080236 0.061953 -0.121585 -0.127407 -0.469302
6 -0.297839 -0.427946 0.214639 -0.068599 -0.034676 -0.007371 0.224879 0.262621 0.517523 -0.036469 0.334579 0.593260 0.027938 -0.119160 0.103170 -0.154465 -0.161500 -0.506180
11 -0.324379 -0.426701 0.221745 -0.087239 -0.014888 -0.024999 0.180365 0.259538 0.520748 -0.065821 0.313961 0.583792 0.023977 -0.086400 0.111041 -0.176237 -0.155863 -0.479172
9 -0.312685 -0.412228 0.189433 -0.105537 -0.035800 -0.019339 0.211249 0.238709 0.528411 -0.039382 0.317709 0.597690 0.032324 -0.126410 0.068234 -0.162344 -0.156602 -0.455643
7 -0.269997 -0.411923 0.213458 -0.101654 -0.060116 0.000936 0.237070 0.282173 0.544871 -0.057808 0.308135 0.588171 0.060592 -0.173149 0.093772 -0.168392 -0.117752 -0.518880
3 -0.332219 -0.401874 0.261560 -0.099131 -0.015781 -0.027541 0.233038 0.258006 0.475063 -0.065782 0.322275 0.543303 0.017261 -0.163499 0.049332 -0.196076 -0.090893 -0.511215
2 -0.279379 -0.405203 0.225820 -0.108175 -0.047138 -0.029482 0.240819 0.292371 0.482159 -0.060255 0.308924 0.584490 0.070374 -0.179575 0.048854 -0.207444 -0.125593 -0.492700
4 -0.294176 -0.374507 0.219531 -0.086075 -0.014910 -0.040473 0.180328 0.286959 0.498467 -0.065435 0.335419 0.571834 0.070882 -0.142976 0.070325 -0.181124 -0.122960 -0.509671
5 -0.279447 -0.440534 0.170765 -0.100406 -0.014837 -0.015592 0.257436 0.202655 0.550642 -0.069419 0.340631 0.606850 0.010140 -0.111137 0.096101 -0.179816 -0.149458 -0.501199
1 -0.323902 -0.414023 0.253345 -0.117245 -0.010746 -0.051224 0.213137 0.280339 0.498420 -0.059998 0.287201 0.537692 0.054595 -0.163711 0.037388 -0.201596 -0.092412 -0.496779
10 -0.294818 -0.416146 0.200314 -0.087559 -0.022673 0.012803 0.234609 0.250972 0.541646 -0.067221 0.345228 0.608743 0.023637 -0.103212 0.071988 -0.139362 -0.137819 -0.479150
8 -0.285518 -0.440901 0.220030 -0.089966 -0.061307 -0.009357 0.235754 0.241895 0.507689 -0.021350 0.301826 0.583147 0.019411 -0.110543 0.101768 -0.179380 -0.124690 -0.476809
14 -0.322715 -0.430243 0.255645 -0.115100 -0.011795 -0.000865 0.194095 0.237128 0.484986 -0.034934 0.287764 0.580246 0.023188 -0.108982 0.084553 -0.149235 -0.121519 -0.481631
15 -0.338922 -0.436685 0.239746 -0.120070 -0.019496 0.007503 0.228167 0.224500 0.519900 -0.059465 0.335914 0.586238 0.037551 -0.105843 0.090608 -0.172996 -0.162758 -0.500276
12 -0.305147 -0.416052 0.190422 -0.107292 -0.049312 -0.026032 0.187963 0.196801 0.472683 -0.019766 0.330543 0.584501 0.026105 -0.089181 0.081546 -0.129895 -0.168472 -0.447271
13 -0.278094 -0.422897 0.214284 -0.116187 -0.046543 -0.019370 0.232910 0.214817 0.530285 -0.021219 0.305981 0.576647 0.046138 -0.128203 0.093235 -0.161222 -0.171629 -0.492587
16 -0.003066 0.009981 0.006043 0.000869 -0.007381 -0.001770 0.017455 -0.006904 0.000948 0.004908 -0.016488 0.011175 -0.012361 0.022003 0.021550 -0.015661 -0.025305 -0.027720
0 -0.005399 -0.014495 0.001279 -0.026652 -0.021820 0.016369 -0.010898 -0.008016 -0.006711 0.000758 0.022893 0.001004 0.004839 -0.000095 0.023655 -0.011355 0.019530 -0.003746
