18 18
2 -0.377620 -0.363546 0.305162 -0.203195 -0.140737 -0.021546 0.197552 0.219182 0.264327 -0.068887 0.048638 0.353205 -0.170249 -0.249570 0.342010 -0.471421 -0.146168 -0.536201
16 -0.397196 -0.321608 0.296329 -0.227911 -0.163876 0.045955 0.233736 0.181220 0.305846 -0.095903 0.031740 0.316005 -0.151536 -0.158646 0.337699 -0.430361 -0.132443 -0.522334
12 -0.404039 -0.417362 0.302865 -0.211187 -0.111072 -0.085849 0.114543 0.102495 0.221110 0.006817 0.106539 0.410481 -0.242848 -0.183497 0.398303 -0.406309 -0.168766 -0.522611
9 -0.397319 -0.337412 0.272443 -0.210072 -0.136135 0.004632 0.201813 0.191346 0.315887 -0.073871 0.066644 0.353767 -0.172676 -0.222567 0.316517 -0.430422 -0.136740 -0.508817
8 -0.379337 -0.373718 0.301485 -0.163741 -0.139833 -0.016006 0.190117 0.195979 0.280302 -0.037863 0.050465 0.345655 -0.214536 -0.179189 0.372554 -0.446936 -0.105221 -0.520619
1 -0.403577 -0.357858 0.307322 -0.229596 -0.131858 -0.016500 0.190502 0.197238 0.306547 -0.068970 0.037625 0.312337 -0.141819 -0.210695 0.306876 -0.431714 -0.097332 -0.517267
3 -0.412394 -0.336749 0.325527 -0.186253 -0.118642 -0.015491 0.203170 0.179775 0.256925 -0.064883 0.068967 0.313511 -0.211291 -0.224835 0.315780 -0.442355 -0.091870 -0.546080
11 -0.377107 -0.337606 0.286588 -0.156671 -0.111258 -0.020572 0.158511 0.214421 0.285713 -0.085579 0.042214 0.313166 -0.183387 -0.169117 0.345362 -0.433670 -0.122979 -0.503189
13 -0.349521 -0.361579 0.303665 -0.216187 -0.119308 -0.061327 0.166184 0.143972 0.259609 -0.010947 0.047561 0.343207 -0.193210 -0.252510 0.373627 -0.441571 -0.160566 -0.535071
0 -0.405200 -0.369401 0.299103 -0.233036 -0.159614 0.017645 0.182319 0.170095 0.284988 -0.069282 0.082314 0.338021 -0.173657 -0.184193 0.359386 -0.434534 -0.104084 -0.519035
15 -0.414830 -0.330381 0.312382 -0.223188 -0.125712 0.052377 0.220383 0.135344 0.267657 -0.087599 0.063188 0.284527 -0.153878 -0.158798 0.292304 -0.403075 -0.119772 -0.507562
17 -0.387295 -0.346340 0.299797 -0.187805 -0.164344 -0.009414 0.221290 0.180398 0.309137 -0.039834 0.059585 0.345352 -0.163815 -0.172937 0.305743 -0.395073 -0.113389 -0.534788
7 -0.369598 -0.346995 0.274581 -0.216672 -0.177675 0.032674 0.211631 0.206208 0.328913 -0.079766 0.041735 0.341926 -0.165807 -0.232665 0.371407 -0.431430 -0.114993 -0.533222
4 -0.407602 -0.356325 0.314699 -0.197386 -0.111180 -0.054258 0.163501 0.209999 0.293100 -0.068659 0.090814 0.377075 -0.188379 -0.234072 0.367687 -0.473352 -0.130607 -0.584369
5 -0.369751 -0.402125 0.264660 -0.202084 -0.083888 -0.066064 0.175975 0.122765 0.283995 -0.051985 0.088171 0.391239 -0.235697 -0.199617 0.386401 -0.454692 -0.149595 -0.539096
14 -0.420354 -0.408979 0.347571 -0.234108 -0.102235 -0.041179 0.152589 0.155699 0.255744 -0.028186 0.049508 0.392671 -0.227963 -0.223615 0.382407 -0.453356 -0.129084 -0.565813
10 -0.384922 -0.344984 0.279065 -0.206097 -0.130741 0.050346 0.213554 0.173290 0.310334 -0.096737 0.070941 0.337493 -0.179095 -0.159143 0.325644 -0.387669 -0.110164 -0.483878
6 -0.373246 -0.361231 0.303509 -0.171248 -0.123597 -0.018616 0.197061 0.201636 0.277756 -0.052754 0.064040 0.343742 -0.198228 -0.231283 0.366688 -0.445413 -0.140663 -0.558553
