18 18
16 -0.226908 -0.326123 0.135240 -0.225097 -0.156904 0.137316 0.347508 -0.176085 0.238399 0.080376 0.068367 0.550930 -0.225828 0.227135 0.321424 -0.105799 -0.347560 -0.470574
7 -0.239737 -0.392088 0.134147 -0.279448 -0.191656 0.185181 0.375759 -0.169399 0.277710 0.068899 0.086576 0.604786 -0.221813 0.175316 0.352224 -0.118457 -0.344005 -0.504089
3 -0.280314 -0.369977 0.192603 -0.255481 -0.161119 0.140651 0.403395 -0.176575 0.198294 0.097207 0.086035 0.560933 -0.244117 0.122345 0.290877 -0.157912 -0.320111 -0.530173
2 -0.266752 -0.417057 0.173591 -0.282496 -0.174792 0.162360 0.396980 -0.147694 0.240896 0.065336 0.093756 0.637941 -0.230455 0.199988 0.328330 -0.168847 -0.353201 -0.498742
0 -0.307106 -0.450408 0.134580 -0.306151 -0.155111 0.229499 0.242959 -0.134903 0.363454 -0.065899 0.183610 0.670935 -0.297297 0.433031 0.448494 -0.105554 -0.272932 -0.409887
11 -0.314438 -0.430583 0.140757 -0.255391 -0.102399 0.179731 0.226227 -0.089745 0.385482 -0.081594 0.131986 0.661175 -0.305067 0.431148 0.426261 -0.104319 -0.302633 -0.403608
12 -0.274521 -0.388618 0.134993 -0.267998 -0.160023 0.156586 0.277845 -0.179400 0.261489 0.047210 0.131523 0.607497 -0.246594 0.294985 0.345379 -0.071840 -0.334192 -0.414433
4 -0.267886 -0.367041 0.163771 -0.252372 -0.148692 0.137179 0.368694 -0.149739 0.255502 0.069112 0.112027 0.611758 -0.219722 0.180643 0.318886 -0.140496 -0.349107 -0.535609
1 -0.304392 -0.421179 0.166796 -0.282585 -0.117528 0.149248 0.268358 -0.110095 0.327278 -0.007065 0.097988 0.604459 -0.240085 0.302857 0.344277 -0.111138 -0.279522 -0.428150
5 -0.232928 -0.387352 0.115814 -0.250043 -0.141910 0.145011 0.377950 -0.202067 0.252490 0.065717 0.108705 0.574033 -0.232992 0.188169 0.320899 -0.135993 -0.343805 -0.480306
6 -0.240193 -0.375406 0.145272 -0.222491 -0.155806 0.165920 0.357155 -0.147603 0.253627 0.065786 0.108155 0.574335 -0.236783 0.205977 0.339015 -0.111128 -0.340803 -0.475343
14 -0.252678 -0.377420 0.164428 -0.277522 -0.141927 0.180844 0.299835 -0.179751 0.241179 0.066808 0.066016 0.576567 -0.234576 0.239838 0.332788 -0.075841 -0.299798 -0.441963
10 -0.265507 -0.392746 0.118270 -0.241108 -0.108787 0.205291 0.297086 -0.118558 0.356116 -0.051136 0.138946 0.633617 -0.285256 0.368597 0.354971 -0.075543 -0.284000 -0.400701
13 -0.233037 -0.367275 0.154686 -0.272360 -0.167364 0.159843 0.341975 -0.192162 0.266202 0.085584 0.080825 0.566352 -0.225468 0.208815 0.341845 -0.098530 -0.349533 -0.467854
8 -0.265790 -0.415571 0.175990 -0.250219 -0.169027 0.159677 0.364097 -0.131458 0.253148 0.069511 0.086625 0.585812 -0.248323 0.199243 0.329366 -0.158974 -0.287729 -0.461395
9 -0.288163 -0.407601 0.147617 -0.285473 -0.171647 0.173020 0.373314 -0.157366 0.290158 0.065509 0.104721 0.645164 -0.242292 0.190520 0.340640 -0.142862 -0.358599 -0.491599
15 -0.279320 -0.393693 0.173830 -0.283634 -0.158884 0.191565 0.372193 -0.202417 0.247115 0.067247 0.103411 0.581799 -0.230020 0.213494 0.338477 -0.123704 -0.352218 -0.495567
17 -0.262756 -0.381726 0.167381 -0.237944 -0.190001 0.135795 0.386979 -0.153675 0.274154 0.101370 0.095676 0.612768 -0.217716 0.213895 0.302642 -0.103096 -0.335748 -0.512415
