18 18
8 -0.327054 -0.573859 0.089934 -0.181634 -0.279277 -0.071262 0.226553 0.041540 0.416034 0.101811 0.337932 0.617245 -0.103377 0.013593 0.168685 -0.106839 -0.182958 -0.330290
10 -0.314392 -0.520332 0.064717 -0.174208 -0.223099 -0.034730 0.227565 0.027824 0.422647 0.048117 0.349417 0.605483 -0.115145 0.046311 0.131732 -0.067429 -0.187763 -0.295334
13 -0.409940 -0.616082 0.139295 -0.240514 -0.238486 -0.090626 0.225134 0.032241 0.484874 0.080993 0.349932 0.680046 -0.114200 0.025910 0.181240 -0.133588 -0.259641 -0.386079
12 -0.393937 -0.580393 0.099932 -0.214825 -0.252672 -0.094253 0.183729 0.009710 0.408259 0.089558 0.371379 0.658373 -0.111120 0.053552 0.161637 -0.088412 -0.246568 -0.340731
9 -0.405634 -0.507863 0.115811 -0.184007 -0.152620 -0.049719 0.179083 0.068510 0.450962 0.013586 0.280525 0.602160 -0.130360 0.059331 0.158757 -0.137959 -0.226512 -0.304916
4 -0.396462 -0.541206 0.116787 -0.193282 -0.195574 -0.085713 0.188001 0.068613 0.453899 0.027965 0.379086 0.668784 -0.105296 0.046162 0.161010 -0.127681 -0.227136 -0.370173
11 -0.429020 -0.486880 0.158721 -0.157101 -0.094988 -0.057513 0.140901 0.077566 0.427219 -0.032929 0.231217 0.543152 -0.154075 0.129051 0.188419 -0.164048 -0.233094 -0.313781
1 -0.402131 -0.527371 0.148814 -0.194118 -0.142177 -0.078556 0.170750 0.070815 0.429639 0.018790 0.248452 0.550402 -0.104382 0.062042 0.139838 -0.136353 -0.194102 -0.316179
2 -0.316763 -0.530186 0.083732 -0.189858 -0.226143 -0.048199 0.217215 0.059124 0.389431 0.047950 0.314640 0.613613 -0.088215 0.017473 0.152404 -0.123919 -0.216978 -0.310161
5 -0.333184 -0.554525 0.054825 -0.185734 -0.202443 -0.079627 0.229364 0.007341 0.438668 0.039677 0.353845 0.630146 -0.118454 0.043366 0.173347 -0.135294 -0.225970 -0.354739
7 -0.252038 -0.523924 0.018325 -0.183922 -0.307564 -0.057547 0.229109 0.024110 0.417426 0.090088 0.353751 0.600626 -0.068068 -0.029192 0.159561 -0.066768 -0.179787 -0.320857
17 -0.349902 -0.599355 0.080068 -0.193017 -0.316984 -0.108322 0.238264 0.038080 0.456746 0.121250 0.388776 0.687483 -0.073950 0.025868 0.144982 -0.072931 -0.212867 -0.379424
3 -0.410275 -0.573510 0.131275 -0.202216 -0.235880 -0.086380 0.228502 0.026268 0.405546 0.057047 0.378157 0.632896 -0.138884 0.006782 0.150697 -0.131677 -0.193830 -0.378012
15 -0.409677 -0.511537 0.147821 -0.196519 -0.142366 -0.021316 0.189402 0.026388 0.410382 -0.000168 0.283331 0.560967 -0.127290 0.094109 0.172010 -0.136917 -0.233793 -0.325684
0 -0.343881 -0.568026 0.079962 -0.220523 -0.269803 -0.055244 0.200571 0.017910 0.403763 0.075413 0.381182 0.629621 -0.093831 0.027797 0.178360 -0.107604 -0.189343 -0.340808
6 -0.336188 -0.507065 0.105183 -0.151791 -0.182868 -0.044159 0.203588 0.060598 0.407731 0.042932 0.299538 0.560300 -0.116295 0.037423 0.167367 -0.109308 -0.215139 -0.328406
16 -0.379044 -0.476195 0.131622 -0.172703 -0.157847 -0.044886 0.191436 0.038957 0.403971 0.018569 0.259445 0.568044 -0.136717 0.105968 0.179901 -0.136295 -0.236844 -0.336031
14 -0.419594 -0.538137 0.170276 -0.208909 -0.135094 -0.053252 0.160191 0.042090 0.398923 0.032192 0.256628 0.602860 -0.140193 0.076334 0.161385 -0.128453 -0.202840 -0.329140
