18 18
12 -0.405500 -0.583979 0.302645 -0.562992 -0.213021 0.017385 -0.157918 -0.198900 0.087408 0.380554 0.068037 0.480746 -0.123307 -0.197197 0.144619 0.075857 -0.174560 0.017749
9 -0.415926 -0.586769 0.302184 -0.570099 -0.176062 0.027296 -0.151067 -0.150754 0.129476 0.349689 0.051753 0.487822 -0.133487 -0.265382 0.138100 0.030450 -0.150751 0.017629
0 -0.342922 -0.535953 0.338378 -0.480181 -0.222497 0.042588 -0.075010 -0.031384 0.085477 0.267484 0.082612 0.417679 -0.089434 -0.284962 0.214681 -0.069569 0.002300 -0.186624
3 -0.410778 -0.574336 0.437342 -0.512222 -0.099258 0.008201 -0.078082 0.028764 0.044909 0.206619 0.054349 0.394426 -0.172637 -0.508898 0.192414 -0.157943 0.068407 -0.263578
10 -0.408747 -0.608374 0.319150 -0.563859 -0.172379 0.060938 -0.122961 -0.139282 0.143369 0.322449 0.065373 0.506982 -0.164674 -0.264893 0.157108 0.037798 -0.115610 -0.015055
14 -0.431437 -0.619444 0.364554 -0.624436 -0.157428 0.036657 -0.177108 -0.191746 0.073307 0.384959 0.016320 0.488623 -0.150230 -0.292302 0.142523 0.052700 -0.131845 0.005088
17 -0.361273 -0.549967 0.307634 -0.487761 -0.221378 0.016407 -0.097732 -0.110710 0.127826 0.342950 0.053284 0.461862 -0.102760 -0.210950 0.144364 0.045422 -0.106846 -0.071437
8 -0.388718 -0.608122 0.363444 -0.526891 -0.216669 0.038720 -0.094166 -0.088566 0.094678 0.343311 0.045585 0.455214 -0.133029 -0.270653 0.196025 -0.036910 -0.061159 -0.089618
4 -0.415887 -0.588179 0.426499 -0.551767 -0.109089 -0.017419 -0.138475 0.023335 0.070808 0.240853 0.085586 0.482118 -0.123232 -0.487275 0.202229 -0.124879 0.014976 -0.256873
1 -0.425616 -0.614855 0.415770 -0.560788 -0.140438 -0.007166 -0.118161 -0.024473 0.095228 0.280774 0.042038 0.447878 -0.116425 -0.400221 0.179641 -0.086643 -0.010517 -0.184897
11 -0.417441 -0.612586 0.345165 -0.543041 -0.163498 0.018702 -0.147637 -0.093973 0.125407 0.299521 0.047765 0.475823 -0.151137 -0.281519 0.202179 -0.025123 -0.116405 -0.072819
13 -0.371797 -0.573506 0.336195 -0.569827 -0.194749 0.019410 -0.127890 -0.167345 0.098289 0.365888 0.030953 0.433029 -0.116528 -0.278669 0.162187 0.021839 -0.142880 -0.036302
7 -0.351914 -0.563220 0.332671 -0.521371 -0.165585 0.037976 -0.103723 -0.037523 0.110341 0.259348 0.036877 0.447878 -0.123920 -0.393852 0.208033 -0.056747 -0.033903 -0.154875
6 -0.386503 -0.590125 0.388111 -0.517241 -0.137656 0.018607 -0.108689 -0.036817 0.066025 0.289524 0.056521 0.448354 -0.143279 -0.405921 0.202874 -0.066438 -0.046405 -0.174168
2 -0.365607 -0.583108 0.375167 -0.539316 -0.152964 0.008941 -0.105349 -0.026001 0.045094 0.274892 0.040499 0.462633 -0.111238 -0.403835 0.184988 -0.089210 -0.047864 -0.154588
16 -0.356539 -0.537733 0.350987 -0.489395 -0.207223 0.022735 -0.069009 -0.066836 0.087901 0.299951 0.032835 0.438572 -0.118529 -0.267407 0.204461 -0.050377 -0.070243 -0.169492
15 -0.439604 -0.633663 0.374547 -0.592962 -0.191064 0.067510 -0.112413 -0.133605 0.100213 0.327468 0.070560 0.489671 -0.122488 -0.287597 0.202546 -0.030927 -0.123151 -0.085663
5 -0.387605 -0.604447 0.363711 -0.530286 -0.127075 0.002791 -0.080631 -0.050631 0.096445 0.246163 0.076485 0.466342 -0.148227 -0.391694 0.212708 -0.112046 -0.028828 -0.216636
