18 18
1 -0.152023 -0.508472 0.133387 -0.082032 -0.054673 0.039244 0.326710 0.247785 0.348837 -0.063105 0.198324 0.241388 -0.140008 -0.405381 0.339905 -0.419086 0.022919 -0.502712
3 -0.147180 -0.454980 0.128529 -0.056982 -0.067318 0.059801 0.328972 0.222520 0.280242 -0.063779 0.224626 0.218204 -0.167286 -0.409484 0.318365 -0.401512 0.032752 -0.483433
15 -0.262896 -0.599459 0.216797 -0.186315 -0.112813 0.100199 0.318977 0.132924 0.332184 -0.013863 0.224460 0.320781 -0.190262 -0.332013 0.432739 -0.416506 -0.092069 -0.546180
12 -0.270422 -0.621225 0.208517 -0.201292 -0.135952 0.078718 0.277841 0.124300 0.314005 0.019057 0.228243 0.359627 -0.207535 -0.329116 0.443832 -0.390418 -0.102838 -0.519830
14 -0.251062 -0.631530 0.225605 -0.210482 -0.097406 0.099703 0.274754 0.128095 0.330319 0.014604 0.158196 0.340719 -0.219342 -0.334639 0.457469 -0.399944 -0.066775 -0.520798
9 -0.162818 -0.516548 0.099688 -0.092431 -0.074700 0.065157 0.323938 0.260879 0.360921 -0.063547 0.210107 0.294191 -0.157230 -0.433566 0.364476 -0.440849 -0.017750 -0.472878
8 -0.097834 -0.498060 0.097518 -0.060479 -0.071047 0.089093 0.316616 0.229311 0.318206 -0.052502 0.182243 0.229737 -0.172835 -0.394321 0.372255 -0.406141 0.038301 -0.438711
11 -0.255659 -0.593294 0.201542 -0.171778 -0.101601 0.073676 0.258819 0.154306 0.344161 -0.019456 0.182296 0.330414 -0.209562 -0.298991 0.454423 -0.406572 -0.097378 -0.508160
17 -0.209794 -0.511265 0.179779 -0.114652 -0.127849 0.041656 0.297125 0.166199 0.319819 0.013412 0.206505 0.311964 -0.150391 -0.292337 0.346555 -0.340886 -0.056855 -0.506657
0 -0.192354 -0.559240 0.160343 -0.150876 -0.117398 0.097884 0.303991 0.176908 0.319131 -0.025869 0.230475 0.284327 -0.176488 -0.370687 0.420293 -0.415518 -0.013722 -0.506501
16 -0.162471 -0.497522 0.134205 -0.093185 -0.084459 0.058984 0.336808 0.201063 0.327897 -0.042858 0.195055 0.284297 -0.174558 -0.355861 0.387589 -0.421576 -0.047239 -0.522865
7 -0.037483 -0.454394 0.038552 -0.034463 -0.068561 0.099496 0.328733 0.262931 0.343931 -0.090303 0.202580 0.210615 -0.144027 -0.466846 0.362651 -0.389197 0.065293 -0.455770
5 -0.023398 -0.436164 0.002701 0.002674 0.003075 0.052856 0.350607 0.246875 0.347195 -0.121230 0.214235 0.198917 -0.153328 -0.436331 0.318242 -0.412468 0.060265 -0.448711
13 -0.216431 -0.604500 0.222029 -0.206880 -0.117043 0.086921 0.299752 0.111312 0.341968 0.026449 0.172658 0.304717 -0.194803 -0.353633 0.458480 -0.399126 -0.097665 -0.539167
2 -0.078437 -0.454249 0.084670 -0.054477 -0.067411 0.065832 0.327501 0.249249 0.280275 -0.071635 0.209621 0.239001 -0.123870 -0.415908 0.326084 -0.406863 0.009357 -0.450099
10 -0.146088 -0.506980 0.112802 -0.097033 -0.059140 0.097283 0.313628 0.192135 0.342257 -0.063879 0.211677 0.281632 -0.183212 -0.349090 0.363079 -0.367686 -0.010065 -0.457791
6 -0.071681 -0.486159 0.085513 -0.025269 -0.043583 0.091090 0.332150 0.253057 0.326266 -0.069606 0.207675 0.211729 -0.164905 -0.431900 0.368216 -0.388327 0.038699 -0.473444
4 -0.144116 -0.464711 0.125657 -0.066967 -0.060024 0.043993 0.292620 0.246179 0.314976 -0.063519 0.248280 0.270178 -0.132630 -0.391677 0.348575 -0.400013 -0.003247 -0.510810
