18 18
9 -0.388100 -0.437175 0.334141 -0.478285 -0.164234 0.149002 0.075085 0.258223 0.027945 -0.086481 0.184902 0.421479 -0.212336 -0.386860 0.340524 -0.642502 0.037649 -0.193762
17 -0.149035 -0.633810 0.219928 -0.444086 -0.481877 0.264592 0.292663 0.183941 0.093040 0.083781 0.247653 0.544633 -0.047566 -0.229022 0.437411 -0.478799 -0.142820 -0.165692
6 -0.069220 -0.623181 0.168267 -0.387650 -0.487267 0.303053 0.319116 0.165425 0.078536 0.096393 0.247025 0.511386 -0.034989 -0.212484 0.457124 -0.429824 -0.174037 -0.134135
13 -0.301451 -0.399969 0.311771 -0.459330 -0.174246 0.131408 0.082492 0.169269 0.024048 -0.041208 0.126153 0.314894 -0.166064 -0.334097 0.331311 -0.553548 0.002073 -0.184018
1 -0.314948 -0.478268 0.314902 -0.457796 -0.212052 0.140006 0.116353 0.211875 0.050737 -0.033713 0.132315 0.369698 -0.148151 -0.301239 0.334193 -0.557799 0.012510 -0.179806
7 -0.142834 -0.571880 0.189440 -0.457306 -0.426559 0.276927 0.226226 0.186044 0.077742 0.030182 0.207394 0.497883 -0.085116 -0.270197 0.456587 -0.496534 -0.093927 -0.137820
0 -0.241200 -0.513549 0.253232 -0.467540 -0.322264 0.224377 0.147189 0.173825 0.024722 -0.006849 0.217998 0.435167 -0.122043 -0.270099 0.403221 -0.529761 -0.023495 -0.158937
2 -0.098874 -0.604414 0.188407 -0.456918 -0.464000 0.277835 0.274756 0.172508 0.039256 0.058631 0.222514 0.515608 -0.038747 -0.246018 0.447682 -0.500430 -0.160840 -0.117782
15 -0.171528 -0.541656 0.214003 -0.432254 -0.369636 0.264358 0.235083 0.132783 0.051106 0.025217 0.226746 0.446972 -0.059059 -0.226251 0.392868 -0.460048 -0.123082 -0.142340
8 -0.292828 -0.449916 0.301863 -0.419159 -0.212232 0.152109 0.108590 0.198528 0.026606 -0.023951 0.131134 0.361665 -0.182097 -0.287967 0.353073 -0.556633 0.016347 -0.165051
16 -0.306478 -0.421935 0.302777 -0.419693 -0.203865 0.147806 0.115191 0.193840 0.027125 -0.039355 0.141176 0.382708 -0.181847 -0.269257 0.355493 -0.556201 -0.013094 -0.205093
4 -0.420524 -0.318275 0.371240 -0.415627 -0.043938 0.078855 -0.021491 0.281938 -0.009171 -0.134760 0.191543 0.357398 -0.213142 -0.382677 0.278506 -0.627588 0.110423 -0.244216
11 -0.300418 -0.493043 0.286797 -0.436410 -0.236684 0.168861 0.106350 0.220253 0.047452 -0.049369 0.166835 0.417390 -0.172351 -0.276262 0.391942 -0.568912 -0.024836 -0.167328
10 -0.174874 -0.523059 0.205561 -0.427021 -0.339772 0.255740 0.211617 0.167875 0.061757 0.001913 0.214833 0.464979 -0.113426 -0.241331 0.384783 -0.471179 -0.074667 -0.116806
3 -0.399718 -0.382704 0.374046 -0.435749 -0.114820 0.119203 0.062243 0.232465 -0.032575 -0.099075 0.177388 0.339453 -0.226992 -0.378238 0.295173 -0.614808 0.087666 -0.231471
12 -0.253482 -0.505873 0.247707 -0.434970 -0.300634 0.186399 0.139795 0.161171 0.014737 0.012569 0.213753 0.446701 -0.125298 -0.250681 0.363910 -0.483401 -0.070581 -0.140409
14 -0.340651 -0.399386 0.331890 -0.438657 -0.134704 0.144559 0.045375 0.206426 -0.017174 -0.060319 0.146611 0.381081 -0.191230 -0.332030 0.309603 -0.552064 0.056031 -0.186219
5 0.004065 -0.024114 -0.027650 -0.000619 0.020703 -0.008521 0.024223 -0.023969 0.025914 -0.018771 0.021210 0.020548 -0.020024 0.006829 0.014933 -0.023795 -0.013973 -0.021943
