18 18
15 -0.331882 -0.485395 0.329169 -0.160425 -0.023521 0.126270 0.322036 0.078687 0.306354 0.001116 0.225453 0.418092 -0.157454 -0.019291 0.222017 -0.233007 -0.034487 -0.540897
3 -0.339157 -0.478560 0.243332 -0.116956 -0.008472 0.130214 0.287473 0.102467 0.326017 -0.081723 0.381278 0.452675 -0.254561 -0.083386 0.256946 -0.244057 0.022286 -0.533099
10 -0.340600 -0.516178 0.225396 -0.131914 -0.008201 0.147977 0.309989 0.115166 0.398583 -0.091724 0.397065 0.542011 -0.244082 -0.023195 0.263385 -0.222570 -0.011383 -0.533981
16 -0.310785 -0.442215 0.379878 -0.148201 -0.018889 0.053520 0.386814 0.154806 0.332188 0.023759 0.062738 0.440676 -0.134029 0.019152 0.218527 -0.307543 -0.059339 -0.615725
4 -0.320065 -0.441903 0.246121 -0.113286 0.005099 0.080179 0.259965 0.154632 0.345033 -0.071044 0.338260 0.476873 -0.180471 -0.057979 0.229115 -0.246586 -0.003451 -0.538169
5 -0.291355 -0.481109 0.211129 -0.123124 -0.008545 0.118086 0.308150 0.061270 0.352480 -0.051338 0.331272 0.449419 -0.208827 -0.031887 0.252909 -0.225810 -0.027109 -0.528852
9 -0.342228 -0.501622 0.138675 -0.124824 -0.018931 0.135938 0.228270 0.095129 0.391847 -0.097545 0.485785 0.532893 -0.258151 -0.094820 0.279982 -0.209142 -0.018481 -0.477213
1 -0.331100 -0.482171 0.388972 -0.171200 -0.007728 0.031916 0.351976 0.170435 0.341310 0.019580 0.067711 0.412956 -0.101953 -0.014857 0.180179 -0.301147 -0.018612 -0.578657
8 -0.325738 -0.524207 0.313616 -0.138693 -0.047140 0.120862 0.325111 0.111853 0.338079 0.005035 0.267386 0.467777 -0.210199 -0.038421 0.268587 -0.256156 -0.004132 -0.555913
14 -0.333124 -0.505571 0.352402 -0.158726 -0.008975 0.100743 0.326652 0.123294 0.337515 0.017600 0.165416 0.468285 -0.174732 -0.022396 0.225683 -0.246127 -0.007967 -0.573454
17 -0.320865 -0.482923 0.291943 -0.117535 -0.052644 0.091734 0.318548 0.115693 0.352515 0.006060 0.278513 0.469484 -0.172181 -0.021082 0.216881 -0.205877 -0.017399 -0.561987
13 -0.302786 -0.492021 0.285470 -0.157999 -0.040884 0.124706 0.307033 0.071897 0.332446 -0.001428 0.298960 0.437132 -0.190694 -0.077099 0.259723 -0.225735 -0.028710 -0.548241
6 -0.303582 -0.493041 0.191169 -0.098529 -0.026114 0.145658 0.257502 0.108205 0.348107 -0.057946 0.421559 0.470987 -0.231016 -0.087869 0.277525 -0.196917 -0.003533 -0.503268
12 -0.393804 -0.550989 0.247446 -0.158502 -0.030345 0.124109 0.265304 0.068174 0.347270 -0.063503 0.463625 0.541165 -0.264286 -0.052703 0.283520 -0.218672 -0.032459 -0.547030
0 -0.320358 -0.510443 0.180100 -0.154380 -0.052036 0.153991 0.234043 0.075092 0.356155 -0.063152 0.441876 0.488944 -0.227274 -0.071498 0.301255 -0.212136 0.011283 -0.496594
11 -0.369415 -0.524845 0.251172 -0.123208 0.006086 0.107517 0.261678 0.132935 0.387219 -0.098231 0.373820 0.501541 -0.249845 -0.041126 0.295659 -0.266145 -0.018640 -0.553886
7 -0.284239 -0.463152 0.192043 -0.123799 -0.043148 0.134049 0.285002 0.115324 0.374904 -0.068576 0.331640 0.473509 -0.199240 -0.068673 0.263153 -0.213420 -0.006455 -0.508842
2 -0.307160 -0.486251 0.381205 -0.166630 -0.023811 0.065781 0.386202 0.166304 0.310903 0.012583 0.109463 0.463966 -0.123757 -0.024013 0.205598 -0.316339 -0.050588 -0.596062
