18 18
14 -0.437036 -0.514444 0.433722 -0.147744 -0.019935 0.159031 0.272595 0.046041 0.104672 -0.053834 0.195707 0.385643 -0.399493 -0.002373 0.318993 -0.324919 -0.026056 -0.472798
3 -0.413458 -0.410319 0.381528 -0.050318 0.058895 0.177687 0.305945 0.141620 0.096085 -0.190003 0.199564 0.271842 -0.450974 -0.132271 0.273618 -0.412338 0.072231 -0.435750
1 -0.457968 -0.506859 0.419376 -0.141386 -0.047197 0.089338 0.255382 0.097561 0.155614 -0.059961 0.230574 0.360941 -0.329442 -0.002253 0.267449 -0.336055 -0.006385 -0.460190
2 -0.391868 -0.468900 0.388407 -0.101407 -0.002638 0.182374 0.317995 0.127790 0.114607 -0.141533 0.201255 0.350138 -0.405471 -0.079586 0.309119 -0.401646 -0.001887 -0.439129
0 -0.448696 -0.497121 0.406413 -0.182663 -0.153389 0.081211 0.210527 0.034111 0.117219 0.014539 0.299373 0.383430 -0.280225 0.048816 0.299330 -0.286224 -0.031738 -0.473311
15 -0.433330 -0.486033 0.413921 -0.140458 -0.028867 0.163583 0.277612 0.039109 0.119253 -0.071507 0.214319 0.351145 -0.356001 0.017410 0.308249 -0.322839 -0.050312 -0.459892
13 -0.411939 -0.488187 0.422029 -0.140027 -0.039155 0.158812 0.300246 0.069343 0.139293 -0.074675 0.212495 0.346815 -0.380903 -0.045647 0.323831 -0.357303 -0.032746 -0.478209
6 -0.397641 -0.469314 0.383398 -0.071209 -0.007886 0.159182 0.286849 0.111387 0.132489 -0.102962 0.221639 0.340685 -0.381688 -0.024449 0.312447 -0.335948 -0.019604 -0.458870
5 -0.373519 -0.460379 0.334133 -0.093783 0.011226 0.147234 0.293904 0.056332 0.150452 -0.119658 0.226832 0.353565 -0.385290 -0.007982 0.307870 -0.341959 -0.030689 -0.453163
4 -0.441594 -0.460073 0.408115 -0.090758 0.000748 0.140294 0.270663 0.138543 0.141010 -0.135969 0.257642 0.363057 -0.385271 -0.051547 0.304097 -0.383414 0.015236 -0.492949
12 -0.477721 -0.538420 0.435979 -0.196864 -0.154125 0.065240 0.221447 0.000638 0.101291 0.047091 0.297011 0.430401 -0.304816 0.069299 0.303329 -0.270875 -0.092285 -0.489830
16 -0.405810 -0.455973 0.399425 -0.117586 -0.035238 0.143580 0.292370 0.060991 0.121564 -0.065657 0.183644 0.357432 -0.381175 0.007035 0.319055 -0.339965 -0.047904 -0.471161
17 -0.447773 -0.497957 0.421197 -0.133369 -0.130972 0.065945 0.260515 0.063960 0.144838 0.012321 0.276199 0.405093 -0.303186 0.043186 0.270734 -0.282323 -0.039728 -0.503811
8 -0.378800 -0.452852 0.365307 -0.084628 -0.003608 0.162415 0.272823 0.096702 0.122404 -0.099181 0.178861 0.314412 -0.385544 -0.033183 0.296337 -0.346520 0.018314 -0.401284
10 -0.413809 -0.479723 0.373239 -0.066304 0.037650 0.207483 0.313424 0.116859 0.175367 -0.170567 0.233698 0.368540 -0.431068 0.009968 0.302335 -0.335644 0.004311 -0.434287
11 -0.402446 -0.453674 0.369385 -0.060211 0.028940 0.147184 0.259736 0.126093 0.152511 -0.147302 0.193171 0.325528 -0.392602 -0.002700 0.310156 -0.353788 -0.011810 -0.428644
7 -0.378810 -0.446537 0.345960 -0.094493 -0.003842 0.193746 0.292739 0.121728 0.161040 -0.152055 0.189579 0.330228 -0.401274 -0.093096 0.316424 -0.367023 0.031889 -0.431281
9 -0.409677 -0.443123 0.338654 -0.098012 0.002896 0.155300 0.266624 0.119756 0.166374 -0.132196 0.221504 0.353809 -0.378936 -0.064717 0.280375 -0.355847 -0.001346 -0.404255
