18 18
7 -0.132463 -0.620757 0.363027 -0.273891 -0.235623 0.270375 0.343155 0.043593 0.235036 0.126082 -0.036313 0.440289 -0.269137 -0.075837 0.424116 -0.286028 0.052560 -0.364192
0 -0.131915 -0.660722 0.355438 -0.318638 -0.196139 0.280322 0.320269 -0.008139 0.201471 0.124471 -0.008245 0.441515 -0.279128 -0.055340 0.424521 -0.293234 0.056396 -0.314172
4 -0.185639 -0.527067 0.396120 -0.183965 -0.203517 0.208030 0.311727 0.108031 0.198016 0.101905 0.030489 0.406250 -0.256314 -0.049318 0.379264 -0.303084 0.078840 -0.437667
13 -0.123456 -0.639627 0.368535 -0.312375 -0.187991 0.249428 0.330392 -0.012574 0.217686 0.137604 -0.042532 0.420270 -0.272447 -0.076612 0.414074 -0.288593 0.018736 -0.333046
5 -0.120230 -0.623096 0.302729 -0.269390 -0.144718 0.231703 0.335938 -0.021864 0.229403 0.096682 -0.009905 0.431435 -0.288170 -0.045433 0.378613 -0.276972 0.028158 -0.313187
3 -0.192167 -0.597708 0.401624 -0.238640 -0.194874 0.241772 0.352031 0.045318 0.185283 0.106241 0.004612 0.404368 -0.308631 -0.075189 0.385430 -0.311210 0.083672 -0.396764
10 -0.143826 -0.614086 0.359558 -0.252533 -0.192053 0.270714 0.349472 0.030223 0.233407 0.111438 -0.005269 0.447246 -0.297884 -0.030760 0.389085 -0.261538 0.059578 -0.340807
14 -0.137843 -0.669928 0.373850 -0.340474 -0.164453 0.266595 0.297005 -0.023721 0.186346 0.143088 -0.069448 0.451956 -0.282679 -0.066708 0.396916 -0.261353 0.044362 -0.282223
12 -0.180490 -0.556551 0.340591 -0.242389 -0.197190 0.200374 0.283223 0.008970 0.172594 0.127988 0.020627 0.410128 -0.258876 -0.030971 0.353159 -0.237724 0.028350 -0.338097
6 -0.169932 -0.555620 0.391234 -0.169860 -0.198795 0.222459 0.341389 0.094928 0.198026 0.118499 0.012031 0.391203 -0.281817 -0.056670 0.392063 -0.290337 0.065695 -0.427465
16 -0.185662 -0.520375 0.398764 -0.178923 -0.227018 0.210500 0.342140 0.085530 0.194391 0.121841 -0.005927 0.396360 -0.275161 -0.019175 0.399213 -0.305762 0.050636 -0.452128
11 -0.181985 -0.600759 0.385635 -0.226243 -0.187672 0.215423 0.298912 0.076377 0.216585 0.105503 -0.024416 0.418260 -0.275658 -0.032149 0.406277 -0.303777 0.047887 -0.367449
8 -0.150737 -0.570376 0.390018 -0.186427 -0.218619 0.228487 0.345112 0.074239 0.198466 0.145050 -0.016679 0.390695 -0.285670 -0.041237 0.397783 -0.297172 0.080350 -0.389903
1 -0.184874 -0.557437 0.377471 -0.234603 -0.167136 0.184021 0.294534 0.068479 0.215536 0.110479 -0.033942 0.375135 -0.235217 -0.057127 0.342508 -0.280733 0.071117 -0.367089
15 -0.213471 -0.548851 0.405214 -0.206425 -0.193725 0.239557 0.334911 0.056334 0.191276 0.101172 0.022888 0.387620 -0.256533 -0.025253 0.376579 -0.293434 0.046940 -0.426145
2 -0.104314 -0.639731 0.335183 -0.312875 -0.181432 0.248059 0.316382 0.000524 0.176883 0.124360 -0.045255 0.439882 -0.252021 -0.073053 0.382294 -0.283302 0.012149 -0.269513
17 -0.192985 -0.526126 0.403805 -0.148753 -0.245448 0.183693 0.336260 0.114069 0.214185 0.148064 0.022192 0.414877 -0.244828 -0.012166 0.352789 -0.264521 0.080479 -0.456103
9 -0.008402 0.003844 -0.023332 -0.006576 0.000593 0.000225 -0.003692 0.013429 0.026437 -0.004111 0.005667 0.021814 0.003016 -0.025362 -0.007905 -0.006482 -0.012628 0.018993
