18 18
8 -0.193036 -0.592911 0.246291 -0.421170 0.030938 0.152517 0.202044 0.058822 0.395738 -0.059557 0.031805 0.369979 -0.093221 -0.251409 0.332746 -0.418332 -0.040295 -0.295070
0 -0.192892 -0.546843 0.246252 -0.399285 0.018661 0.113886 0.149796 0.061274 0.346765 -0.035975 0.030477 0.345792 -0.056520 -0.207575 0.317508 -0.380705 -0.028480 -0.318173
15 -0.234686 -0.589088 0.276514 -0.449082 0.049570 0.157170 0.194779 0.041535 0.397266 -0.077149 0.038929 0.370681 -0.071345 -0.235671 0.333017 -0.420912 -0.070653 -0.334155
1 -0.215248 -0.581443 0.266162 -0.410209 0.059097 0.085402 0.167309 0.092632 0.382640 -0.061617 0.010737 0.337139 -0.046410 -0.244460 0.278354 -0.399848 -0.032058 -0.302666
2 -0.170011 -0.569828 0.238553 -0.422752 0.040391 0.132017 0.202923 0.077018 0.355300 -0.070789 0.028686 0.373589 -0.059201 -0.276394 0.305020 -0.426916 -0.066993 -0.298498
4 -0.196762 -0.546741 0.236597 -0.423943 0.070900 0.128911 0.168350 0.078674 0.401525 -0.102840 0.063267 0.373677 -0.063871 -0.266772 0.313820 -0.422231 -0.049246 -0.316080
13 -0.171711 -0.546052 0.245795 -0.437589 0.045736 0.133414 0.194884 0.033680 0.381426 -0.065073 0.031075 0.330305 -0.064366 -0.279378 0.315041 -0.404969 -0.074695 -0.311541
7 -0.164811 -0.545261 0.215145 -0.405622 0.029016 0.143064 0.183952 0.069450 0.389729 -0.075357 0.021042 0.345062 -0.065049 -0.268322 0.318868 -0.384815 -0.043927 -0.299645
10 -0.205150 -0.591096 0.236943 -0.442524 0.064786 0.174880 0.213707 0.054051 0.441264 -0.108358 0.060264 0.396897 -0.096397 -0.237008 0.319080 -0.403820 -0.043537 -0.305334
12 -0.227490 -0.599070 0.255948 -0.445391 0.033744 0.119422 0.171433 0.046407 0.376275 -0.051020 0.053328 0.394980 -0.079711 -0.249725 0.317605 -0.397422 -0.078574 -0.304610
3 -0.211435 -0.559880 0.265142 -0.411077 0.049250 0.130352 0.205803 0.055880 0.351954 -0.074055 0.047610 0.334762 -0.100092 -0.287222 0.305081 -0.422033 -0.034649 -0.333867
9 -0.199947 -0.548490 0.209594 -0.428031 0.043721 0.137673 0.186927 0.060838 0.410113 -0.076311 0.048704 0.378920 -0.076238 -0.283578 0.302052 -0.406982 -0.067214 -0.284670
14 -0.234729 -0.634295 0.305486 -0.447379 0.060043 0.118242 0.160710 0.078436 0.391964 -0.033391 -0.021071 0.399234 -0.077348 -0.239390 0.328398 -0.409011 -0.036686 -0.331885
5 -0.178689 -0.551164 0.191812 -0.401815 0.066295 0.122946 0.204088 0.024235 0.390329 -0.095425 0.063108 0.359526 -0.091832 -0.238392 0.307988 -0.406856 -0.068279 -0.304870
11 -0.221716 -0.590440 0.260315 -0.415101 0.064863 0.118988 0.168384 0.088921 0.406702 -0.095706 0.026473 0.368700 -0.088286 -0.238768 0.341810 -0.435486 -0.062334 -0.319127
16 -0.203638 -0.539704 0.260064 -0.387918 0.034404 0.098242 0.176323 0.068516 0.367608 -0.041332 -0.013368 0.354689 -0.072090 -0.193409 0.320514 -0.396413 -0.071213 -0.333006
17 -0.213685 -0.601180 0.274548 -0.399324 0.020097 0.094782 0.195429 0.092722 0.419145 -0.031499 0.024775 0.401696 -0.055338 -0.222167 0.308639 -0.392085 -0.049658 -0.362983
6 -0.194043 -0.583808 0.270720 -0.364646 0.048492 0.109752 0.185793 0.102471 0.369574 -0.039752 0.024204 0.361126 -0.071471 -0.238303 0.324079 -0.393146 -0.057468 -0.347672
