18 18
1 -0.436139 -0.558857 0.418150 -0.383101 -0.057940 -0.017632 0.147169 -0.039981 0.209598 0.106860 0.149447 0.305987 -0.038530 -0.109699 0.180555 -0.249442 -0.132490 -0.408605
16 -0.488036 -0.510553 0.440273 -0.364668 -0.027702 -0.023639 0.160760 -0.097982 0.153152 0.077651 0.201855 0.329334 -0.092327 -0.011958 0.188756 -0.249015 -0.194325 -0.470391
3 -0.485518 -0.460231 0.417600 -0.324937 0.003277 -0.053005 0.136659 -0.086772 0.096857 0.048889 0.236887 0.275991 -0.109659 -0.082162 0.124941 -0.246410 -0.112600 -0.443772
12 -0.518836 -0.496351 0.421994 -0.368571 0.007566 -0.072144 0.090461 -0.124888 0.100741 0.071444 0.263891 0.344958 -0.096201 -0.015877 0.132353 -0.205462 -0.191082 -0.439891
13 -0.466278 -0.529103 0.452437 -0.402605 -0.042232 -0.031494 0.151005 -0.115292 0.162655 0.106758 0.184195 0.286375 -0.050079 -0.083142 0.169831 -0.230836 -0.181820 -0.440338
15 -0.483937 -0.520155 0.437474 -0.380234 -0.020827 0.002810 0.154579 -0.116062 0.147108 0.071236 0.217537 0.301265 -0.063866 -0.042418 0.169025 -0.235941 -0.180970 -0.442199
10 -0.454385 -0.518933 0.408133 -0.352891 -0.017851 0.013412 0.160049 -0.087452 0.181509 0.058184 0.203617 0.312621 -0.087278 -0.010468 0.159836 -0.204667 -0.150276 -0.399918
11 -0.490387 -0.566735 0.448573 -0.382613 -0.032038 -0.001907 0.144709 -0.056116 0.206770 0.072735 0.182671 0.329866 -0.080509 -0.059706 0.215783 -0.273579 -0.177428 -0.447058
2 -0.493311 -0.574406 0.465801 -0.412843 -0.049062 -0.039184 0.159243 -0.074593 0.127970 0.095727 0.231092 0.359800 -0.061194 -0.101183 0.176785 -0.287235 -0.181860 -0.465595
0 -0.461938 -0.526121 0.428987 -0.386106 -0.055457 0.000491 0.125224 -0.093679 0.125566 0.089045 0.229587 0.303199 -0.061096 -0.058255 0.195569 -0.241749 -0.137889 -0.437069
8 -0.464853 -0.738330 0.475759 -0.459513 -0.159544 0.055170 0.245215 -0.041797 0.284754 0.176894 0.148287 0.394631 -0.074521 -0.167081 0.295513 -0.322776 -0.161358 -0.449760
17 -0.464452 -0.553809 0.422473 -0.354610 -0.075100 -0.027704 0.170664 -0.062496 0.205989 0.107512 0.203020 0.336194 -0.051572 -0.061969 0.172466 -0.223760 -0.155607 -0.449912
14 -0.455177 -0.519386 0.425771 -0.382338 -0.022510 -0.003294 0.133008 -0.095673 0.147900 0.096542 0.162444 0.321602 -0.073442 -0.063364 0.160500 -0.213949 -0.146439 -0.406133
7 -0.431255 -0.691560 0.421836 -0.465372 -0.156481 0.073954 0.223414 -0.052848 0.296222 0.148552 0.149011 0.395918 -0.053899 -0.188620 0.292712 -0.289812 -0.178988 -0.445441
6 -0.419700 -0.624780 0.416249 -0.378557 -0.095055 0.047180 0.212135 -0.039250 0.225178 0.124443 0.188539 0.356060 -0.080822 -0.151849 0.257590 -0.281666 -0.177082 -0.451227
9 -0.468620 -0.759326 0.422276 -0.490486 -0.162309 0.083592 0.264134 -0.022517 0.370860 0.156254 0.157291 0.448558 -0.062383 -0.234480 0.299042 -0.338113 -0.190703 -0.437852
4 -0.517284 -0.513176 0.453505 -0.371884 -0.005423 -0.062585 0.117207 -0.067285 0.148355 0.062724 0.266439 0.342988 -0.065252 -0.072025 0.157049 -0.257852 -0.156802 -0.490071
5 -0.485736 -0.560586 0.393611 -0.370728 -0.011406 -0.049674 0.167754 -0.109261 0.182073 0.058010 0.246895 0.350229 -0.101241 -0.070930 0.185174 -0.274719 -0.165983 -0.467938
