18 18
5 -0.295062 -0.553599 0.175541 -0.387943 -0.141156 0.040414 0.257957 -0.233405 0.139495 0.067540 0.225367 0.448254 -0.216425 -0.048095 0.403545 -0.321037 -0.348310 -0.438114
15 -0.303694 -0.519222 0.214513 -0.390267 -0.146368 0.081258 0.240305 -0.218587 0.115350 0.062115 0.200767 0.401911 -0.186331 -0.045188 0.380002 -0.291997 -0.342668 -0.416662
12 -0.323679 -0.495017 0.206205 -0.380483 -0.137270 -0.004720 0.170427 -0.202254 0.066029 0.090599 0.200572 0.430921 -0.175449 -0.029643 0.337241 -0.264015 -0.340139 -0.380484
3 -0.317417 -0.524261 0.223100 -0.369591 -0.149364 0.060194 0.256036 -0.194901 0.109550 0.057122 0.217531 0.398470 -0.227908 -0.088588 0.390505 -0.329651 -0.313635 -0.455008
7 -0.245236 -0.510755 0.165424 -0.382298 -0.182714 0.070583 0.232652 -0.184998 0.145281 0.075161 0.173622 0.422387 -0.174227 -0.081895 0.398327 -0.279495 -0.317049 -0.395662
1 -0.370904 -0.559240 0.260722 -0.444574 -0.124089 -0.043505 0.192261 -0.166690 0.107261 0.088224 0.181022 0.471522 -0.152956 -0.065068 0.346573 -0.332643 -0.341667 -0.440838
2 -0.271820 -0.537801 0.205796 -0.407055 -0.168824 0.039792 0.241400 -0.180400 0.093127 0.083927 0.172064 0.450439 -0.169208 -0.079703 0.380897 -0.321194 -0.355133 -0.400487
0 -0.262691 -0.523769 0.181060 -0.384841 -0.185992 0.102416 0.242255 -0.206293 0.132099 0.064950 0.223062 0.387775 -0.191921 -0.064806 0.418100 -0.302125 -0.299380 -0.414112
6 -0.278750 -0.539062 0.206109 -0.358129 -0.161260 0.079359 0.260799 -0.187474 0.129335 0.073662 0.215295 0.404607 -0.205491 -0.072258 0.412045 -0.302310 -0.347720 -0.446767
16 -0.329939 -0.504848 0.235468 -0.401413 -0.140164 -0.018539 0.204148 -0.186326 0.087337 0.098452 0.154708 0.462269 -0.172110 -0.019085 0.359640 -0.305747 -0.367015 -0.425387
8 -0.280914 -0.552156 0.206363 -0.366776 -0.174682 0.063848 0.247312 -0.191389 0.125415 0.095903 0.178060 0.408958 -0.212093 -0.059301 0.410887 -0.314160 -0.310557 -0.399368
11 -0.299442 -0.528262 0.206079 -0.358185 -0.136937 0.042721 0.207213 -0.159931 0.143567 0.048374 0.181865 0.406030 -0.200224 -0.039354 0.403585 -0.311480 -0.326875 -0.416187
13 -0.258800 -0.539123 0.209785 -0.396308 -0.176573 0.063695 0.266183 -0.215432 0.142297 0.097459 0.170031 0.393013 -0.189159 -0.086302 0.407224 -0.307534 -0.353844 -0.424652
10 -0.295479 -0.518855 0.195981 -0.380777 -0.133175 0.054466 0.226502 -0.192939 0.125527 0.061105 0.198639 0.441805 -0.201497 -0.026338 0.362635 -0.272798 -0.321826 -0.389849
4 -0.341036 -0.489112 0.237443 -0.410106 -0.118546 -0.039136 0.157585 -0.157524 0.077762 0.078000 0.212502 0.481809 -0.141611 -0.057313 0.339713 -0.305835 -0.352724 -0.436048
14 -0.332642 -0.502405 0.250562 -0.418769 -0.108797 -0.008602 0.157036 -0.183624 0.056771 0.098216 0.150440 0.457405 -0.165396 -0.042989 0.328492 -0.271973 -0.315935 -0.395447
17 -0.281992 -0.503638 0.210043 -0.354271 -0.169708 0.005558 0.223582 -0.156056 0.130953 0.102912 0.178128 0.433301 -0.150236 -0.042784 0.336105 -0.263447 -0.310860 -0.418428
9 -0.286507 -0.506891 0.172575 -0.376075 -0.160300 0.065658 0.240088 -0.183063 0.155269 0.067116 0.200644 0.428169 -0.189649 -0.086271 0.377976 -0.303437 -0.346842 -0.398317
