18 18
11 -0.345498 -0.474311 0.321249 -0.303571 -0.054307 -0.148295 0.077014 0.131767 0.237696 -0.081109 0.212772 0.285883 -0.003437 -0.154701 0.380013 -0.498075 -0.236415 -0.551402
17 -0.357830 -0.498424 0.294465 -0.302975 -0.105549 -0.212729 0.088130 0.148042 0.182115 -0.037741 0.224529 0.372014 -0.018831 -0.141521 0.300671 -0.485816 -0.147028 -0.544544
0 -0.329996 -0.468456 0.288080 -0.333742 -0.085415 -0.135533 0.062221 0.112206 0.178943 -0.064589 0.228479 0.294953 -0.003172 -0.157571 0.345990 -0.484179 -0.153569 -0.502023
1 -0.340302 -0.485273 0.329881 -0.341716 -0.059346 -0.172944 0.099979 0.115845 0.227867 -0.048695 0.202894 0.282299 0.027303 -0.190844 0.331510 -0.498806 -0.208990 -0.566676
15 -0.123725 -0.295685 0.389425 -0.405965 -0.042755 0.148555 0.218821 -0.024604 0.510849 -0.010385 0.189703 0.047273 0.289932 -0.227457 0.478700 -0.348604 -0.554540 -0.664410
9 -0.345633 -0.468998 0.269149 -0.310730 -0.073982 -0.176038 0.081863 0.145164 0.200763 -0.062105 0.203296 0.340140 -0.019630 -0.186963 0.320462 -0.506525 -0.185249 -0.518260
2 -0.324210 -0.480463 0.287411 -0.315523 -0.076587 -0.182576 0.094166 0.131676 0.143914 -0.063958 0.207535 0.327919 -0.014138 -0.180816 0.318990 -0.517470 -0.186184 -0.516385
12 -0.378720 -0.509989 0.288337 -0.331556 -0.081817 -0.198607 0.060444 0.087014 0.141111 -0.057467 0.261021 0.346529 -0.048535 -0.154285 0.329065 -0.485643 -0.191178 -0.505023
7 -0.286128 -0.448635 0.265842 -0.318020 -0.086975 -0.133772 0.096308 0.108339 0.229629 -0.063422 0.199936 0.281554 0.012004 -0.201973 0.350072 -0.463926 -0.199849 -0.532442
5 -0.375517 -0.536866 0.252283 -0.312805 -0.055964 -0.234495 0.084280 0.102182 0.156022 -0.092083 0.261528 0.373375 -0.084339 -0.160297 0.324604 -0.540852 -0.139768 -0.522763
16 -0.323813 -0.452916 0.328986 -0.336294 -0.081552 -0.142241 0.129194 0.096229 0.217427 -0.044616 0.205674 0.305648 0.008465 -0.149837 0.376419 -0.509013 -0.266211 -0.597215
10 -0.368856 -0.511173 0.276707 -0.309588 -0.068462 -0.186477 0.079813 0.147108 0.169331 -0.086716 0.237203 0.381158 -0.070690 -0.138278 0.308365 -0.503697 -0.120526 -0.502819
4 -0.232879 -0.359637 0.339970 -0.339028 -0.051397 -0.053709 0.121889 0.093178 0.339615 -0.042220 0.226422 0.206095 0.144732 -0.199029 0.386777 -0.429993 -0.345608 -0.610675
14 -0.333603 -0.478118 0.335618 -0.345457 -0.060403 -0.139802 0.087213 0.103317 0.198096 -0.037502 0.188447 0.307332 0.001764 -0.178312 0.346180 -0.476928 -0.204399 -0.556962
13 -0.198964 -0.383061 0.356548 -0.387067 -0.073684 -0.019701 0.167543 0.032978 0.370131 -0.008098 0.196584 0.164186 0.162478 -0.237640 0.425604 -0.433660 -0.400563 -0.628926
6 -0.171057 -0.355691 0.349257 -0.341468 -0.061835 0.030104 0.186871 0.053891 0.386780 -0.011851 0.205164 0.143312 0.176625 -0.222336 0.428566 -0.394763 -0.412141 -0.635250
3 -0.365371 -0.472537 0.309355 -0.297251 -0.061470 -0.190408 0.107651 0.102466 0.124066 -0.073485 0.245673 0.297981 -0.065855 -0.199282 0.313649 -0.524531 -0.154659 -0.552818
8 0.003889 -0.024784 0.014791 0.006068 -0.018192 0.009774 0.013932 0.005426 -0.001505 0.020585 -0.012265 0.000073 -0.017512 0.000480 0.021614 -0.017675 0.015234 0.001164
