18 18
1 -0.350958 -0.470909 0.328164 -0.255259 -0.059341 0.029621 0.236538 0.283419 0.331445 -0.102024 0.205047 0.397749 -0.035686 -0.205881 0.225611 -0.452651 0.004713 -0.486353
0 -0.347659 -0.500352 0.310397 -0.283839 -0.102871 0.082586 0.185370 0.241806 0.294497 -0.077578 0.235456 0.405016 -0.059282 -0.145481 0.275995 -0.422498 0.015593 -0.407846
8 -0.352008 -0.535548 0.331744 -0.259742 -0.105542 0.093820 0.195742 0.262966 0.299924 -0.050290 0.208014 0.413860 -0.092510 -0.142445 0.288780 -0.428203 0.025178 -0.383787
10 -0.339472 -0.513236 0.291359 -0.260973 -0.064780 0.101997 0.194072 0.235174 0.330337 -0.091997 0.223701 0.431069 -0.096563 -0.099501 0.248944 -0.372212 0.006564 -0.353221
15 -0.323667 -0.419449 0.308832 -0.248223 -0.063282 0.063920 0.262083 0.236725 0.296403 -0.120689 0.237478 0.396018 -0.026802 -0.180965 0.233475 -0.442051 -0.052599 -0.505300
3 -0.312042 -0.366162 0.309364 -0.209390 -0.055952 0.021063 0.283428 0.261815 0.259261 -0.133756 0.243828 0.353461 -0.040719 -0.259003 0.194708 -0.465826 -0.005919 -0.547872
7 -0.270873 -0.383058 0.266242 -0.228547 -0.092016 0.044018 0.281718 0.281898 0.318722 -0.130153 0.218806 0.388336 -0.013014 -0.271319 0.232185 -0.456097 -0.015566 -0.537588
2 -0.294820 -0.431351 0.295688 -0.252096 -0.074967 0.035377 0.271329 0.289097 0.287432 -0.125299 0.227170 0.422261 -0.011546 -0.232098 0.223499 -0.481819 -0.039661 -0.500238
4 -0.319960 -0.419775 0.303569 -0.239006 -0.051564 0.029107 0.211187 0.285796 0.304429 -0.124341 0.249100 0.415478 -0.021017 -0.193221 0.230709 -0.447617 -0.017385 -0.490501
16 -0.294670 -0.378425 0.300378 -0.227746 -0.081509 0.030254 0.277224 0.259245 0.275239 -0.110984 0.217714 0.394585 -0.028400 -0.202159 0.238745 -0.468666 -0.051462 -0.540620
17 -0.294991 -0.399750 0.292684 -0.207920 -0.092172 0.011221 0.285424 0.282921 0.320475 -0.102647 0.239503 0.419404 -0.009220 -0.206730 0.204989 -0.437946 -0.032503 -0.545856
6 -0.277720 -0.392685 0.293779 -0.188713 -0.073163 0.034704 0.293299 0.297837 0.290678 -0.119822 0.244399 0.377066 -0.026363 -0.258128 0.230788 -0.457997 -0.029616 -0.555074
11 -0.348061 -0.485355 0.306687 -0.248934 -0.056344 0.052950 0.158020 0.245857 0.304498 -0.100478 0.186460 0.391796 -0.088824 -0.127264 0.282601 -0.416774 -0.019327 -0.396325
13 -0.277605 -0.407869 0.301486 -0.249324 -0.085317 0.021712 0.252317 0.239263 0.297622 -0.083633 0.204268 0.367442 -0.018131 -0.235530 0.236247 -0.437731 -0.050688 -0.505656
12 -0.393439 -0.557253 0.329918 -0.299120 -0.099940 0.062797 0.159224 0.227129 0.300157 -0.054702 0.246397 0.457696 -0.085976 -0.116338 0.280067 -0.397028 -0.025876 -0.386270
9 -0.331914 -0.448060 0.273797 -0.250846 -0.073703 0.065035 0.216407 0.278381 0.330097 -0.102118 0.228972 0.427224 -0.046899 -0.199919 0.235016 -0.430426 -0.017287 -0.422822
14 -0.342603 -0.482643 0.330075 -0.275963 -0.059468 0.071547 0.199969 0.247387 0.291199 -0.084332 0.186109 0.421317 -0.071539 -0.178263 0.256989 -0.421115 0.002734 -0.444279
5 -0.276384 -0.396197 0.246673 -0.220167 -0.036786 0.023268 0.262629 0.213448 0.294792 -0.131225 0.225706 0.382191 -0.048339 -0.195685 0.223299 -0.444092 -0.041536 -0.496999
