18 18
1 -0.404430 -0.512790 0.328458 -0.293489 -0.097580 -0.104152 0.057656 0.167510 0.063110 0.013253 0.169373 0.418846 -0.092699 -0.157797 0.254688 -0.438033 -0.076918 -0.365811
8 -0.403204 -0.548756 0.346412 -0.265608 -0.144723 -0.059071 0.136705 0.131341 0.035299 0.043875 0.168898 0.444621 -0.176537 -0.140592 0.300469 -0.473996 -0.090619 -0.389508
2 -0.370800 -0.483321 0.307461 -0.280087 -0.124357 -0.078594 0.091890 0.150392 -0.003565 0.008616 0.163983 0.435932 -0.112720 -0.156973 0.258551 -0.461906 -0.111767 -0.341494
15 -0.436450 -0.527104 0.348409 -0.295811 -0.099160 -0.060348 0.088965 0.113553 0.033063 0.005606 0.202015 0.443061 -0.133094 -0.118264 0.278130 -0.447327 -0.119124 -0.391330
10 -0.427096 -0.534450 0.329081 -0.295696 -0.088868 -0.064089 0.079234 0.175532 0.073454 -0.020050 0.236471 0.488945 -0.141574 -0.151558 0.258891 -0.442266 -0.078595 -0.365602
11 -0.420562 -0.521302 0.325247 -0.249963 -0.091763 -0.095652 0.043042 0.179585 0.073936 -0.005268 0.191876 0.442291 -0.141019 -0.127607 0.309445 -0.445418 -0.095010 -0.391867
6 -0.400497 -0.519795 0.324870 -0.242291 -0.109121 -0.079562 0.079769 0.181534 0.043455 0.019541 0.214627 0.450464 -0.130105 -0.162106 0.288224 -0.428952 -0.097537 -0.402419
9 -0.416558 -0.511079 0.312362 -0.290301 -0.109578 -0.075968 0.086657 0.151605 0.061615 0.012186 0.195196 0.461603 -0.136930 -0.179034 0.260310 -0.452442 -0.101766 -0.361139
4 -0.379993 -0.454631 0.301998 -0.256218 -0.086733 -0.100896 0.036299 0.189711 0.057615 -0.009318 0.220117 0.431987 -0.094054 -0.169376 0.262473 -0.432172 -0.076307 -0.383442
14 -0.402696 -0.511316 0.346072 -0.280262 -0.089749 -0.066113 0.057290 0.120846 0.036763 0.038322 0.163069 0.439816 -0.144871 -0.131222 0.274723 -0.395478 -0.071139 -0.386560
12 -0.437667 -0.537217 0.328956 -0.295759 -0.123222 -0.086125 0.053957 0.111431 0.028743 0.034103 0.224501 0.469352 -0.145404 -0.119961 0.274634 -0.407097 -0.111329 -0.368264
3 -0.428362 -0.493638 0.347698 -0.267467 -0.092431 -0.074301 0.100924 0.121116 0.011896 0.003240 0.199454 0.401215 -0.167622 -0.158872 0.239336 -0.441093 -0.061875 -0.382120
5 -0.397116 -0.534815 0.299338 -0.263711 -0.092090 -0.079192 0.109976 0.102720 0.072508 0.010921 0.204691 0.453230 -0.163599 -0.123536 0.286718 -0.436890 -0.103375 -0.403382
17 -0.414511 -0.527090 0.330009 -0.251959 -0.139931 -0.101237 0.090712 0.163550 0.083221 0.043649 0.211134 0.479230 -0.122134 -0.127117 0.265171 -0.406597 -0.083532 -0.419495
0 -0.417722 -0.533930 0.319078 -0.296448 -0.135942 -0.074395 0.049669 0.159125 0.053236 0.010864 0.228778 0.456262 -0.119034 -0.140311 0.315396 -0.452940 -0.072050 -0.394847
13 -0.396738 -0.518951 0.351334 -0.311290 -0.114342 -0.080140 0.106919 0.127096 0.049602 0.030081 0.178403 0.422177 -0.131362 -0.194194 0.272176 -0.457531 -0.104763 -0.391251
16 -0.403720 -0.487633 0.320459 -0.264089 -0.112208 -0.084104 0.087532 0.139483 0.052647 0.015565 0.177248 0.441940 -0.140845 -0.118555 0.294343 -0.441375 -0.112092 -0.405747
7 -0.381578 -0.517366 0.308671 -0.277067 -0.137371 -0.055455 0.096116 0.145263 0.075627 0.017922 0.175694 0.446247 -0.139918 -0.171327 0.307418 -0.434972 -0.086126 -0.400045
