18 18
15 -0.163891 -0.447405 0.166179 -0.311318 -0.235646 0.372112 0.315356 -0.012791 0.439968 0.023086 0.302734 0.391906 -0.146001 -0.158956 0.415410 -0.216193 -0.046204 -0.394264
7 -0.078306 -0.371865 0.062494 -0.252070 -0.243982 0.381896 0.310279 0.037242 0.474989 0.001236 0.330027 0.430004 -0.160555 -0.213544 0.396864 -0.160929 0.011181 -0.350543
17 -0.113855 -0.385181 0.138452 -0.231653 -0.281468 0.337847 0.322201 0.048651 0.441557 0.059397 0.334464 0.427547 -0.140625 -0.161943 0.375853 -0.169298 -0.015013 -0.395846
3 -0.137432 -0.395399 0.158525 -0.260147 -0.242957 0.365765 0.344215 0.039920 0.423032 0.018140 0.341709 0.406615 -0.191267 -0.220790 0.386827 -0.213271 0.023518 -0.405797
6 -0.100896 -0.401670 0.120148 -0.234997 -0.235394 0.359563 0.315364 0.048279 0.428890 0.025573 0.329339 0.400623 -0.164146 -0.203141 0.409738 -0.193270 -0.017797 -0.380993
0 -0.128230 -0.429321 0.104887 -0.288455 -0.251960 0.385030 0.297220 0.025820 0.461826 0.005721 0.360188 0.432064 -0.163086 -0.175475 0.427305 -0.198422 0.004207 -0.367638
2 -0.087911 -0.415102 0.118309 -0.277480 -0.279517 0.398668 0.350919 0.065143 0.447201 0.026519 0.358088 0.467901 -0.152154 -0.225047 0.412782 -0.209228 -0.016311 -0.380177
12 -0.129765 -0.394593 0.117328 -0.260979 -0.261221 0.341480 0.282326 0.004525 0.401157 0.050482 0.348728 0.427944 -0.156722 -0.155375 0.376146 -0.155549 -0.043902 -0.343506
5 -0.128353 -0.464567 0.044468 -0.279494 -0.147611 0.325405 0.319004 -0.000432 0.490406 -0.049523 0.324185 0.435898 -0.182828 -0.172363 0.404445 -0.232017 -0.033835 -0.367674
14 -0.158808 -0.434988 0.151576 -0.294876 -0.192777 0.349012 0.265975 0.004141 0.425761 0.021321 0.273990 0.415811 -0.170687 -0.156712 0.388234 -0.176527 -0.004031 -0.362310
10 -0.102771 -0.403933 0.075541 -0.246627 -0.221917 0.405295 0.331876 0.053918 0.491537 -0.022776 0.371900 0.448225 -0.183094 -0.165333 0.379857 -0.166172 0.012828 -0.335210
13 -0.097070 -0.386074 0.134538 -0.272431 -0.245007 0.331990 0.299458 0.010051 0.420216 0.048111 0.293880 0.369130 -0.132713 -0.188500 0.386983 -0.190688 -0.040239 -0.365749
1 -0.165486 -0.446642 0.139782 -0.298540 -0.179984 0.292415 0.277057 0.028117 0.444919 0.001143 0.260363 0.377811 -0.130914 -0.168894 0.368196 -0.220819 -0.016810 -0.366595
8 -0.090354 -0.402627 0.106341 -0.237786 -0.263242 0.388569 0.324019 0.055524 0.451583 0.034488 0.353143 0.438126 -0.185348 -0.197540 0.409961 -0.176406 0.026122 -0.354183
11 -0.187194 -0.474837 0.164200 -0.299733 -0.201711 0.320940 0.274600 0.022249 0.467640 -0.006077 0.275203 0.397746 -0.166139 -0.146455 0.435948 -0.245428 -0.052650 -0.393763
9 -0.129065 -0.411058 0.065994 -0.275202 -0.211011 0.376684 0.302901 0.047975 0.501796 -0.013924 0.345364 0.459209 -0.171347 -0.208891 0.390883 -0.188065 -0.008791 -0.335213
4 -0.100715 -0.371797 0.090943 -0.239844 -0.235799 0.387214 0.312826 0.078774 0.486674 -0.008022 0.409697 0.464350 -0.162459 -0.215093 0.402963 -0.183101 0.017120 -0.388307
16 -0.136588 -0.409209 0.150495 -0.276761 -0.252839 0.356772 0.325775 0.024339 0.439093 0.031226 0.304961 0.420252 -0.165981 -0.153558 0.424723 -0.216178 -0.043519 -0.409014
