18 18
13 -0.110862 -0.524329 0.180073 -0.230000 -0.111288 0.105148 0.361635 -0.037198 0.303312 -0.013695 0.086142 0.281507 -0.232237 -0.128536 0.478761 -0.495666 -0.199383 -0.424497
15 -0.205133 -0.526279 0.197252 -0.190911 -0.114052 0.117056 0.309980 0.007135 0.327647 -0.027755 0.112051 0.343615 -0.221879 0.006833 0.445636 -0.427969 -0.200579 -0.383401
0 -0.165809 -0.517395 0.176453 -0.209246 -0.130027 0.115230 0.301997 0.006708 0.302563 -0.030157 0.126095 0.319304 -0.217921 -0.045009 0.457751 -0.448535 -0.154576 -0.383167
5 -0.083544 -0.480990 0.129655 -0.206831 -0.065770 0.084562 0.384125 -0.064485 0.263347 -0.053936 0.120968 0.259319 -0.234501 -0.148115 0.435096 -0.508472 -0.165658 -0.436238
2 -0.091628 -0.539367 0.180558 -0.222227 -0.120527 0.094572 0.407677 -0.005775 0.260366 -0.030462 0.096931 0.315103 -0.221315 -0.152974 0.480988 -0.553980 -0.208799 -0.460082
9 -0.186803 -0.510019 0.134361 -0.172784 -0.109082 0.102721 0.292210 0.041552 0.364975 -0.035831 0.114556 0.376483 -0.243811 -0.028517 0.421693 -0.418753 -0.184152 -0.321812
10 -0.184274 -0.531982 0.157481 -0.166240 -0.098289 0.126316 0.323675 0.032264 0.363197 -0.057848 0.128620 0.386416 -0.270546 0.019935 0.431749 -0.417625 -0.162892 -0.346032
11 -0.249080 -0.559564 0.189534 -0.146229 -0.107816 0.078376 0.258102 0.091423 0.377732 -0.059754 0.108323 0.413795 -0.267093 0.068225 0.458390 -0.434601 -0.176990 -0.350641
8 -0.136584 -0.507360 0.169381 -0.172629 -0.114272 0.091621 0.325626 0.008254 0.277826 -0.014014 0.089239 0.303115 -0.239703 -0.065845 0.428048 -0.454447 -0.140355 -0.365108
3 -0.135372 -0.495144 0.211892 -0.208536 -0.094525 0.090216 0.407316 -0.027047 0.249159 -0.046268 0.114997 0.252871 -0.258525 -0.182728 0.462119 -0.551826 -0.148959 -0.509524
1 -0.167314 -0.543380 0.194099 -0.219691 -0.093893 0.079740 0.342525 0.013033 0.326992 -0.033110 0.087777 0.307097 -0.229856 -0.105557 0.440110 -0.492121 -0.153722 -0.414494
16 -0.187514 -0.488262 0.193995 -0.160578 -0.115522 0.080579 0.303799 0.031458 0.307633 -0.020240 0.082747 0.352501 -0.236502 0.022255 0.448920 -0.436361 -0.197624 -0.405151
17 -0.247087 -0.554505 0.200707 -0.133886 -0.146886 0.065817 0.279134 0.088948 0.388717 -0.012618 0.118435 0.445445 -0.238783 0.098841 0.424535 -0.384515 -0.177954 -0.375982
6 -0.166417 -0.548731 0.197297 -0.169963 -0.119518 0.104520 0.344714 0.031977 0.322397 -0.020890 0.116075 0.342751 -0.247037 -0.052349 0.487449 -0.470765 -0.198563 -0.435922
14 -0.170521 -0.544242 0.194878 -0.214182 -0.091140 0.114627 0.320189 0.000428 0.309052 -0.025943 0.082124 0.348795 -0.260298 -0.062187 0.458978 -0.463889 -0.164461 -0.392001
7 -0.095779 -0.492828 0.146533 -0.204228 -0.128470 0.109810 0.356770 -0.003976 0.302361 -0.032273 0.087012 0.292623 -0.217539 -0.139651 0.462653 -0.474048 -0.162571 -0.421764
4 -0.128404 -0.489916 0.193680 -0.207238 -0.084055 0.080587 0.363602 0.002725 0.285034 -0.053775 0.141119 0.298198 -0.222084 -0.147303 0.465816 -0.534104 -0.165208 -0.494582
12 -0.247107 -0.561528 0.191170 -0.183594 -0.127975 0.081053 0.279477 0.027987 0.336122 -0.022793 0.141511 0.424265 -0.267594 0.043564 0.438655 -0.410912 -0.191440 -0.362346
