18 18
3 -0.268070 -0.536126 0.374891 -0.314159 0.026186 0.091809 0.161622 0.144206 0.034657 -0.066827 -0.015978 0.189124 -0.209548 -0.327987 0.393634 -0.584738 -0.028753 -0.334984
2 -0.182052 -0.535134 0.343532 -0.323765 0.004827 0.084397 0.164127 0.192927 0.047431 -0.051182 -0.063261 0.224107 -0.146704 -0.362730 0.415373 -0.615864 -0.063181 -0.312840
13 -0.194617 -0.530425 0.360203 -0.323672 0.001182 0.073014 0.157388 0.151982 0.068109 -0.023233 -0.062626 0.178328 -0.144425 -0.345411 0.417944 -0.574166 -0.077451 -0.335319
14 -0.247689 -0.562611 0.390559 -0.344779 0.031175 0.098051 0.142750 0.143775 0.052952 -0.036843 -0.069423 0.219300 -0.193119 -0.312822 0.425633 -0.588981 -0.040028 -0.338953
16 -0.211221 -0.518250 0.342082 -0.299108 0.004781 0.085514 0.170167 0.151142 0.064760 -0.046185 -0.057312 0.217895 -0.185284 -0.278842 0.431250 -0.581754 -0.074903 -0.340046
10 -0.236393 -0.556313 0.337879 -0.337297 0.021690 0.127761 0.170079 0.139463 0.083261 -0.076204 -0.011228 0.246005 -0.201362 -0.292839 0.404956 -0.563230 -0.040569 -0.302708
8 -0.195459 -0.555126 0.372249 -0.277835 -0.002988 0.081047 0.175615 0.196445 0.053516 -0.021565 -0.076825 0.195663 -0.193757 -0.340665 0.448741 -0.621707 -0.035277 -0.332279
11 -0.218204 -0.533035 0.350461 -0.273544 0.028911 0.064046 0.126920 0.196510 0.072969 -0.065638 -0.052905 0.195891 -0.178205 -0.306788 0.427739 -0.585903 -0.054346 -0.317110
1 -0.212521 -0.533489 0.359413 -0.302866 0.021588 0.046979 0.148225 0.189877 0.081142 -0.037076 -0.073178 0.185347 -0.138775 -0.332469 0.389480 -0.584013 -0.043471 -0.328876
0 -0.232163 -0.534133 0.333372 -0.354573 -0.008916 0.117882 0.135186 0.129769 0.058732 -0.058965 -0.005151 0.214200 -0.162019 -0.302396 0.416391 -0.568622 -0.022589 -0.313690
5 -0.202130 -0.538309 0.310478 -0.303932 0.038161 0.067580 0.161984 0.134373 0.086193 -0.064884 -0.021540 0.219456 -0.174830 -0.306808 0.412441 -0.582745 -0.065648 -0.335915
9 -0.247109 -0.534262 0.330240 -0.338779 0.016204 0.095763 0.147267 0.154811 0.093067 -0.059063 -0.030664 0.238494 -0.180564 -0.331112 0.405210 -0.584431 -0.064615 -0.304319
7 -0.184666 -0.539069 0.329894 -0.337326 -0.014210 0.110078 0.159823 0.182174 0.096775 -0.055986 -0.061099 0.221235 -0.156937 -0.368520 0.444898 -0.597405 -0.036069 -0.332257
15 -0.248729 -0.556978 0.360459 -0.335147 0.018732 0.115927 0.167544 0.126181 0.067170 -0.062116 -0.023583 0.206777 -0.172351 -0.296569 0.419546 -0.581351 -0.070677 -0.335443
12 -0.278156 -0.587381 0.362384 -0.375211 -0.006096 0.098576 0.134448 0.111206 0.045102 -0.039864 0.000038 0.250445 -0.182740 -0.299943 0.416276 -0.565657 -0.071854 -0.316647
6 -0.190402 -0.529347 0.348748 -0.253539 0.015227 0.080641 0.164033 0.190538 0.049513 -0.034640 -0.044377 0.189851 -0.180175 -0.333878 0.431080 -0.575420 -0.061114 -0.342817
4 -0.206162 -0.510079 0.359637 -0.303182 0.025984 0.062438 0.129454 0.203889 0.068794 -0.055817 -0.031846 0.207266 -0.140413 -0.353963 0.415325 -0.600810 -0.043411 -0.351690
17 -0.002915 -0.006397 0.005624 0.018021 -0.026928 -0.018564 0.015689 0.014203 0.025956 0.022864 0.010492 0.027524 0.013101 0.016295 -0.014503 0.021066 0.000664 -0.026546
