18 18
2 -0.183932 -0.544137 0.409668 -0.329756 -0.006659 0.175231 0.247058 0.208588 0.002083 -0.044568 -0.078846 0.249397 -0.148005 -0.305410 0.269423 -0.522329 0.026614 -0.220121
3 -0.236426 -0.537432 0.443152 -0.307904 0.004068 0.163638 0.260608 0.208927 0.007296 -0.050539 -0.054163 0.225560 -0.185603 -0.316804 0.254043 -0.528790 0.067483 -0.264277
1 -0.212796 -0.533481 0.411512 -0.312982 0.008254 0.133710 0.225439 0.210286 0.050375 -0.036893 -0.085873 0.221498 -0.134176 -0.284298 0.246691 -0.498484 0.052087 -0.237379
14 -0.218800 -0.578653 0.463372 -0.372129 0.022231 0.204061 0.211444 0.177645 0.014201 -0.031041 -0.110758 0.252051 -0.175754 -0.288520 0.301168 -0.505310 0.051084 -0.235861
11 -0.218833 -0.559637 0.428289 -0.319981 0.012891 0.165627 0.202918 0.218575 0.058316 -0.058807 -0.085178 0.239948 -0.170725 -0.271607 0.312433 -0.520426 0.033105 -0.242111
15 -0.248461 -0.559129 0.453289 -0.348588 0.010037 0.197914 0.261387 0.171913 0.028655 -0.052289 -0.055439 0.232265 -0.162929 -0.280341 0.279901 -0.530646 0.031641 -0.264273
13 -0.187271 -0.545841 0.441195 -0.356510 -0.004728 0.178185 0.233052 0.173375 0.033897 -0.021886 -0.096732 0.213155 -0.147303 -0.311622 0.294154 -0.507892 0.027059 -0.251554
10 -0.191280 -0.541775 0.407980 -0.326671 0.016621 0.204205 0.237389 0.185468 0.057515 -0.056820 -0.077163 0.242917 -0.171866 -0.262340 0.274967 -0.474633 0.045036 -0.216188
16 -0.201652 -0.521408 0.408240 -0.314836 -0.011390 0.164204 0.253483 0.186845 0.028240 -0.034326 -0.081665 0.247834 -0.162864 -0.269942 0.285131 -0.513662 0.008541 -0.260470
5 -0.197065 -0.572731 0.376611 -0.333613 0.014350 0.162325 0.257192 0.157628 0.049352 -0.055808 -0.039708 0.267897 -0.173152 -0.289643 0.293219 -0.521634 0.005250 -0.256643
4 -0.202205 -0.553353 0.418383 -0.330595 -0.000644 0.164051 0.228503 0.226186 0.028039 -0.050049 -0.036005 0.277533 -0.146618 -0.321531 0.288723 -0.530843 0.024069 -0.264141
7 -0.162310 -0.553391 0.363047 -0.333005 -0.033708 0.188667 0.255372 0.204713 0.062183 -0.049352 -0.073837 0.269189 -0.144157 -0.338383 0.302203 -0.508790 0.010069 -0.239169
6 -0.193053 -0.579250 0.419562 -0.313539 -0.007960 0.189052 0.260805 0.219468 0.025288 -0.035163 -0.053519 0.266156 -0.173003 -0.329043 0.308427 -0.523528 0.009379 -0.261498
0 -0.226611 -0.601377 0.456816 -0.383079 -0.019404 0.211343 0.241366 0.195917 0.027251 -0.041059 -0.057775 0.256105 -0.171232 -0.312783 0.325225 -0.554526 0.064710 -0.263004
17 -0.220904 -0.584160 0.440413 -0.328731 -0.034621 0.160475 0.269562 0.223943 0.057953 -0.018809 -0.059202 0.290022 -0.153178 -0.298175 0.278473 -0.521870 0.036490 -0.281997
12 -0.235918 -0.604773 0.429968 -0.373513 -0.024517 0.176966 0.227979 0.170650 0.012456 -0.023663 -0.043057 0.291348 -0.169682 -0.296117 0.301497 -0.509772 -0.006973 -0.235320
9 -0.225544 -0.549371 0.393587 -0.326656 -0.006110 0.162407 0.245493 0.222791 0.048953 -0.047328 -0.052619 0.276672 -0.162819 -0.332348 0.261111 -0.533515 0.021042 -0.223896
8 -0.193298 -0.556982 0.408863 -0.303083 -0.026715 0.174935 0.257621 0.205931 0.028511 -0.022176 -0.071705 0.248577 -0.174371 -0.296141 0.288786 -0.521089 0.042754 -0.234604
