18 18
0 -0.238366 -0.515983 0.123977 -0.264187 -0.148067 -0.027604 0.188052 0.077088 0.287318 -0.068820 0.154382 0.438364 -0.042195 -0.137381 0.344324 -0.409920 -0.247168 -0.403823
5 -0.232480 -0.562722 0.085402 -0.224665 -0.105096 -0.057745 0.251632 0.097375 0.379823 -0.118886 0.151765 0.518027 -0.083549 -0.131174 0.356155 -0.456297 -0.304039 -0.455867
3 -0.318167 -0.553953 0.176323 -0.273931 -0.126818 -0.029373 0.209392 0.073651 0.266844 -0.095459 0.203345 0.482538 -0.095931 -0.161231 0.346112 -0.447833 -0.269049 -0.448939
12 -0.297535 -0.538832 0.134162 -0.280238 -0.131821 -0.035879 0.156255 0.026220 0.242201 -0.063672 0.212905 0.470501 -0.064268 -0.111505 0.329118 -0.370329 -0.301362 -0.380270
7 -0.202354 -0.525422 0.086621 -0.238476 -0.144081 -0.034695 0.216219 0.112607 0.360462 -0.085623 0.104813 0.478438 -0.050317 -0.167103 0.346333 -0.410719 -0.266675 -0.414679
13 -0.206958 -0.540955 0.130155 -0.257494 -0.152352 -0.078754 0.240279 0.112582 0.371848 -0.054313 0.089716 0.475806 -0.033025 -0.189191 0.350148 -0.448203 -0.309548 -0.456924
11 -0.272487 -0.522184 0.118235 -0.213391 -0.118943 -0.081565 0.178912 0.129911 0.332431 -0.121346 0.159573 0.464000 -0.051380 -0.105887 0.354514 -0.429749 -0.311974 -0.427546
2 -0.208801 -0.588220 0.125883 -0.273679 -0.151215 -0.019152 0.245446 0.126655 0.335120 -0.069721 0.092237 0.544607 -0.065103 -0.189174 0.357421 -0.472865 -0.278988 -0.414022
8 -0.243231 -0.639484 0.170071 -0.288591 -0.155495 0.028104 0.255768 0.089536 0.339097 -0.036127 0.095125 0.549854 -0.123741 -0.168245 0.396465 -0.462289 -0.234072 -0.414091
1 -0.249882 -0.552937 0.135353 -0.240239 -0.128895 -0.119363 0.237131 0.164761 0.390781 -0.084558 0.092206 0.488824 -0.030210 -0.177087 0.326821 -0.478551 -0.280394 -0.468060
17 -0.220165 -0.482209 0.105771 -0.177919 -0.156800 -0.106446 0.226234 0.149395 0.366599 -0.073871 0.136071 0.477058 -0.015932 -0.122016 0.300298 -0.388760 -0.283988 -0.459625
16 -0.234839 -0.493538 0.121790 -0.225847 -0.148587 -0.084173 0.237097 0.114162 0.333595 -0.078866 0.118998 0.475349 -0.049390 -0.130092 0.348555 -0.446952 -0.312645 -0.465537
10 -0.300725 -0.749061 0.180171 -0.358380 -0.145586 0.052250 0.300362 0.090145 0.421495 -0.086044 0.147689 0.679753 -0.153744 -0.176742 0.440502 -0.512715 -0.289922 -0.476572
9 -0.256518 -0.570499 0.121176 -0.284389 -0.130189 -0.004689 0.216605 0.090552 0.339880 -0.064438 0.133221 0.531039 -0.085444 -0.182098 0.354524 -0.439318 -0.278064 -0.396984
15 -0.269937 -0.495666 0.145326 -0.258344 -0.109181 -0.001072 0.182230 0.049313 0.256677 -0.088743 0.165785 0.411764 -0.043523 -0.114833 0.329562 -0.393760 -0.284381 -0.398698
14 -0.312297 -0.768469 0.228158 -0.385335 -0.136052 0.047931 0.280866 0.086511 0.390969 -0.046788 0.091806 0.694204 -0.161238 -0.207350 0.456649 -0.532199 -0.276171 -0.497995
6 -0.233459 -0.525456 0.126453 -0.220208 -0.125413 -0.040764 0.218602 0.111741 0.309313 -0.078281 0.149322 0.459707 -0.059801 -0.158773 0.352438 -0.425163 -0.294754 -0.442937
4 -0.234205 -0.474794 0.119680 -0.229765 -0.110014 -0.049141 0.169980 0.107365 0.292638 -0.085274 0.161148 0.454582 -0.040451 -0.144867 0.316108 -0.403764 -0.258207 -0.406789
