18 18
0 -0.264120 -0.469302 0.200552 -0.223773 0.120554 0.383071 0.215852 0.137342 0.447687 -0.241417 0.223126 0.478860 -0.342109 0.074976 0.208043 -0.113116 0.228804 -0.197867
10 -0.246208 -0.442320 0.188077 -0.199706 0.178890 0.387190 0.236112 0.128317 0.478248 -0.252930 0.190845 0.481697 -0.356684 0.092117 0.131947 -0.043894 0.219607 -0.151928
1 -0.259712 -0.443693 0.211887 -0.201869 0.154624 0.318193 0.218120 0.171223 0.474519 -0.230171 0.157377 0.445112 -0.311830 0.044143 0.140321 -0.103871 0.226214 -0.191626
11 -0.262534 -0.433695 0.197985 -0.163013 0.159364 0.311478 0.180551 0.168170 0.449190 -0.245392 0.166388 0.446413 -0.332507 0.087256 0.181009 -0.109908 0.181759 -0.181002
7 -0.226536 -0.453995 0.164956 -0.206552 0.131685 0.386480 0.240502 0.157902 0.502849 -0.256419 0.180292 0.497475 -0.343837 0.045538 0.192628 -0.091274 0.220669 -0.193874
3 -0.293767 -0.441419 0.234437 -0.209158 0.183699 0.370636 0.257723 0.140713 0.429175 -0.284308 0.243345 0.467795 -0.368387 0.046322 0.145419 -0.132482 0.247497 -0.240697
4 -0.297784 -0.469867 0.234358 -0.209355 0.195687 0.359451 0.222802 0.197876 0.501718 -0.302221 0.271816 0.549352 -0.358513 0.077520 0.176764 -0.135150 0.243491 -0.257679
12 -0.309251 -0.483095 0.223962 -0.213444 0.151890 0.321357 0.183246 0.142715 0.438828 -0.243012 0.242139 0.519757 -0.357412 0.094194 0.176456 -0.100147 0.194057 -0.204128
2 -0.248940 -0.470739 0.200078 -0.207287 0.152523 0.356157 0.240377 0.183091 0.452163 -0.269907 0.207622 0.514137 -0.334353 0.058524 0.165914 -0.135055 0.207373 -0.196336
8 -0.280608 -0.510944 0.238541 -0.203869 0.148282 0.390353 0.251920 0.177286 0.504884 -0.244162 0.196059 0.522351 -0.390831 0.075781 0.202664 -0.118144 0.245898 -0.211049
9 -0.257047 -0.439616 0.171221 -0.197343 0.154084 0.350562 0.211621 0.161946 0.492087 -0.241541 0.181356 0.495035 -0.341932 0.049328 0.155997 -0.088730 0.194926 -0.155009
5 -0.250151 -0.478399 0.169772 -0.214414 0.185634 0.357160 0.282096 0.112939 0.478390 -0.289356 0.258189 0.523634 -0.362240 0.074755 0.182090 -0.150229 0.198667 -0.254231
17 -0.234886 -0.427598 0.183661 -0.170567 0.112666 0.326284 0.246397 0.155161 0.464032 -0.210861 0.195642 0.482990 -0.301872 0.076613 0.145413 -0.076187 0.195133 -0.218652
15 -0.270506 -0.437236 0.211180 -0.217653 0.157160 0.372698 0.258309 0.109279 0.426770 -0.261417 0.222792 0.461409 -0.317822 0.071142 0.168853 -0.130745 0.177847 -0.232706
6 -0.253876 -0.460885 0.213518 -0.181898 0.152959 0.385358 0.254186 0.167764 0.466101 -0.246409 0.207482 0.487625 -0.358991 0.055584 0.185502 -0.093063 0.212966 -0.223680
16 -0.258694 -0.455391 0.205543 -0.209523 0.139520 0.381735 0.278983 0.142497 0.482106 -0.250295 0.196233 0.509222 -0.358954 0.087441 0.199881 -0.128072 0.192432 -0.243813
13 -0.240630 -0.456633 0.221042 -0.230720 0.160608 0.369328 0.237079 0.124444 0.491969 -0.227124 0.169202 0.474930 -0.351112 0.046376 0.168994 -0.076241 0.208096 -0.197959
14 -0.266712 -0.468230 0.236626 -0.236077 0.183558 0.386903 0.212783 0.120463 0.460043 -0.225494 0.155356 0.497479 -0.366611 0.071452 0.153742 -0.053300 0.237744 -0.178227
