18 18
8 -0.492803 -0.599770 0.419922 -0.244811 -0.011145 -0.139442 -0.052882 0.108609 0.160355 0.050152 0.266655 0.428337 -0.243009 -0.024041 0.326809 -0.362846 -0.006287 -0.420981
0 -0.449560 -0.560486 0.354369 -0.276065 -0.036810 -0.105370 -0.061299 0.086900 0.161648 0.038284 0.268738 0.412011 -0.184546 -0.027987 0.311168 -0.317325 0.008248 -0.388921
6 -0.489833 -0.601454 0.402044 -0.232062 0.012876 -0.133516 -0.045607 0.124594 0.169860 0.019415 0.283778 0.416940 -0.239927 -0.045952 0.339683 -0.364031 -0.035383 -0.437516
2 -0.466305 -0.573997 0.384866 -0.258794 -0.011477 -0.131831 -0.044537 0.117603 0.141632 0.023039 0.269993 0.436308 -0.205207 -0.042704 0.302611 -0.359387 -0.028649 -0.396451
1 -0.511616 -0.578507 0.411965 -0.254921 0.029947 -0.167196 -0.070486 0.123110 0.182113 0.011765 0.266364 0.409925 -0.210629 -0.030447 0.284334 -0.356322 -0.002831 -0.429182
3 -0.500680 -0.510555 0.395754 -0.214264 0.028534 -0.143612 -0.059305 0.103869 0.121680 -0.009903 0.291778 0.364357 -0.254419 -0.050413 0.273870 -0.351000 0.018106 -0.411177
11 -0.493966 -0.529627 0.373852 -0.205626 0.037172 -0.155171 -0.096277 0.114250 0.151528 -0.017438 0.267454 0.377872 -0.239952 -0.007103 0.304316 -0.345452 -0.018946 -0.392471
15 -0.501394 -0.570448 0.403957 -0.272659 0.007618 -0.094773 -0.048555 0.068037 0.164510 0.016350 0.282728 0.414619 -0.215643 -0.008835 0.318304 -0.331997 -0.040509 -0.408370
9 -0.460125 -0.521892 0.332235 -0.250630 -0.000467 -0.120385 -0.062371 0.109845 0.190114 0.013299 0.264889 0.422496 -0.191296 -0.052006 0.279360 -0.322373 -0.030156 -0.360989
13 -0.464052 -0.576644 0.399076 -0.285733 -0.010965 -0.141951 -0.051782 0.085576 0.182966 0.048131 0.255717 0.410616 -0.198228 -0.061329 0.313675 -0.344495 -0.030657 -0.422810
10 -0.473178 -0.568858 0.366518 -0.241768 0.014621 -0.106536 -0.041623 0.103765 0.191744 -0.002111 0.292807 0.433312 -0.238332 -0.012043 0.295681 -0.317155 -0.004274 -0.392088
5 -0.440652 -0.571803 0.333034 -0.247973 0.019576 -0.134185 -0.022556 0.069091 0.195871 0.006014 0.270096 0.410614 -0.213420 -0.024887 0.302724 -0.341327 -0.029949 -0.411288
14 -0.482592 -0.567429 0.401597 -0.274188 0.002976 -0.115079 -0.074840 0.089316 0.155107 0.047057 0.237746 0.441540 -0.217657 -0.028861 0.299846 -0.305098 0.001442 -0.400573
7 -0.455681 -0.567743 0.359048 -0.258579 -0.009182 -0.115441 -0.051299 0.109712 0.208096 0.005202 0.255488 0.410611 -0.212627 -0.058572 0.326874 -0.337586 -0.008582 -0.410605
17 -0.479011 -0.578384 0.388695 -0.246124 -0.044222 -0.137506 -0.040309 0.115111 0.195933 0.060251 0.278729 0.468639 -0.197871 -0.013206 0.294235 -0.299611 -0.009837 -0.430982
12 -0.500495 -0.550716 0.374529 -0.234593 -0.000437 -0.154512 -0.088348 0.081935 0.128600 0.031246 0.299579 0.424748 -0.230178 -0.010052 0.288753 -0.310375 -0.033816 -0.389732
4 -0.451706 -0.464501 0.351059 -0.189217 0.030249 -0.149056 -0.089601 0.122048 0.137647 -0.005604 0.282577 0.373721 -0.188920 -0.020581 0.252922 -0.303237 -0.000221 -0.385949
16 -0.448705 -0.519737 0.367820 -0.247145 -0.010540 -0.116591 -0.032767 0.079537 0.162451 0.027276 0.240199 0.399671 -0.211465 0.000152 0.313689 -0.332454 -0.049431 -0.409724
