18 18
1 -0.289640 -0.478291 0.324191 -0.384044 -0.132908 0.364139 0.217888 -0.014044 0.232206 -0.074640 0.134868 0.241572 -0.049745 -0.040435 0.508724 -0.412796 -0.146263 -0.395115
3 -0.294851 -0.470393 0.324699 -0.381784 -0.142620 0.396453 0.259008 -0.036562 0.169845 -0.097734 0.195121 0.224360 -0.098659 -0.077679 0.532049 -0.457000 -0.152560 -0.412805
4 -0.216541 -0.385461 0.292253 -0.281202 -0.125846 0.382637 0.082075 0.173563 0.331725 -0.129310 0.077583 0.346303 0.026824 -0.067676 0.580482 -0.368405 -0.141619 -0.448969
2 -0.217676 -0.443927 0.270435 -0.342281 -0.139709 0.378631 0.212538 0.009324 0.184298 -0.094431 0.133235 0.251710 -0.040814 -0.047077 0.510424 -0.408354 -0.176561 -0.339210
6 -0.224726 -0.415631 0.284678 -0.298943 -0.127529 0.380054 0.194027 0.023711 0.208139 -0.079102 0.140636 0.235892 -0.050351 -0.044744 0.515447 -0.360640 -0.154273 -0.382775
13 -0.209206 -0.410428 0.275020 -0.363338 -0.129911 0.370288 0.231143 -0.079263 0.203905 -0.064733 0.127671 0.190161 -0.053659 -0.031303 0.490152 -0.373379 -0.172119 -0.352711
16 -0.245308 -0.421895 0.287539 -0.345518 -0.144127 0.373953 0.231607 -0.025072 0.208001 -0.078943 0.130379 0.250871 -0.066586 -0.016060 0.527124 -0.405230 -0.182512 -0.399453
9 -0.215631 -0.382081 0.254268 -0.289988 -0.141044 0.367355 0.104591 0.134053 0.332977 -0.094763 0.063399 0.343590 0.008331 -0.082399 0.537981 -0.342738 -0.153901 -0.396336
0 -0.231273 -0.419265 0.274358 -0.376503 -0.144215 0.408421 0.216502 -0.070008 0.209179 -0.080194 0.162088 0.215694 -0.062604 -0.014812 0.513674 -0.374012 -0.116534 -0.372967
7 -0.205158 -0.426045 0.267699 -0.322245 -0.167425 0.414158 0.149218 0.098721 0.328440 -0.108462 0.070588 0.319670 -0.006197 -0.083607 0.590885 -0.373205 -0.148316 -0.427213
11 -0.241674 -0.446145 0.289344 -0.303249 -0.122387 0.378644 0.149328 0.075620 0.292494 -0.120181 0.083682 0.290501 -0.042417 -0.015795 0.568588 -0.393025 -0.165615 -0.392116
8 -0.242020 -0.457152 0.291373 -0.340409 -0.145639 0.390390 0.226181 -0.019862 0.210365 -0.067593 0.135725 0.243027 -0.080341 -0.032556 0.528393 -0.402946 -0.141476 -0.367853
15 -0.245356 -0.408732 0.268373 -0.349020 -0.104156 0.393821 0.220338 -0.088627 0.211848 -0.086822 0.147485 0.211940 -0.063112 0.015337 0.471065 -0.343658 -0.154131 -0.346350
10 -0.240383 -0.445956 0.274847 -0.365048 -0.118887 0.436053 0.252785 -0.058016 0.245203 -0.108128 0.168146 0.256739 -0.083200 0.011801 0.508654 -0.369205 -0.147911 -0.359809
12 -0.276196 -0.461254 0.279512 -0.367717 -0.156684 0.357993 0.196441 -0.036106 0.189117 -0.065152 0.183696 0.273509 -0.065161 -0.035888 0.515171 -0.385550 -0.191789 -0.364807
5 -0.235416 -0.450245 0.241278 -0.358384 -0.105004 0.373845 0.248752 -0.074203 0.242513 -0.107183 0.174970 0.247658 -0.084617 -0.022444 0.511218 -0.406189 -0.163771 -0.388072
17 -0.226563 -0.441029 0.302480 -0.310944 -0.178857 0.392852 0.163357 0.107949 0.336400 -0.080225 0.094284 0.354155 0.006185 -0.045372 0.572087 -0.361086 -0.158045 -0.458315
14 -0.220117 -0.399514 0.315144 -0.298885 -0.133679 0.388536 0.073133 0.143876 0.321092 -0.074844 0.009934 0.356633 0.009179 -0.069332 0.557901 -0.312674 -0.112540 -0.436839
