18 18
10 -0.423441 -0.507897 0.342341 -0.421133 0.009750 0.242334 0.215187 -0.079442 0.195236 -0.093713 0.245776 0.477431 -0.270911 -0.037045 0.241764 -0.327934 -0.023521 -0.322416
5 -0.459000 -0.552215 0.347253 -0.435339 0.022249 0.215036 0.235409 -0.094366 0.212215 -0.100230 0.266863 0.512908 -0.287859 -0.052811 0.272407 -0.391957 -0.043938 -0.388137
17 -0.438131 -0.499868 0.360060 -0.394661 -0.031586 0.189710 0.218317 -0.053532 0.197741 -0.051295 0.240334 0.489945 -0.242989 -0.047531 0.236189 -0.336986 -0.038267 -0.373445
13 -0.437371 -0.519614 0.377689 -0.464717 -0.018974 0.219459 0.225947 -0.097267 0.185116 -0.052985 0.222100 0.454732 -0.246635 -0.095940 0.261131 -0.372514 -0.053541 -0.362303
9 -0.463940 -0.506001 0.344886 -0.446255 -0.015674 0.214282 0.203910 -0.058887 0.193354 -0.069936 0.228739 0.479563 -0.251952 -0.108889 0.247542 -0.375450 -0.044705 -0.335531
4 -0.422994 -0.457463 0.345059 -0.386308 0.017838 0.189230 0.172377 -0.039074 0.179777 -0.096203 0.259216 0.469174 -0.232752 -0.055743 0.242869 -0.353250 -0.029596 -0.361218
14 -0.451122 -0.518071 0.381813 -0.439759 0.014692 0.224547 0.183619 -0.078606 0.164058 -0.064328 0.211955 0.484675 -0.268981 -0.058543 0.249887 -0.340759 -0.013116 -0.347105
16 -0.459544 -0.508658 0.378703 -0.432562 -0.010142 0.217648 0.238261 -0.077273 0.173330 -0.074179 0.222346 0.492540 -0.279785 -0.051108 0.280562 -0.403687 -0.064565 -0.389049
3 -0.457152 -0.490591 0.377606 -0.412208 0.003379 0.212617 0.215544 -0.063695 0.141669 -0.087107 0.238478 0.438412 -0.280012 -0.093704 0.237297 -0.381238 -0.006837 -0.355759
15 -0.449586 -0.509014 0.366583 -0.438402 -0.000156 0.232163 0.206793 -0.095412 0.172749 -0.077429 0.234664 0.452230 -0.244082 -0.049004 0.255954 -0.350767 -0.049145 -0.345784
1 -0.442073 -0.503078 0.363662 -0.418519 0.005043 0.166825 0.193001 -0.051154 0.180758 -0.060789 0.199700 0.435769 -0.225032 -0.075376 0.213016 -0.353941 -0.016007 -0.340480
8 -0.433155 -0.524817 0.362632 -0.414438 -0.023189 0.219975 0.220441 -0.068669 0.169797 -0.051260 0.219636 0.462645 -0.268263 -0.063336 0.265330 -0.372477 -0.021026 -0.334989
11 -0.450328 -0.511459 0.362812 -0.400777 0.013470 0.205662 0.177463 -0.038556 0.194785 -0.100528 0.218553 0.476905 -0.270573 -0.039843 0.282054 -0.373403 -0.048625 -0.347511
12 -0.462004 -0.526931 0.358842 -0.446729 -0.011496 0.206111 0.182720 -0.098535 0.159583 -0.063597 0.257227 0.494450 -0.265211 -0.051105 0.255737 -0.341144 -0.055492 -0.339387
2 -0.423179 -0.509707 0.355004 -0.429245 -0.010233 0.214210 0.225306 -0.056271 0.155784 -0.078206 0.227887 0.488530 -0.244066 -0.083821 0.243034 -0.384682 -0.051037 -0.342228
0 -0.434597 -0.507404 0.353452 -0.441365 -0.023373 0.221337 0.182498 -0.079001 0.160727 -0.073549 0.256011 0.452478 -0.244996 -0.055490 0.264151 -0.353153 -0.009030 -0.337316
7 -0.429986 -0.515505 0.351462 -0.448517 -0.029167 0.239186 0.218579 -0.065255 0.200758 -0.082003 0.224513 0.483450 -0.260237 -0.100145 0.281516 -0.374663 -0.031288 -0.366918
6 0.007299 -0.006988 0.006429 0.025394 0.003018 0.008962 0.013628 0.017139 -0.003415 0.002961 0.009307 -0.005691 -0.008572 -0.012634 0.015137 0.000585 -0.007433 -0.019036
