18 18
15 -0.395144 -0.511395 0.291303 -0.394565 -0.055539 0.051288 0.023419 0.026180 0.153254 -0.021765 0.156418 0.353064 -0.129020 -0.102830 0.398268 -0.477565 -0.168873 -0.288789
6 -0.362131 -0.530086 0.262248 -0.376510 -0.087768 0.020228 0.027706 0.091580 0.177109 0.009592 0.132324 0.402239 -0.111645 -0.124822 0.378459 -0.430869 -0.212913 -0.272901
11 -0.413831 -0.553197 0.285263 -0.388733 -0.079170 -0.028251 -0.019885 0.101810 0.200625 -0.009513 0.104079 0.405951 -0.112969 -0.074302 0.396308 -0.460702 -0.218998 -0.271654
0 -0.370824 -0.509177 0.266194 -0.417359 -0.110835 0.029558 -0.005745 0.056109 0.154295 0.004027 0.148091 0.366627 -0.097040 -0.113838 0.403595 -0.461976 -0.168728 -0.261404
9 -0.374580 -0.520751 0.238342 -0.413660 -0.108868 0.020891 0.016105 0.098495 0.220925 0.011116 0.137947 0.437973 -0.100304 -0.150570 0.385122 -0.469761 -0.220344 -0.250198
17 -0.399182 -0.568989 0.284387 -0.426913 -0.145798 -0.010351 0.033227 0.082297 0.212785 0.041393 0.138911 0.455652 -0.091051 -0.105233 0.379172 -0.444793 -0.222621 -0.295574
2 -0.357976 -0.538506 0.258423 -0.430768 -0.140506 0.000763 0.024191 0.104097 0.175190 0.026002 0.104439 0.435535 -0.063533 -0.129238 0.371576 -0.460270 -0.253347 -0.238713
14 -0.418826 -0.569460 0.312934 -0.426174 -0.044667 0.004493 -0.010265 0.050734 0.141169 -0.001584 0.098269 0.404515 -0.153073 -0.109302 0.388790 -0.460447 -0.166414 -0.285564
13 -0.362468 -0.524552 0.285450 -0.428354 -0.111444 0.007258 0.028466 0.052028 0.177308 0.027258 0.120825 0.374600 -0.092924 -0.144578 0.398675 -0.476047 -0.218467 -0.285670
8 -0.377972 -0.526773 0.298431 -0.361302 -0.066144 0.048470 0.034871 0.046050 0.144116 -0.002984 0.166042 0.351937 -0.165285 -0.119351 0.424190 -0.507553 -0.118570 -0.300930
3 -0.414371 -0.511918 0.309239 -0.383006 -0.055772 0.011423 0.027863 0.046588 0.111780 -0.019983 0.152768 0.340402 -0.161857 -0.145010 0.370489 -0.492954 -0.137381 -0.305960
12 -0.413527 -0.547266 0.278637 -0.419878 -0.116264 -0.014886 -0.011619 0.042411 0.146125 0.035107 0.148688 0.417253 -0.109953 -0.095029 0.380112 -0.425640 -0.232689 -0.257714
1 -0.409856 -0.566456 0.291361 -0.429741 -0.090291 -0.031008 0.008607 0.098775 0.209687 0.015235 0.106191 0.417863 -0.087776 -0.117680 0.365483 -0.465084 -0.203161 -0.281060
16 -0.374225 -0.499486 0.256490 -0.388397 -0.106625 -0.011975 0.027564 0.060655 0.175275 0.013117 0.104326 0.395294 -0.102420 -0.076494 0.371932 -0.437212 -0.227805 -0.280097
4 -0.388754 -0.483530 0.284669 -0.368049 -0.045780 0.008475 -0.009239 0.075786 0.152722 -0.030389 0.186280 0.367151 -0.117750 -0.121758 0.390387 -0.482353 -0.148104 -0.311246
10 -0.366034 -0.528613 0.248875 -0.394583 -0.078006 0.045339 0.034592 0.070858 0.200711 -0.016143 0.149561 0.421526 -0.135511 -0.100282 0.367332 -0.431709 -0.177262 -0.248849
5 -0.385326 -0.538651 0.239024 -0.368141 -0.028998 -0.000760 0.031799 0.032419 0.173625 -0.043186 0.161044 0.389560 -0.158273 -0.090558 0.375578 -0.467109 -0.171724 -0.290315
7 0.025536 0.002637 -0.024458 -0.006487 -0.021911 0.018456 0.005430 0.006920 0.025711 -0.005710 -0.012468 0.004183 0.006040 -0.027377 0.019628 0.004891 0.006248 -0.002409
