18 18
8 -0.174572 -0.451239 0.376057 -0.055800 -0.201365 0.132067 0.261748 0.099975 0.336032 0.130913 -0.025847 0.244200 -0.252302 0.189530 0.568116 -0.328321 -0.058671 -0.525596
16 -0.190010 -0.403099 0.364471 -0.061108 -0.175409 0.094467 0.253670 0.093040 0.348331 0.102200 -0.035301 0.257834 -0.233416 0.217064 0.545157 -0.320922 -0.109892 -0.565034
6 -0.170575 -0.436326 0.381967 -0.035028 -0.174756 0.118714 0.254061 0.128351 0.343483 0.115237 -0.004928 0.239907 -0.231363 0.166678 0.547746 -0.301963 -0.070740 -0.560545
13 -0.177917 -0.464384 0.414891 -0.078098 -0.200549 0.117607 0.274225 0.103630 0.395182 0.137937 -0.023521 0.268934 -0.244691 0.192968 0.603350 -0.332490 -0.097633 -0.609706
11 -0.210894 -0.467251 0.397135 -0.050334 -0.167173 0.100887 0.238337 0.131850 0.392215 0.085153 -0.018796 0.274636 -0.258175 0.218845 0.590642 -0.342027 -0.096300 -0.577051
10 -0.169763 -0.440200 0.362159 -0.047571 -0.156567 0.131725 0.257968 0.115949 0.394068 0.094129 0.013142 0.295124 -0.249484 0.220525 0.529061 -0.270862 -0.046896 -0.536162
15 -0.220986 -0.444199 0.378844 -0.093847 -0.160827 0.134196 0.251311 0.062281 0.345913 0.080993 -0.007790 0.242904 -0.231593 0.207001 0.557388 -0.332465 -0.113774 -0.553177
17 -0.191798 -0.457714 0.398527 -0.044187 -0.206807 0.093960 0.267708 0.135979 0.409238 0.139396 -0.002086 0.313605 -0.236925 0.226388 0.561041 -0.299248 -0.062592 -0.606439
0 -0.191204 -0.464398 0.383177 -0.092790 -0.219915 0.131934 0.238630 0.103893 0.357508 0.125490 0.003330 0.265361 -0.236480 0.193957 0.599087 -0.334734 -0.055966 -0.566644
3 -0.197719 -0.402634 0.367706 -0.058822 -0.158984 0.101673 0.246383 0.090258 0.304003 0.091602 -0.005134 0.217975 -0.246175 0.155901 0.499641 -0.316276 -0.041926 -0.526400
7 -0.157968 -0.421476 0.343533 -0.068714 -0.197956 0.125585 0.244916 0.110068 0.373271 0.102024 -0.028361 0.256657 -0.221384 0.165197 0.553234 -0.299836 -0.072306 -0.540606
1 -0.227952 -0.499544 0.424414 -0.092858 -0.185656 0.093084 0.253004 0.133600 0.401553 0.121579 -0.031683 0.271327 -0.235355 0.190483 0.583503 -0.361682 -0.055733 -0.602917
5 -0.183680 -0.479187 0.358962 -0.064692 -0.158296 0.105697 0.275346 0.089094 0.399538 0.098184 0.007904 0.296138 -0.257652 0.203902 0.573076 -0.333927 -0.079314 -0.586451
4 -0.171283 -0.428075 0.385913 -0.037681 -0.145384 0.093507 0.223028 0.153596 0.391330 0.099015 0.036245 0.300426 -0.221800 0.189453 0.531270 -0.288194 -0.029603 -0.575936
14 -0.185657 -0.446581 0.402035 -0.071724 -0.153368 0.113993 0.223135 0.109863 0.349382 0.124969 -0.026480 0.282434 -0.237292 0.191813 0.527966 -0.273903 -0.042878 -0.546067
12 -0.243893 -0.509615 0.414189 -0.093996 -0.208892 0.116883 0.252263 0.074560 0.362516 0.130829 0.009896 0.300354 -0.269517 0.227506 0.611237 -0.335267 -0.126144 -0.590298
2 0.021368 -0.003688 -0.004957 -0.007525 -0.007603 0.001755 0.011077 0.016235 -0.024745 -0.003279 -0.008624 0.014563 0.014594 -0.017313 -0.004715 -0.020484 -0.014205 0.014938
9 -0.008402 0.003844 -0.023332 -0.006576 0.000593 0.000225 -0.003692 0.013429 0.026437 -0.004111 0.005667 0.021814 0.003016 -0.025362 -0.007905 -0.006482 -0.012628 0.018993
