18 18
10 -0.221397 -0.543171 0.334047 -0.333245 -0.151592 0.136691 0.388262 0.023276 0.597173 0.037690 -0.048725 0.341353 -0.124547 0.063804 0.339159 -0.186271 -0.209994 -0.449933
8 -0.184201 -0.511334 0.326102 -0.256835 -0.160662 0.087522 0.373449 0.096524 0.515753 0.053228 -0.068631 0.294109 -0.120601 -0.027266 0.338072 -0.262541 -0.122725 -0.462978
1 -0.211011 -0.503350 0.329810 -0.285211 -0.135909 0.054749 0.359642 0.107378 0.533602 0.033707 -0.070163 0.287462 -0.081304 -0.047985 0.296765 -0.259522 -0.120167 -0.477725
2 -0.134940 -0.487706 0.284493 -0.232522 -0.154173 0.067663 0.421670 0.171560 0.505645 0.002815 -0.050740 0.321780 -0.092084 -0.117839 0.311756 -0.325291 -0.109359 -0.496081
7 -0.147137 -0.476395 0.267799 -0.250653 -0.165919 0.085884 0.394427 0.136987 0.557005 0.003154 -0.048481 0.312884 -0.092156 -0.092801 0.334766 -0.275908 -0.109993 -0.502263
12 -0.231640 -0.502627 0.312513 -0.317256 -0.166693 0.081547 0.312475 0.005954 0.506402 0.069075 -0.020278 0.323199 -0.102837 0.052085 0.316198 -0.164566 -0.217561 -0.418887
0 -0.195762 -0.495816 0.295032 -0.302204 -0.171778 0.106797 0.334467 0.057855 0.501244 0.030857 -0.020021 0.294521 -0.088062 -0.000660 0.327445 -0.229692 -0.133542 -0.434678
5 -0.175348 -0.500908 0.271685 -0.250878 -0.121298 0.064185 0.397459 0.090151 0.532018 0.002343 -0.025209 0.321616 -0.120270 -0.049730 0.316483 -0.284771 -0.126141 -0.496862
6 -0.178007 -0.478232 0.304303 -0.239044 -0.137928 0.082951 0.363455 0.093099 0.506983 0.034835 -0.038855 0.282266 -0.101947 -0.023033 0.321583 -0.228494 -0.159378 -0.468748
17 -0.171987 -0.479741 0.294229 -0.240925 -0.169125 0.064896 0.382618 0.113707 0.533108 0.039363 -0.034443 0.318681 -0.080723 -0.032634 0.294034 -0.234924 -0.127229 -0.484365
14 -0.210187 -0.510508 0.347921 -0.311807 -0.138493 0.099706 0.338876 0.050218 0.510153 0.067644 -0.094404 0.308809 -0.110029 -0.002860 0.325286 -0.209895 -0.153507 -0.453081
11 -0.220479 -0.504153 0.321270 -0.292477 -0.138389 0.079533 0.324149 0.062018 0.550000 0.027550 -0.062875 0.303317 -0.105521 0.037461 0.350279 -0.224201 -0.209028 -0.449059
4 -0.171641 -0.465219 0.293817 -0.228004 -0.130567 0.051092 0.375120 0.167662 0.534857 -0.009447 0.001402 0.322777 -0.085768 -0.088027 0.309825 -0.298981 -0.094250 -0.525426
3 -0.180499 -0.470033 0.307559 -0.214785 -0.133380 0.055681 0.418194 0.156090 0.493215 -0.006926 -0.020478 0.293719 -0.130363 -0.119726 0.291228 -0.315104 -0.071004 -0.524198
9 -0.195007 -0.481665 0.285795 -0.279422 -0.148759 0.081707 0.358639 0.093545 0.546658 0.034333 -0.048172 0.319511 -0.096880 -0.044205 0.314103 -0.245667 -0.162952 -0.446662
16 -0.209324 -0.476579 0.319788 -0.311531 -0.162669 0.093056 0.351685 0.017468 0.536407 0.058950 -0.075455 0.306563 -0.101861 0.063376 0.348748 -0.201121 -0.235492 -0.460804
15 -0.223524 -0.493589 0.327214 -0.331465 -0.139807 0.126360 0.345692 0.007087 0.517698 0.038463 -0.046460 0.284724 -0.082817 0.015292 0.321065 -0.205986 -0.190130 -0.444919
13 -0.176727 -0.469309 0.309206 -0.330146 -0.165923 0.089599 0.318714 -0.005257 0.526930 0.073636 -0.060561 0.271289 -0.068218 0.025102 0.330173 -0.171044 -0.228490 -0.425453
