18 18
3 -0.092430 -0.346598 0.309159 -0.368416 -0.099293 0.146379 0.216749 0.129782 0.301749 0.025731 0.064327 0.237441 -0.088450 -0.524445 0.470208 -0.453250 -0.075038 -0.580733
6 -0.049863 -0.354443 0.297321 -0.323994 -0.115947 0.158842 0.228170 0.142125 0.345422 0.052421 0.058392 0.261417 -0.090005 -0.488379 0.533204 -0.432623 -0.129004 -0.626419
13 -0.054101 -0.337460 0.271600 -0.404216 -0.100212 0.123475 0.188802 0.107700 0.304108 0.045574 0.037081 0.239818 -0.029273 -0.518185 0.452814 -0.438168 -0.126721 -0.523743
14 -0.068101 -0.346643 0.276754 -0.357960 -0.079275 0.157389 0.178289 0.113033 0.293236 0.043890 0.023591 0.252081 -0.073882 -0.467810 0.446162 -0.389031 -0.076860 -0.506682
9 -0.134027 -0.420083 0.203544 -0.530865 -0.060047 -0.018734 0.071695 0.228901 0.209629 0.033061 0.072245 0.367596 0.132743 -0.669494 0.257999 -0.521847 -0.196471 -0.286134
16 -0.062541 -0.304920 0.274418 -0.320241 -0.106177 0.144343 0.215251 0.108801 0.326201 0.033777 0.033475 0.250576 -0.092254 -0.417524 0.494233 -0.415039 -0.118306 -0.587460
4 -0.068861 -0.314913 0.269011 -0.341216 -0.082083 0.129038 0.175606 0.145373 0.323208 0.020394 0.073004 0.255220 -0.051144 -0.482504 0.462726 -0.424861 -0.094053 -0.561223
15 -0.084092 -0.344832 0.278215 -0.360437 -0.098585 0.191867 0.228678 0.078069 0.319598 0.016457 0.060985 0.233905 -0.084456 -0.439963 0.480521 -0.414961 -0.105524 -0.550566
5 -0.062041 -0.356916 0.207737 -0.352520 -0.071636 0.104620 0.192779 0.106083 0.300040 0.015174 0.069281 0.276594 -0.052973 -0.459014 0.413343 -0.424069 -0.121566 -0.474628
8 -0.049567 -0.364604 0.316358 -0.308574 -0.143138 0.186369 0.262854 0.122920 0.376696 0.063446 0.029498 0.246607 -0.135459 -0.442354 0.561594 -0.439459 -0.075816 -0.638273
2 -0.192181 -0.599962 0.199644 -0.823455 -0.029978 -0.192176 -0.034302 0.365687 0.063824 0.037161 0.089818 0.532989 0.386212 -0.955168 0.092353 -0.728271 -0.326425 -0.078441
12 -0.175959 -0.469095 0.216212 -0.599546 -0.059383 -0.092936 0.012984 0.223836 0.138670 0.059782 0.103620 0.413739 0.192958 -0.680326 0.205937 -0.530545 -0.246238 -0.234097
7 -0.036840 -0.322955 0.250870 -0.335121 -0.128421 0.164241 0.202760 0.123696 0.341685 0.034630 0.031679 0.232517 -0.069006 -0.477908 0.481791 -0.391715 -0.071185 -0.545685
0 -0.056536 -0.330699 0.268404 -0.339851 -0.129631 0.179293 0.201278 0.098060 0.316776 0.032512 0.069836 0.231616 -0.088451 -0.428316 0.512970 -0.408821 -0.071912 -0.568249
17 -0.051690 -0.302146 0.287903 -0.249590 -0.141285 0.142040 0.240248 0.109618 0.357980 0.066235 0.050856 0.242726 -0.104588 -0.361890 0.477101 -0.347409 -0.083226 -0.620317
11 -0.056639 -0.324415 0.316526 -0.251223 -0.116023 0.186431 0.239598 0.115643 0.401482 0.025187 0.029729 0.220587 -0.166611 -0.367582 0.591925 -0.404964 -0.091645 -0.684389
1 -0.281220 -0.660949 0.206538 -0.896807 0.018291 -0.323686 -0.116766 0.420272 0.056729 0.041480 0.082830 0.551386 0.481073 -0.996720 -0.035870 -0.761859 -0.331747 0.025545
10 -0.051212 -0.312581 0.251833 -0.317614 -0.092183 0.187718 0.222061 0.103434 0.339196 0.010422 0.063193 0.236480 -0.102444 -0.423366 0.456644 -0.374879 -0.068603 -0.522352
