18 18
0 -0.368042 -0.520879 0.309113 -0.430365 -0.153018 0.158984 0.085312 -0.040593 0.252828 0.056651 0.221589 0.443055 -0.060977 -0.061706 0.391835 -0.255072 -0.158762 -0.409357
1 -0.390044 -0.505807 0.339640 -0.409382 -0.075785 0.092758 0.114580 -0.008889 0.249216 0.031792 0.176893 0.420634 -0.052406 -0.088891 0.307354 -0.280626 -0.154541 -0.431671
15 -0.394805 -0.506912 0.335082 -0.417361 -0.087214 0.153009 0.131907 -0.059926 0.241025 0.022080 0.206378 0.423194 -0.073653 -0.065293 0.361868 -0.280083 -0.201647 -0.448566
2 -0.381005 -0.535392 0.331982 -0.434991 -0.114858 0.133041 0.123177 -0.016221 0.228223 0.040569 0.204057 0.486204 -0.066548 -0.102196 0.366173 -0.300613 -0.208112 -0.448024
11 -0.359574 -0.492596 0.299889 -0.366319 -0.097484 0.114036 0.075322 -0.006331 0.257808 0.032189 0.178823 0.418306 -0.077815 -0.047284 0.358970 -0.246424 -0.178055 -0.383884
13 -0.349212 -0.514461 0.327690 -0.441298 -0.125608 0.131822 0.097931 -0.064588 0.270991 0.087845 0.164906 0.440866 -0.063608 -0.085368 0.361770 -0.229116 -0.207019 -0.401886
14 -0.348480 -0.482727 0.319666 -0.398282 -0.079944 0.131332 0.075782 -0.053101 0.217536 0.067672 0.135063 0.420467 -0.090553 -0.056923 0.318040 -0.207686 -0.148187 -0.366535
3 -0.416495 -0.480509 0.356577 -0.388706 -0.066209 0.104825 0.152113 -0.025971 0.192879 0.009452 0.214986 0.419216 -0.104524 -0.116535 0.311464 -0.311133 -0.158340 -0.484045
12 -0.396392 -0.539560 0.314549 -0.432021 -0.124060 0.123558 0.060945 -0.070044 0.225121 0.080118 0.207136 0.467548 -0.086951 -0.050521 0.354336 -0.208770 -0.212948 -0.370769
8 -0.369496 -0.559379 0.334250 -0.419532 -0.158618 0.163748 0.107733 -0.030922 0.274987 0.082105 0.200051 0.467423 -0.090737 -0.062364 0.421034 -0.269752 -0.177128 -0.421068
4 -0.390042 -0.480066 0.320566 -0.385393 -0.073223 0.104965 0.108578 0.006253 0.245574 0.007715 0.241142 0.459379 -0.062829 -0.097960 0.340686 -0.297275 -0.183321 -0.480121
9 -0.360818 -0.497486 0.277576 -0.409483 -0.107549 0.136559 0.089392 -0.027467 0.287893 0.052473 0.193147 0.457755 -0.073806 -0.092000 0.334807 -0.231022 -0.189241 -0.364167
17 -0.388990 -0.493896 0.325965 -0.381073 -0.101572 0.095980 0.145305 -0.014807 0.258493 0.043185 0.218992 0.471465 -0.063083 -0.073253 0.314068 -0.264540 -0.187053 -0.479754
5 -0.359646 -0.498405 0.278138 -0.377174 -0.055132 0.106667 0.157435 -0.037720 0.253947 -0.006809 0.227507 0.445145 -0.093706 -0.089324 0.340454 -0.311823 -0.187573 -0.472075
7 -0.320715 -0.505032 0.272079 -0.401349 -0.170647 0.172321 0.091422 -0.022224 0.294437 0.058722 0.182109 0.429747 -0.057941 -0.080935 0.407226 -0.227049 -0.169831 -0.388841
6 -0.361012 -0.504760 0.315693 -0.371113 -0.095464 0.131727 0.121575 -0.009339 0.240315 0.042532 0.210136 0.432930 -0.080964 -0.092448 0.349340 -0.251655 -0.187352 -0.428078
16 -0.369173 -0.468896 0.319144 -0.381384 -0.098646 0.116399 0.144145 -0.028753 0.229198 0.030967 0.182572 0.438844 -0.084391 -0.059290 0.358883 -0.297287 -0.200833 -0.467388
10 -0.362281 -0.501336 0.301970 -0.396105 -0.081714 0.146283 0.117076 -0.031874 0.271312 0.030515 0.199800 0.464573 -0.097594 -0.053465 0.314383 -0.220071 -0.160492 -0.382678
