18 18
9 -0.272225 -0.334069 0.124253 -0.511201 -0.118553 0.134990 -0.015237 0.142248 0.387306 -0.135976 0.349133 0.418023 0.074997 -0.428025 0.338954 -0.337036 -0.306359 -0.249350
1 -0.292454 -0.354670 0.181937 -0.533539 -0.114940 0.103962 -0.018059 0.126749 0.359995 -0.113028 0.306961 0.361713 0.083355 -0.399583 0.319101 -0.338589 -0.240496 -0.273381
4 -0.259550 -0.318025 0.132190 -0.481351 -0.104794 0.130448 -0.024401 0.176881 0.403703 -0.163102 0.383164 0.434321 0.088166 -0.409767 0.363973 -0.342343 -0.302027 -0.290880
15 -0.274949 -0.337880 0.157336 -0.500573 -0.107816 0.168997 0.012224 0.092366 0.346668 -0.132773 0.339348 0.381309 0.061655 -0.353622 0.346148 -0.316612 -0.287256 -0.261994
12 -0.262135 -0.330278 0.137556 -0.505381 -0.135826 0.126800 -0.022085 0.092071 0.320280 -0.105190 0.362882 0.410314 0.059801 -0.379817 0.331642 -0.294104 -0.293822 -0.243935
10 -0.263798 -0.350428 0.127927 -0.505574 -0.107346 0.181888 0.014781 0.137216 0.416872 -0.164186 0.381004 0.446910 0.055559 -0.383709 0.361173 -0.319660 -0.305209 -0.261572
13 -0.238877 -0.323680 0.159673 -0.530976 -0.132194 0.128457 0.001063 0.100173 0.351625 -0.106848 0.319519 0.370541 0.082244 -0.427392 0.345385 -0.332357 -0.295856 -0.268043
0 -0.263363 -0.340769 0.153764 -0.540246 -0.146062 0.145500 -0.024261 0.104151 0.322517 -0.115755 0.357155 0.379945 0.075906 -0.409691 0.349612 -0.336436 -0.242812 -0.252021
2 -0.212629 -0.319761 0.113934 -0.474380 -0.119988 0.156117 0.020688 0.139634 0.323616 -0.138310 0.338664 0.418092 0.077660 -0.394468 0.324743 -0.324836 -0.309413 -0.219228
6 -0.240916 -0.335183 0.128183 -0.432739 -0.104937 0.154300 0.011111 0.176549 0.397411 -0.149788 0.356639 0.410909 0.054681 -0.378434 0.381836 -0.321568 -0.316862 -0.290957
8 -0.250960 -0.361151 0.147305 -0.471288 -0.129483 0.165231 0.015408 0.140631 0.378221 -0.119542 0.337214 0.407512 0.042236 -0.372116 0.375940 -0.328610 -0.277865 -0.257319
3 -0.275517 -0.317785 0.179463 -0.513268 -0.121415 0.131340 0.008482 0.099211 0.290060 -0.120556 0.339071 0.351821 0.044913 -0.430010 0.309297 -0.339339 -0.225696 -0.263393
11 -0.266768 -0.333790 0.139707 -0.460793 -0.094092 0.115824 -0.029018 0.157751 0.379406 -0.155882 0.320340 0.388407 0.056720 -0.365643 0.354100 -0.333165 -0.289660 -0.252198
7 -0.233187 -0.325431 0.114184 -0.498341 -0.134134 0.153663 -0.000475 0.148732 0.404498 -0.149018 0.331875 0.411433 0.077655 -0.426863 0.368085 -0.326012 -0.285217 -0.271320
16 -0.261235 -0.324898 0.151329 -0.500280 -0.132172 0.141924 0.016109 0.128780 0.371405 -0.130810 0.335374 0.419311 0.054525 -0.373638 0.386018 -0.353417 -0.315336 -0.303713
14 -0.279342 -0.355906 0.186146 -0.543594 -0.113356 0.154444 -0.015195 0.105263 0.336076 -0.109415 0.319245 0.410413 0.054796 -0.406294 0.353609 -0.327675 -0.268195 -0.272483
17 -0.002915 -0.006397 0.005624 0.018021 -0.026928 -0.018564 0.015689 0.014203 0.025956 0.022864 0.010492 0.027524 0.013101 0.016295 -0.014503 0.021066 0.000664 -0.026546
5 0.004065 -0.024114 -0.027650 -0.000619 0.020703 -0.008521 0.024223 -0.023969 0.025914 -0.018771 0.021210 0.020548 -0.020024 0.006829 0.014933 -0.023795 -0.013973 -0.021943
