18 18
16 -0.302826 -0.439163 0.158385 -0.219890 -0.100146 0.050143 0.108933 0.097219 0.437229 -0.019737 0.104753 0.444740 -0.116860 -0.133189 0.399932 -0.304060 -0.154629 -0.457678
14 -0.326776 -0.500487 0.186828 -0.268626 -0.080964 0.059675 0.068952 0.095149 0.448142 -0.005357 0.097067 0.471837 -0.112742 -0.159547 0.395855 -0.281621 -0.119382 -0.453840
17 -0.336584 -0.498714 0.166481 -0.219481 -0.118310 0.032998 0.110623 0.137937 0.491507 -0.019392 0.138192 0.461102 -0.095940 -0.159908 0.377383 -0.292548 -0.110640 -0.481358
7 -0.278546 -0.455490 0.121854 -0.222862 -0.120516 0.083184 0.103718 0.132480 0.481206 -0.052121 0.103367 0.419158 -0.098623 -0.199925 0.406730 -0.297117 -0.094286 -0.436362
9 -0.315448 -0.459799 0.117334 -0.224602 -0.093100 0.052749 0.092372 0.149670 0.468919 -0.058849 0.130476 0.422045 -0.094794 -0.217171 0.365540 -0.316998 -0.104920 -0.407164
2 -0.305704 -0.511506 0.151888 -0.270155 -0.103321 0.049557 0.112031 0.104010 0.434969 -0.029574 0.140131 0.485433 -0.098401 -0.179774 0.406323 -0.335985 -0.164298 -0.481222
12 -0.361892 -0.556647 0.183323 -0.316323 -0.112085 0.036044 0.066407 0.031727 0.451885 0.026072 0.178286 0.564570 -0.126298 -0.120659 0.439392 -0.283094 -0.218928 -0.510844
10 -0.330037 -0.517122 0.159306 -0.264673 -0.075740 0.073560 0.100922 0.077341 0.490840 -0.031090 0.158867 0.506482 -0.131315 -0.122413 0.396090 -0.268806 -0.145431 -0.460879
6 -0.313181 -0.485132 0.159692 -0.196394 -0.092137 0.068627 0.109652 0.166083 0.457750 -0.058164 0.125820 0.384279 -0.113143 -0.225956 0.408522 -0.324477 -0.083469 -0.456839
1 -0.383798 -0.542564 0.190045 -0.244483 -0.073011 0.020877 0.095857 0.203327 0.495034 -0.081960 0.121045 0.377026 -0.092178 -0.248267 0.376142 -0.372748 -0.040199 -0.455718
11 -0.348827 -0.492675 0.159797 -0.208850 -0.080956 0.045802 0.076977 0.165099 0.486168 -0.078941 0.122884 0.432168 -0.126851 -0.167430 0.418057 -0.345767 -0.105399 -0.455529
8 -0.307954 -0.490461 0.176148 -0.228568 -0.114889 0.062120 0.100798 0.101458 0.455089 0.004162 0.110972 0.476245 -0.130225 -0.136511 0.418291 -0.302827 -0.130599 -0.456783
4 -0.318129 -0.458214 0.162846 -0.239173 -0.083363 0.032874 0.059442 0.123466 0.472899 -0.026743 0.148510 0.485821 -0.084987 -0.150893 0.387491 -0.289562 -0.136363 -0.471760
5 -0.340165 -0.538381 0.137686 -0.263992 -0.068988 0.036520 0.114152 0.087458 0.498026 -0.051716 0.164019 0.490654 -0.132415 -0.170135 0.415061 -0.340615 -0.143966 -0.492363
3 -0.370563 -0.510626 0.183485 -0.245337 -0.087751 0.047734 0.117460 0.144974 0.457693 -0.067531 0.148050 0.422583 -0.134163 -0.234148 0.389691 -0.360114 -0.078761 -0.491140
13 -0.320260 -0.517573 0.185194 -0.303825 -0.098679 0.040201 0.093599 0.058497 0.474018 0.009535 0.131280 0.473662 -0.100260 -0.182889 0.413946 -0.302470 -0.175863 -0.490699
15 -0.334434 -0.475229 0.173728 -0.238560 -0.081583 0.079523 0.106454 0.097568 0.447733 -0.051464 0.129046 0.407198 -0.101271 -0.158699 0.395621 -0.310703 -0.127749 -0.455307
0 -0.373599 -0.549906 0.181755 -0.282681 -0.116992 0.063375 0.097613 0.137969 0.466306 -0.056345 0.165551 0.422381 -0.107823 -0.221705 0.437838 -0.373078 -0.081221 -0.488785
