18 18
15 -0.349577 -0.511666 0.190709 -0.175422 0.028014 0.011374 0.104896 0.115474 0.150774 -0.169742 0.493430 0.495082 -0.166696 -0.132047 0.339489 -0.472117 -0.188810 -0.409389
3 -0.365773 -0.500393 0.211780 -0.144587 0.060883 -0.053684 0.105288 0.139035 0.096513 -0.180895 0.501073 0.446110 -0.195529 -0.161822 0.311342 -0.541767 -0.148740 -0.416300
11 -0.334381 -0.527553 0.179526 -0.124704 0.057572 -0.046697 0.073968 0.163949 0.169570 -0.175312 0.457347 0.478517 -0.193537 -0.098438 0.345440 -0.501545 -0.143675 -0.383288
2 -0.301291 -0.509077 0.173568 -0.142508 0.038264 -0.035144 0.116396 0.160090 0.115365 -0.170168 0.477588 0.500216 -0.165909 -0.155221 0.317365 -0.522012 -0.174842 -0.389879
4 -0.324592 -0.531081 0.183756 -0.115946 0.083368 -0.070441 0.081014 0.185264 0.171278 -0.182882 0.523725 0.511901 -0.177793 -0.124022 0.340187 -0.536336 -0.125005 -0.436568
1 -0.333351 -0.563379 0.202933 -0.115361 0.095011 -0.120590 0.096027 0.184560 0.175310 -0.153326 0.440139 0.446635 -0.172042 -0.106336 0.299938 -0.552451 -0.080384 -0.407320
13 -0.308910 -0.498874 0.187940 -0.177400 0.034143 -0.047000 0.104278 0.108157 0.131615 -0.142431 0.461991 0.451496 -0.154963 -0.163298 0.328235 -0.506400 -0.199459 -0.403029
0 -0.349407 -0.554648 0.185255 -0.179553 0.018751 0.003612 0.085147 0.148612 0.159026 -0.173957 0.529118 0.525439 -0.187479 -0.141082 0.377104 -0.513438 -0.135559 -0.418125
6 -0.296299 -0.502226 0.175268 -0.127561 0.015058 0.018650 0.101972 0.164862 0.166567 -0.150242 0.473327 0.499522 -0.175269 -0.152342 0.349612 -0.436681 -0.149759 -0.410951
9 -0.336243 -0.504328 0.158875 -0.150769 0.035821 -0.015475 0.088195 0.165881 0.179224 -0.165767 0.473190 0.511469 -0.173512 -0.160933 0.320097 -0.480138 -0.153451 -0.377544
10 -0.313810 -0.526124 0.159891 -0.146629 0.019796 0.042840 0.118538 0.156763 0.210083 -0.180508 0.504116 0.553343 -0.200154 -0.120193 0.339922 -0.431428 -0.139971 -0.391049
8 -0.318454 -0.609247 0.200865 -0.088208 0.081169 -0.107968 0.124776 0.177409 0.176967 -0.134600 0.455654 0.474942 -0.224057 -0.082923 0.349318 -0.586632 -0.075534 -0.412044
17 -0.294876 -0.476328 0.165069 -0.122864 -0.015138 -0.019533 0.099779 0.153738 0.183103 -0.117257 0.451222 0.501987 -0.144507 -0.118003 0.301723 -0.399283 -0.138714 -0.401001
5 -0.304207 -0.576584 0.148275 -0.111027 0.090470 -0.086243 0.127619 0.136843 0.204772 -0.163761 0.467809 0.494689 -0.213393 -0.093261 0.338356 -0.536632 -0.116257 -0.417806
7 -0.277694 -0.494309 0.140080 -0.154983 -0.009716 0.022365 0.098670 0.153323 0.195767 -0.155952 0.446969 0.509388 -0.166272 -0.171161 0.354429 -0.436952 -0.143013 -0.392690
12 -0.335462 -0.509844 0.171385 -0.167434 0.031039 -0.043510 0.074374 0.101613 0.117287 -0.141899 0.492993 0.494715 -0.176582 -0.124116 0.319389 -0.464039 -0.193468 -0.377897
14 -0.301286 -0.515410 0.190908 -0.161509 0.025576 0.014281 0.084667 0.138933 0.162784 -0.126372 0.416864 0.509897 -0.182237 -0.136393 0.325133 -0.416581 -0.111603 -0.386173
16 -0.003066 0.009981 0.006043 0.000869 -0.007381 -0.001770 0.017455 -0.006904 0.000948 0.004908 -0.016488 0.011175 -0.012361 0.022003 0.021550 -0.015661 -0.025305 -0.027720
