18 18
12 -0.381691 -0.549552 0.318563 -0.251251 0.007997 0.166728 0.134951 0.173820 0.413360 -0.112858 0.305541 0.476302 -0.183707 -0.059410 0.332181 -0.195723 -0.243669 -0.337886
13 -0.381279 -0.544970 0.356836 -0.294769 0.028733 0.161889 0.130499 0.136397 0.438598 -0.094885 0.256465 0.421875 -0.155766 -0.094095 0.328252 -0.209829 -0.276650 -0.349051
0 -0.267588 -0.459043 0.227252 -0.118788 0.017592 0.130597 0.156695 0.311400 0.425450 -0.185721 0.330916 0.421313 -0.135296 -0.084357 0.329954 -0.270603 -0.109066 -0.377083
11 -0.344932 -0.513613 0.286822 -0.184902 0.030332 0.139814 0.130075 0.244856 0.444413 -0.159165 0.250351 0.414583 -0.169672 -0.063981 0.334357 -0.242388 -0.188162 -0.324470
10 -0.295644 -0.515878 0.241727 -0.149505 0.025146 0.177655 0.199265 0.297787 0.494323 -0.189556 0.297588 0.468566 -0.176352 -0.067728 0.326037 -0.235316 -0.146451 -0.336041
3 -0.297516 -0.471523 0.265960 -0.092909 0.067951 0.113374 0.196096 0.350346 0.429873 -0.213225 0.338047 0.439645 -0.174023 -0.152057 0.305173 -0.305461 -0.128759 -0.435569
7 -0.250078 -0.489563 0.216427 -0.119309 0.028096 0.148815 0.189164 0.345746 0.470122 -0.200667 0.294611 0.461854 -0.148845 -0.169342 0.333970 -0.273552 -0.147978 -0.385078
2 -0.271289 -0.514736 0.253324 -0.136554 0.044487 0.137737 0.190279 0.343708 0.434905 -0.194379 0.310629 0.482311 -0.139666 -0.137877 0.323334 -0.295695 -0.183483 -0.384487
1 -0.272730 -0.476792 0.237945 -0.109644 0.044004 0.088911 0.161316 0.341693 0.437361 -0.173088 0.267172 0.411087 -0.117395 -0.122818 0.280816 -0.272014 -0.122498 -0.364192
4 -0.218061 -0.401693 0.206302 -0.009842 0.094097 0.061072 0.157257 0.416871 0.427713 -0.226969 0.374997 0.448159 -0.107848 -0.137400 0.286436 -0.292376 -0.126310 -0.459825
9 -0.303903 -0.494829 0.239313 -0.144315 0.044895 0.140347 0.163650 0.317490 0.463071 -0.179463 0.314777 0.480293 -0.156749 -0.147114 0.317624 -0.262932 -0.187852 -0.364421
8 -0.259522 -0.494169 0.250684 -0.102224 0.023394 0.138611 0.188870 0.325093 0.427820 -0.160935 0.288859 0.437670 -0.164905 -0.117785 0.332332 -0.276437 -0.131445 -0.381271
15 -0.391850 -0.534309 0.345891 -0.262240 0.033411 0.194718 0.146395 0.142735 0.412113 -0.126410 0.275809 0.418289 -0.172657 -0.051519 0.334564 -0.211107 -0.235977 -0.345099
6 -0.223122 -0.455064 0.215784 -0.030483 0.055936 0.111731 0.187328 0.383468 0.412555 -0.195437 0.316467 0.426261 -0.145878 -0.143677 0.316597 -0.275534 -0.133487 -0.411247
17 -0.286366 -0.486858 0.253513 -0.100139 0.012590 0.115078 0.193469 0.331688 0.471963 -0.163634 0.320866 0.474671 -0.140959 -0.075650 0.308961 -0.244683 -0.146634 -0.413638
14 -0.372332 -0.529717 0.348013 -0.263028 0.047928 0.181265 0.127348 0.164295 0.401239 -0.110229 0.241845 0.443772 -0.183032 -0.074147 0.318315 -0.198311 -0.207614 -0.340308
16 -0.287374 -0.480292 0.246349 -0.126085 0.024171 0.140944 0.195063 0.309500 0.460718 -0.180697 0.284013 0.455756 -0.167729 -0.075835 0.348628 -0.276312 -0.170271 -0.394269
5 -0.237401 -0.459104 0.196378 -0.065098 0.089904 0.081060 0.185687 0.329068 0.437783 -0.214106 0.354232 0.453940 -0.146024 -0.124872 0.308327 -0.302937 -0.156695 -0.444980
