18 18
0 -0.105706 -0.390767 0.189833 -0.518028 -0.126612 0.193682 0.263915 0.080471 0.398757 0.062363 0.011062 0.418243 0.015677 -0.331909 0.298392 -0.444419 -0.084381 -0.295752
9 -0.110667 -0.391624 0.199306 -0.569009 -0.143737 0.210672 0.298051 0.086741 0.432227 0.087131 -0.051812 0.440098 0.033862 -0.387135 0.269867 -0.457829 -0.107656 -0.271183
8 -0.090728 -0.416402 0.230864 -0.544732 -0.163046 0.210166 0.307850 0.095943 0.412610 0.110425 -0.059602 0.433092 0.010683 -0.377133 0.315731 -0.486980 -0.078823 -0.295966
4 -0.234452 -0.421200 0.063816 -0.201981 0.178559 0.045544 0.173830 0.185870 0.599602 -0.181446 0.352549 0.558602 -0.146697 -0.163139 0.381691 -0.472587 -0.257332 -0.443369
1 -0.152316 -0.409943 0.207652 -0.461495 -0.046461 0.134424 0.259656 0.127631 0.458194 0.028297 0.015113 0.429114 -0.002192 -0.315712 0.275711 -0.458311 -0.100187 -0.333439
3 -0.195787 -0.404830 0.167364 -0.369283 0.025121 0.123819 0.252526 0.126357 0.465479 -0.057415 0.153745 0.445878 -0.092627 -0.291221 0.308294 -0.468967 -0.133097 -0.372961
11 -0.192946 -0.446196 0.141803 -0.336300 0.034317 0.119244 0.213489 0.146589 0.520905 -0.065065 0.154942 0.507006 -0.100970 -0.210742 0.367494 -0.462883 -0.199292 -0.353604
2 -0.114416 -0.394407 0.147460 -0.422192 -0.051351 0.150409 0.267973 0.116366 0.424983 -0.003236 0.067698 0.451471 -0.023273 -0.299932 0.301999 -0.465817 -0.156011 -0.305011
10 -0.109642 -0.393687 0.177604 -0.478580 -0.092388 0.207945 0.287946 0.089407 0.447351 0.041375 0.013342 0.454827 -0.020922 -0.299060 0.275867 -0.408669 -0.095843 -0.280969
13 -0.072064 -0.383400 0.240505 -0.574994 -0.161311 0.209856 0.310430 0.057708 0.405407 0.124744 -0.092773 0.400776 0.047814 -0.375695 0.280526 -0.437650 -0.108607 -0.297085
16 -0.117998 -0.378261 0.196214 -0.477227 -0.105699 0.182228 0.285009 0.080088 0.422593 0.058828 -0.009488 0.443356 -0.018143 -0.290777 0.308216 -0.437783 -0.128943 -0.323384
17 -0.118082 -0.400955 0.207636 -0.466836 -0.119431 0.161346 0.291345 0.100539 0.455136 0.084141 0.002892 0.469426 0.013171 -0.292302 0.278590 -0.415887 -0.116652 -0.343153
14 -0.083706 -0.373650 0.252298 -0.560442 -0.151372 0.217520 0.271202 0.053818 0.345910 0.135995 -0.116590 0.406036 0.038087 -0.343508 0.257826 -0.398672 -0.058971 -0.276500
15 -0.129431 -0.398738 0.223554 -0.508659 -0.104014 0.211238 0.284826 0.059717 0.411464 0.062260 -0.010421 0.423479 0.007102 -0.304590 0.302298 -0.437809 -0.127079 -0.313477
7 -0.068277 -0.368257 0.178909 -0.534925 -0.167097 0.219200 0.285654 0.079217 0.405892 0.080046 -0.060673 0.393886 0.027196 -0.379446 0.285786 -0.415639 -0.070819 -0.263062
6 -0.158682 -0.408803 0.143951 -0.329874 0.017673 0.136890 0.250133 0.137677 0.476972 -0.039145 0.146685 0.457226 -0.080970 -0.258777 0.331373 -0.435337 -0.172429 -0.362626
5 -0.199994 -0.475965 0.083312 -0.307070 0.098548 0.099769 0.254402 0.118477 0.588477 -0.114630 0.249380 0.553682 -0.140379 -0.197320 0.386769 -0.491165 -0.237264 -0.414264
12 -0.198139 -0.439974 0.118045 -0.356351 0.011224 0.111671 0.209848 0.095022 0.479464 -0.040704 0.196278 0.507213 -0.096248 -0.214707 0.334229 -0.417942 -0.212453 -0.324560
