18 18
4 -0.357447 -0.346744 0.219269 -0.163949 0.317299 -0.047090 0.186809 0.070724 0.370935 -0.266174 0.141983 0.359224 -0.233257 -0.026900 0.257530 -0.463001 -0.115252 -0.539219
1 -0.330044 -0.441500 0.211736 -0.230791 0.313366 -0.009372 0.242428 0.013901 0.398341 -0.254153 0.079627 0.382361 -0.262925 0.009658 0.283582 -0.478633 -0.126902 -0.512063
3 -0.405996 -0.365183 0.253796 -0.162268 0.303349 -0.018721 0.236020 0.042778 0.339459 -0.266752 0.176237 0.334089 -0.284053 -0.053023 0.245150 -0.470989 -0.089938 -0.552960
5 -0.259934 -0.411059 0.124651 -0.201558 0.279797 0.023069 0.259863 -0.053788 0.365980 -0.236367 0.110956 0.392140 -0.289506 0.033450 0.298353 -0.440676 -0.157585 -0.477055
7 -0.287942 -0.372150 0.161866 -0.191192 0.262977 0.030014 0.226404 0.023167 0.377563 -0.250566 0.099670 0.366531 -0.256392 -0.029858 0.300204 -0.439138 -0.127926 -0.494468
2 -0.292405 -0.405662 0.176194 -0.199568 0.268419 0.026674 0.264493 0.009292 0.338748 -0.250856 0.142239 0.380596 -0.253763 -0.011463 0.261744 -0.448913 -0.146058 -0.461402
15 -0.406673 -0.355886 0.251016 -0.173821 0.286047 -0.003414 0.211677 0.035095 0.339577 -0.248989 0.163576 0.324102 -0.226579 -0.026554 0.247421 -0.440573 -0.129907 -0.534525
13 -0.274416 -0.409688 0.183223 -0.237693 0.286513 0.014444 0.257937 -0.046207 0.388454 -0.216044 0.081714 0.388698 -0.271856 -0.004828 0.313268 -0.441162 -0.204490 -0.521393
10 -0.279142 -0.405453 0.144616 -0.201200 0.311175 0.071598 0.275896 -0.020756 0.407763 -0.284507 0.132048 0.415373 -0.307649 0.040190 0.284227 -0.421733 -0.144458 -0.470808
11 -0.362422 -0.383094 0.218988 -0.168736 0.304362 -0.041961 0.184281 0.045074 0.362672 -0.252360 0.110571 0.364765 -0.262278 0.004732 0.287124 -0.452032 -0.160472 -0.511992
17 -0.335741 -0.385287 0.207720 -0.169181 0.257110 -0.021309 0.246928 0.022567 0.380178 -0.210506 0.128737 0.393929 -0.250630 0.012594 0.251550 -0.411654 -0.137019 -0.537121
6 -0.307879 -0.387572 0.185180 -0.164364 0.298311 0.008682 0.228398 0.031136 0.361473 -0.246484 0.114277 0.362993 -0.268627 -0.019363 0.300654 -0.443663 -0.160463 -0.510530
12 -0.371461 -0.465182 0.204578 -0.246989 0.311062 0.004749 0.247314 -0.050559 0.381322 -0.245747 0.149273 0.457973 -0.312801 0.028148 0.314352 -0.459707 -0.212228 -0.541887
8 -0.303396 -0.392996 0.198040 -0.171499 0.230247 0.044996 0.259758 0.014467 0.340481 -0.214998 0.136494 0.353892 -0.279300 -0.001639 0.275972 -0.441500 -0.080516 -0.471334
0 -0.351902 -0.392807 0.216620 -0.204578 0.237117 0.023302 0.225458 0.022183 0.335802 -0.234306 0.168462 0.347729 -0.254920 -0.018591 0.281099 -0.456586 -0.074499 -0.505651
16 -0.339943 -0.359562 0.214806 -0.188574 0.286083 -0.009942 0.221352 0.007274 0.339392 -0.228630 0.063329 0.387637 -0.282086 0.029026 0.309480 -0.462167 -0.171455 -0.548297
9 -0.360328 -0.368493 0.188703 -0.184558 0.288279 -0.007788 0.218276 0.047995 0.384209 -0.255390 0.144829 0.379470 -0.254508 -0.046889 0.257431 -0.456865 -0.132552 -0.499922
14 -0.342985 -0.410829 0.231713 -0.229693 0.316308 0.010296 0.208030 -0.006034 0.348547 -0.226363 0.051696 0.411883 -0.290179 0.009924 0.309771 -0.454966 -0.150742 -0.543168
