18 18
6 -0.176099 -0.565984 0.256332 -0.528055 0.140906 0.052715 0.223979 -0.310852 0.347373 0.207902 -0.141186 0.360701 -0.281292 -0.359885 0.245146 -0.101706 -0.134611 -0.417561
14 -0.192012 -0.555379 0.267617 -0.548825 0.145070 0.044016 0.194446 -0.329626 0.323088 0.215263 -0.163172 0.369245 -0.276614 -0.330613 0.221893 -0.089211 -0.119567 -0.392084
1 -0.211286 -0.544188 0.254521 -0.525820 0.144213 -0.000601 0.198429 -0.284096 0.352910 0.190121 -0.146369 0.343401 -0.244538 -0.337504 0.188041 -0.117623 -0.114386 -0.385489
9 -0.204661 -0.544635 0.225370 -0.542846 0.139423 0.026725 0.215069 -0.315992 0.367718 0.198541 -0.132330 0.390085 -0.278374 -0.362949 0.212153 -0.116063 -0.153191 -0.387037
5 -0.174561 -0.532613 0.206442 -0.502019 0.140651 0.015464 0.223148 -0.327288 0.346247 0.178244 -0.112053 0.364084 -0.271560 -0.305788 0.218597 -0.118606 -0.143914 -0.398054
13 -0.154447 -0.519643 0.245032 -0.527994 0.112437 0.022683 0.199897 -0.321073 0.332963 0.217819 -0.144892 0.323819 -0.229679 -0.333616 0.211251 -0.088517 -0.140634 -0.379328
10 -0.172171 -0.546534 0.233842 -0.517505 0.136768 0.058395 0.224536 -0.318351 0.360873 0.191040 -0.118316 0.373248 -0.278426 -0.315961 0.203612 -0.064713 -0.119055 -0.376123
16 -0.211334 -0.550631 0.269171 -0.548546 0.126150 0.026106 0.237826 -0.334127 0.347181 0.214806 -0.156816 0.386127 -0.295873 -0.323257 0.243514 -0.126332 -0.156872 -0.444564
3 -0.222832 -0.519427 0.286499 -0.508125 0.129545 0.024797 0.229293 -0.308778 0.288595 0.194369 -0.122075 0.325831 -0.300685 -0.360036 0.199224 -0.124321 -0.096231 -0.426633
12 -0.206997 -0.555429 0.239230 -0.539725 0.112284 0.018162 0.187419 -0.344311 0.318215 0.221373 -0.103889 0.385412 -0.267557 -0.312063 0.213406 -0.074193 -0.161331 -0.375951
7 -0.144145 -0.504187 0.208506 -0.501580 0.102765 0.052031 0.200186 -0.289933 0.340041 0.182911 -0.143406 0.333607 -0.242863 -0.343405 0.220406 -0.084900 -0.106185 -0.369226
0 -0.184689 -0.551336 0.243952 -0.546786 0.105366 0.054709 0.186061 -0.314516 0.323779 0.200459 -0.110593 0.351551 -0.251086 -0.325360 0.236350 -0.099332 -0.097764 -0.382372
17 -0.180050 -0.552543 0.249683 -0.509387 0.094090 0.012256 0.218518 -0.298940 0.370373 0.236240 -0.118570 0.385462 -0.238098 -0.322997 0.196363 -0.061979 -0.128002 -0.412318
11 -0.022755 -0.017997 0.010402 0.008892 0.014438 -0.011029 -0.020096 0.023319 0.018649 -0.022508 -0.004615 0.005927 -0.014992 0.016644 0.025927 -0.023252 -0.010098 -0.005158
15 -0.025404 -0.016269 0.019351 -0.021953 0.006735 0.026510 0.013636 -0.025312 0.000633 -0.010033 0.011049 -0.002501 0.001724 0.010837 0.011554 -0.010070 -0.020449 -0.014280
2 0.021368 -0.003688 -0.004957 -0.007525 -0.007603 0.001755 0.011077 0.016235 -0.024745 -0.003279 -0.008624 0.014563 0.014594 -0.017313 -0.004715 -0.020484 -0.014205 0.014938
4 -0.000863 0.026536 0.000487 0.011658 0.016931 -0.018308 -0.024615 0.027506 0.003913 -0.015616 0.024595 0.006644 0.019102 -0.007194 -0.007301 -0.006238 0.005807 -0.017039
8 0.003889 -0.024784 0.014791 0.006068 -0.018192 0.009774 0.013932 0.005426 -0.001505 0.020585 -0.012265 0.000073 -0.017512 0.000480 0.021614 -0.017675 0.015234 0.001164
