18 18
9 -0.379254 -0.656246 0.136735 -0.242936 0.033791 0.062938 -0.019274 0.100896 0.399528 0.077884 0.029143 0.604573 -0.433101 -0.157241 0.355608 -0.290138 -0.108238 -0.005176
1 -0.415676 -0.628346 0.284687 -0.190096 0.006678 0.006265 0.141052 0.131078 0.406800 0.001678 0.097789 0.433411 -0.279704 -0.071168 0.344009 -0.391199 0.012802 -0.389573
8 -0.360901 -0.621010 0.208820 -0.194371 -0.011225 0.065964 0.079936 0.080940 0.358804 0.061062 0.056086 0.494451 -0.369751 -0.080416 0.376935 -0.335612 -0.040377 -0.198405
5 -0.366136 -0.581575 0.193610 -0.160479 0.017248 0.021273 0.150263 0.060214 0.393924 -0.011327 0.139928 0.454056 -0.309986 -0.031522 0.348016 -0.358174 -0.044317 -0.357900
6 -0.364162 -0.621228 0.194160 -0.173407 0.021832 0.058569 0.073404 0.107835 0.361643 0.036995 0.086173 0.491558 -0.369103 -0.111844 0.358025 -0.315313 -0.064592 -0.195081
2 -0.350138 -0.612539 0.216148 -0.190844 0.003077 0.056003 0.116594 0.111956 0.335167 0.011420 0.080833 0.470342 -0.318439 -0.099725 0.348798 -0.362535 -0.039957 -0.250889
3 -0.413728 -0.633545 0.246222 -0.191501 0.025620 0.037653 0.094907 0.118131 0.364700 0.014813 0.093376 0.474441 -0.375708 -0.126390 0.341315 -0.361997 -0.008129 -0.253508
0 -0.385797 -0.596612 0.255097 -0.199196 -0.037050 0.059456 0.145682 0.081587 0.363328 -0.003468 0.139239 0.434371 -0.285055 -0.036351 0.391495 -0.389465 0.010762 -0.397733
7 -0.342316 -0.597920 0.196082 -0.202644 -0.008231 0.072946 0.085125 0.104643 0.382553 0.023990 0.052329 0.476850 -0.339153 -0.118989 0.365569 -0.324117 -0.020461 -0.226390
15 -0.426399 -0.605926 0.273895 -0.197230 -0.017728 0.067474 0.170439 0.057159 0.394840 -0.008239 0.140701 0.447885 -0.293055 -0.014250 0.396203 -0.397677 -0.044150 -0.433745
10 -0.362434 -0.629493 0.163351 -0.210794 0.034975 0.080484 0.037981 0.091101 0.392935 0.039140 0.057628 0.552886 -0.404425 -0.096326 0.335923 -0.275480 -0.064249 -0.088164
4 -0.376945 -0.582076 0.207529 -0.178302 0.035702 0.011346 0.050508 0.134681 0.395268 0.010661 0.106599 0.482806 -0.313410 -0.105936 0.323505 -0.328920 -0.030410 -0.245095
11 -0.405860 -0.684510 0.185139 -0.217260 0.043516 0.049549 0.001048 0.116272 0.404579 0.041983 0.042968 0.580112 -0.439156 -0.113943 0.396691 -0.335909 -0.096518 -0.097141
17 -0.388356 -0.584526 0.226451 -0.144622 -0.030796 0.002010 0.128978 0.105792 0.409749 0.038172 0.129224 0.492897 -0.295928 -0.017948 0.331862 -0.317148 -0.039469 -0.348336
12 -0.390236 -0.627252 0.173333 -0.230978 -0.000651 0.051612 0.012161 0.050260 0.339327 0.075064 0.077214 0.562454 -0.397072 -0.080961 0.358212 -0.281977 -0.103168 -0.110399
16 -0.404394 -0.582905 0.257589 -0.187099 -0.030584 0.045963 0.160563 0.068778 0.383794 0.016415 0.103950 0.490907 -0.337447 -0.006056 0.419283 -0.407837 -0.048274 -0.421968
14 -0.383584 -0.654320 0.218301 -0.244437 0.034182 0.082044 0.017078 0.082421 0.346841 0.069507 0.014139 0.545233 -0.413680 -0.122683 0.365343 -0.304029 -0.040119 -0.117325
13 -0.343963 -0.607246 0.170109 -0.231833 0.010527 0.048566 0.020045 0.066501 0.371873 0.083418 0.035071 0.527273 -0.379087 -0.133654 0.350346 -0.284977 -0.106239 -0.094345
