18 18
12 -0.318629 -0.527084 0.238221 -0.186288 -0.170810 0.153939 0.156868 -0.011649 0.256343 0.052226 0.250475 0.445770 -0.207516 0.134542 0.458804 -0.257541 -0.191868 -0.357884
9 -0.301607 -0.539911 0.193579 -0.170828 -0.070337 0.169999 0.255648 0.029614 0.321475 -0.025312 0.246425 0.405843 -0.264300 0.015268 0.420332 -0.380970 -0.104420 -0.358798
13 -0.265419 -0.549907 0.262088 -0.225572 -0.171772 0.209384 0.221405 -0.023882 0.278651 0.066074 0.199943 0.400236 -0.198755 0.075496 0.475294 -0.294583 -0.159840 -0.367792
15 -0.292980 -0.545998 0.244858 -0.209435 -0.108614 0.226799 0.242697 -0.032302 0.263608 0.007437 0.228046 0.381504 -0.228187 0.082787 0.452589 -0.326881 -0.137060 -0.364117
10 -0.276111 -0.556641 0.211168 -0.218404 -0.109399 0.243825 0.237480 -0.046046 0.282675 0.009976 0.248338 0.421423 -0.252122 0.106917 0.418482 -0.269033 -0.101177 -0.308098
8 -0.288711 -0.585043 0.238840 -0.174465 -0.108958 0.187360 0.275988 0.009263 0.290295 0.020701 0.226195 0.389764 -0.277205 0.036372 0.454542 -0.379431 -0.081731 -0.375301
4 -0.299655 -0.529589 0.240268 -0.147601 -0.091428 0.159794 0.221228 0.068986 0.325963 -0.025003 0.258310 0.436242 -0.234294 0.081795 0.483735 -0.378535 -0.140006 -0.434067
14 -0.315746 -0.565153 0.261554 -0.218273 -0.109600 0.197330 0.199082 -0.012419 0.281202 0.032536 0.202867 0.445835 -0.244801 0.095105 0.459815 -0.303255 -0.127728 -0.371579
11 -0.309906 -0.533690 0.254086 -0.165579 -0.144470 0.170579 0.163270 0.046814 0.305522 0.011021 0.205014 0.439130 -0.214487 0.146976 0.498324 -0.309766 -0.176125 -0.377557
7 -0.265614 -0.522717 0.212077 -0.192431 -0.157364 0.206514 0.206071 0.015826 0.305286 0.015491 0.204961 0.427750 -0.208974 0.079653 0.476823 -0.295056 -0.143570 -0.367897
17 -0.281602 -0.506579 0.234255 -0.154872 -0.160826 0.150058 0.210234 0.031732 0.296749 0.045283 0.220061 0.427676 -0.188233 0.109161 0.418593 -0.273746 -0.138135 -0.380694
6 -0.271820 -0.530408 0.227341 -0.117885 -0.082570 0.169060 0.260969 0.064739 0.306966 -0.017207 0.226148 0.383769 -0.255495 0.043457 0.467260 -0.372304 -0.128040 -0.418089
5 -0.271986 -0.538287 0.145991 -0.110737 0.018593 0.117335 0.341863 0.040902 0.354073 -0.105296 0.260079 0.354181 -0.311415 -0.032946 0.414491 -0.489361 -0.076369 -0.431404
16 -0.276852 -0.475738 0.230049 -0.142729 -0.130612 0.150135 0.208551 0.033338 0.292040 0.013599 0.182922 0.416017 -0.215966 0.134925 0.467037 -0.313081 -0.176983 -0.403667
2 -0.279244 -0.560637 0.234386 -0.202791 -0.136512 0.200336 0.243846 0.028832 0.276066 0.006685 0.220895 0.445822 -0.222254 0.066462 0.468500 -0.361671 -0.156014 -0.367718
3 -0.310791 -0.512533 0.221723 -0.114556 -0.035691 0.132405 0.292401 0.054151 0.292958 -0.062621 0.251743 0.345727 -0.299858 -0.014752 0.411567 -0.432496 -0.069471 -0.429810
1 -0.323230 -0.563738 0.224410 -0.159335 -0.025559 0.113376 0.283239 0.060466 0.345436 -0.052006 0.231201 0.367318 -0.264682 -0.005999 0.406531 -0.443934 -0.070258 -0.416277
0 -0.274523 -0.545381 0.222255 -0.226169 -0.129201 0.216835 0.217622 -0.027747 0.254583 0.019902 0.239927 0.382412 -0.225012 0.062336 0.443206 -0.317797 -0.086403 -0.335694
