18 18
1 -0.248931 -0.560446 0.125618 -0.172459 0.009392 -0.117626 0.181725 0.168262 0.533244 -0.075721 0.020849 0.313856 -0.160739 -0.174323 0.342251 -0.433883 -0.108290 -0.392493
11 -0.223251 -0.575249 0.098952 -0.138626 -0.014114 -0.071880 0.169481 0.143003 0.552586 -0.076496 0.026015 0.354288 -0.191119 -0.085351 0.437633 -0.405498 -0.193219 -0.396726
0 -0.213624 -0.575903 0.093542 -0.173749 -0.044356 -0.054937 0.170783 0.128493 0.522242 -0.059892 0.051876 0.344083 -0.170998 -0.121333 0.426946 -0.406539 -0.147760 -0.390768
2 -0.211729 -0.533729 0.084405 -0.171684 0.035773 -0.114257 0.204007 0.235955 0.478640 -0.152470 0.076956 0.352419 -0.182070 -0.293694 0.322674 -0.533778 -0.087948 -0.368888
6 -0.187231 -0.559819 0.105534 -0.124733 -0.040215 -0.055080 0.201102 0.126115 0.527649 -0.020297 0.013761 0.340629 -0.172116 -0.107893 0.443604 -0.382687 -0.208599 -0.430568
9 -0.215117 -0.542281 0.086961 -0.168829 -0.012968 -0.086253 0.183328 0.161182 0.544002 -0.050733 0.022124 0.366936 -0.171451 -0.195489 0.379585 -0.429312 -0.171189 -0.382206
10 -0.209910 -0.575614 0.097412 -0.172687 -0.001364 -0.058538 0.213468 0.142237 0.564255 -0.078534 0.042205 0.372393 -0.197974 -0.155363 0.388365 -0.408230 -0.150209 -0.389685
16 -0.194090 -0.559254 0.132607 -0.171074 -0.082651 -0.036108 0.190112 0.067151 0.534088 0.034874 -0.046814 0.364928 -0.162104 -0.026579 0.474383 -0.332329 -0.252980 -0.435662
13 -0.180244 -0.555283 0.128863 -0.190248 -0.040063 -0.081528 0.205733 0.105062 0.555052 -0.005869 -0.004361 0.334091 -0.157180 -0.166631 0.423738 -0.401618 -0.201538 -0.428597
3 -0.259133 -0.495462 0.099624 -0.155805 0.081893 -0.132518 0.207612 0.244449 0.449932 -0.203720 0.130960 0.297683 -0.227574 -0.358019 0.261749 -0.555713 -0.001728 -0.370381
12 -0.228441 -0.572656 0.091271 -0.165277 -0.031606 -0.086124 0.183320 0.105692 0.513491 -0.046572 0.071343 0.370261 -0.184024 -0.122156 0.393977 -0.384446 -0.191926 -0.388956
5 -0.202700 -0.556423 0.065537 -0.148185 0.012379 -0.099038 0.212588 0.118095 0.547901 -0.084738 0.051561 0.340371 -0.194774 -0.150928 0.386793 -0.434003 -0.156843 -0.408031
15 -0.221519 -0.564584 0.119070 -0.183015 -0.023907 -0.031724 0.201660 0.093361 0.521514 -0.054357 0.034704 0.343635 -0.171911 -0.113726 0.413537 -0.389206 -0.193518 -0.394791
17 -0.195701 -0.572046 0.119557 -0.138560 -0.093729 -0.058445 0.197551 0.088510 0.571872 0.029379 -0.005786 0.370605 -0.142835 -0.021471 0.442802 -0.310944 -0.223035 -0.444622
4 -0.249620 -0.498592 0.097697 -0.166582 0.089770 -0.152716 0.181533 0.276315 0.490337 -0.202106 0.140284 0.344583 -0.189437 -0.351591 0.273875 -0.557601 -0.020387 -0.384346
7 -0.200679 -0.576425 0.075963 -0.163749 -0.029713 -0.075035 0.201059 0.162568 0.575557 -0.079188 0.023014 0.348937 -0.177973 -0.184463 0.416170 -0.432853 -0.140737 -0.412650
8 -0.208155 -0.581320 0.122952 -0.151768 -0.049163 -0.071668 0.205783 0.123526 0.527478 -0.010633 0.003397 0.335197 -0.182899 -0.118358 0.409705 -0.400971 -0.148149 -0.396992
14 -0.211358 -0.582096 0.163509 -0.209390 -0.047034 -0.046615 0.161203 0.096997 0.517033 0.031907 -0.051778 0.371968 -0.160076 -0.111349 0.424700 -0.345474 -0.179738 -0.404345
