18 18
3 -0.516324 -0.492561 0.393021 -0.232433 -0.079173 -0.020373 0.146609 0.022642 0.114416 0.051393 0.317430 0.375653 -0.152972 -0.083510 0.161275 -0.290293 -0.064550 -0.411748
9 -0.508096 -0.483598 0.341081 -0.261632 -0.070069 -0.024834 0.094242 0.023588 0.154798 0.052759 0.311567 0.429107 -0.109904 -0.068560 0.156116 -0.274217 -0.117266 -0.361441
0 -0.509734 -0.521790 0.372781 -0.287301 -0.101689 -0.008540 0.097636 0.005291 0.125389 0.059781 0.339621 0.413316 -0.110624 -0.053388 0.204778 -0.297187 -0.086150 -0.404048
17 -0.501697 -0.497681 0.370712 -0.226460 -0.104101 -0.036158 0.136211 0.030828 0.166553 0.077336 0.326507 0.437315 -0.111785 -0.040122 0.160770 -0.260784 -0.093610 -0.432929
1 -0.507601 -0.500460 0.377917 -0.266236 -0.060557 -0.052353 0.090360 0.033172 0.142024 0.058976 0.277837 0.389497 -0.099303 -0.061099 0.154570 -0.286341 -0.083450 -0.383156
12 -0.525395 -0.520192 0.378714 -0.266260 -0.093038 -0.041346 0.081398 -0.004196 0.101533 0.089036 0.332523 0.437355 -0.136864 -0.042243 0.188652 -0.272257 -0.115278 -0.394305
5 -0.493227 -0.522691 0.349560 -0.225960 -0.055130 -0.041958 0.167436 0.008439 0.182585 0.050581 0.340901 0.450605 -0.169082 -0.074665 0.197854 -0.324517 -0.098829 -0.463603
6 -0.503219 -0.530808 0.381578 -0.225450 -0.085811 -0.008531 0.125597 0.044714 0.147859 0.069396 0.334366 0.412981 -0.120086 -0.054396 0.201658 -0.269010 -0.103456 -0.417694
15 -0.520034 -0.494890 0.377564 -0.270605 -0.064422 0.004206 0.114304 -0.008976 0.131467 0.042213 0.312685 0.403737 -0.112762 -0.033631 0.175360 -0.280487 -0.118979 -0.395171
11 -0.553202 -0.549376 0.395416 -0.259691 -0.070534 -0.033929 0.086164 0.040212 0.156817 0.042680 0.317550 0.431523 -0.141578 -0.032462 0.214284 -0.308428 -0.110620 -0.395641
10 -0.500143 -0.498024 0.350091 -0.247904 -0.065385 0.000363 0.129490 0.014931 0.171170 0.040371 0.330199 0.446295 -0.139628 -0.036070 0.162231 -0.257617 -0.094042 -0.387856
16 -0.487144 -0.472818 0.359789 -0.243849 -0.087319 -0.018724 0.141642 0.004779 0.147263 0.065769 0.299365 0.434911 -0.134407 -0.031651 0.190481 -0.290655 -0.128204 -0.432033
14 -0.512281 -0.508337 0.401845 -0.277028 -0.060380 -0.018571 0.087354 0.004544 0.109095 0.080207 0.294529 0.433392 -0.143484 -0.069690 0.193918 -0.296760 -0.082475 -0.428812
8 -0.475287 -0.504963 0.378744 -0.223444 -0.106750 -0.011535 0.145377 0.024920 0.141855 0.092052 0.301077 0.414641 -0.151952 -0.064349 0.200451 -0.295449 -0.070433 -0.418801
13 -0.480896 -0.486301 0.383866 -0.270786 -0.081733 -0.029484 0.120609 -0.006357 0.132325 0.081134 0.302326 0.406062 -0.119927 -0.080347 0.191047 -0.298153 -0.123564 -0.428309
2 -0.470447 -0.494913 0.361791 -0.259742 -0.076234 -0.024356 0.123072 0.026530 0.110573 0.056083 0.300247 0.430966 -0.108703 -0.074221 0.177273 -0.312575 -0.118750 -0.399409
4 -0.478627 -0.445498 0.365762 -0.212277 -0.056862 -0.044984 0.103656 0.046646 0.140499 0.053714 0.332900 0.428304 -0.123199 -0.070730 0.172891 -0.300233 -0.086540 -0.446351
7 -0.501754 -0.518115 0.362520 -0.271235 -0.103954 -0.013252 0.128291 0.022644 0.174933 0.060407 0.315064 0.447537 -0.130722 -0.093105 0.205066 -0.297975 -0.099111 -0.433882
