18 18
0 -0.374257 -0.448043 0.075731 -0.218296 -0.137536 -0.053709 0.003697 0.179650 0.387090 -0.014501 0.236002 0.449267 -0.173100 -0.170010 0.391229 -0.413928 -0.150069 -0.268939
6 -0.347172 -0.462817 0.064392 -0.159924 -0.108658 -0.055682 0.063510 0.222091 0.423577 -0.031152 0.221078 0.447412 -0.203329 -0.207621 0.399079 -0.434202 -0.165584 -0.298909
11 -0.367932 -0.455620 0.069496 -0.179637 -0.103913 -0.070606 0.014883 0.218523 0.435015 -0.042773 0.190404 0.448176 -0.192603 -0.161694 0.402500 -0.435566 -0.176662 -0.264027
7 -0.288010 -0.449978 -0.009885 -0.179404 -0.143138 -0.043226 0.096216 0.222163 0.480455 -0.057348 0.192190 0.456877 -0.197348 -0.242003 0.413587 -0.452493 -0.150606 -0.279875
14 -0.391730 -0.479388 0.110207 -0.225381 -0.099355 -0.066447 0.002607 0.198389 0.415030 0.001916 0.171426 0.471041 -0.186735 -0.187822 0.383051 -0.420033 -0.149687 -0.271107
4 -0.354219 -0.425772 0.065355 -0.177318 -0.091959 -0.089431 0.027441 0.230488 0.416071 -0.047452 0.224211 0.444162 -0.170112 -0.202789 0.361577 -0.441801 -0.143091 -0.288404
1 -0.334338 -0.477928 0.055445 -0.185760 -0.095928 -0.098561 0.099707 0.244225 0.443036 -0.059057 0.178365 0.408358 -0.184679 -0.241403 0.357173 -0.496920 -0.114210 -0.282029
12 -0.408740 -0.461032 0.098510 -0.222101 -0.127394 -0.079719 -0.010949 0.159493 0.371600 0.015377 0.227211 0.473228 -0.178004 -0.154680 0.363283 -0.379393 -0.193442 -0.255534
9 -0.331621 -0.434262 0.017721 -0.180289 -0.121335 -0.062792 0.054027 0.214705 0.453979 -0.029296 0.205845 0.468666 -0.182236 -0.210560 0.369687 -0.425724 -0.172639 -0.247904
2 -0.312854 -0.483275 0.040939 -0.191332 -0.104124 -0.072250 0.117815 0.241594 0.393354 -0.081822 0.210414 0.436025 -0.203034 -0.262350 0.382189 -0.533992 -0.138211 -0.278466
13 -0.334317 -0.442537 0.071663 -0.217682 -0.120156 -0.068283 0.047069 0.178794 0.411935 -0.011614 0.190968 0.427026 -0.173116 -0.223889 0.388029 -0.434641 -0.184831 -0.279310
8 -0.311465 -0.486745 0.053594 -0.154637 -0.108820 -0.057199 0.124152 0.223090 0.409276 -0.049361 0.186977 0.403836 -0.229606 -0.221495 0.385985 -0.499946 -0.104929 -0.268863
5 -0.283976 -0.466185 -0.000236 -0.156133 -0.065225 -0.068489 0.137687 0.182582 0.414507 -0.095330 0.211224 0.398054 -0.228708 -0.216199 0.374789 -0.500638 -0.121909 -0.283953
10 -0.300630 -0.455716 0.004613 -0.161029 -0.107315 -0.033545 0.115053 0.218492 0.475206 -0.073646 0.209522 0.456530 -0.221491 -0.198202 0.379559 -0.438307 -0.138822 -0.258606
3 -0.373004 -0.452193 0.089837 -0.176029 -0.083161 -0.083575 0.098752 0.221003 0.379360 -0.076152 0.222478 0.395952 -0.228781 -0.251536 0.355500 -0.506679 -0.102091 -0.312156
17 -0.376796 -0.447005 0.088329 -0.171879 -0.143054 -0.093740 0.032681 0.211180 0.444565 0.017941 0.218013 0.488981 -0.164579 -0.152101 0.355616 -0.385545 -0.165949 -0.303146
16 -0.347405 -0.428617 0.063893 -0.189176 -0.123793 -0.063042 0.056589 0.188186 0.411174 -0.018682 0.183321 0.454004 -0.191937 -0.165147 0.392218 -0.426632 -0.185252 -0.290473
15 -0.379698 -0.445105 0.092747 -0.214240 -0.101096 -0.030444 0.027894 0.151843 0.391397 -0.021627 0.205233 0.428406 -0.169239 -0.156575 0.378499 -0.399127 -0.194726 -0.265326
