18 18
4 -0.342099 -0.425522 0.222759 -0.239134 0.091000 0.292429 0.210578 0.118272 0.439976 -0.066739 0.241798 0.450011 -0.235738 -0.224700 0.238629 -0.240648 0.123067 -0.380069
3 -0.376778 -0.451149 0.272166 -0.265743 0.078897 0.317067 0.240186 0.075449 0.366210 -0.051531 0.213303 0.383014 -0.282665 -0.254341 0.214643 -0.258059 0.171018 -0.346561
10 -0.353342 -0.485407 0.262110 -0.292149 0.088820 0.336906 0.224034 0.083013 0.402983 -0.052451 0.189137 0.434844 -0.274784 -0.206960 0.241053 -0.252489 0.143598 -0.312316
1 -0.368867 -0.485185 0.268452 -0.291632 0.088711 0.273435 0.218556 0.103187 0.430050 -0.036387 0.176602 0.419865 -0.232623 -0.243369 0.230337 -0.269861 0.133695 -0.360795
14 -0.362218 -0.480128 0.280269 -0.298721 0.082661 0.330553 0.211209 0.071210 0.375018 -0.023864 0.169082 0.432721 -0.271135 -0.233076 0.246358 -0.245880 0.150611 -0.340435
13 -0.326906 -0.485656 0.285311 -0.315643 0.063046 0.288214 0.210823 0.079611 0.377485 -0.022148 0.143046 0.388738 -0.233428 -0.265153 0.282189 -0.310490 0.080243 -0.345926
9 -0.358553 -0.453841 0.191402 -0.266338 0.063262 0.343522 0.241010 0.113100 0.485312 -0.061993 0.242389 0.491523 -0.263723 -0.267300 0.248225 -0.241574 0.112903 -0.349404
17 -0.318925 -0.430323 0.179427 -0.203761 0.025902 0.278139 0.262775 0.129142 0.503175 -0.041211 0.246583 0.490137 -0.220034 -0.221316 0.244601 -0.215017 0.072293 -0.414856
0 -0.361211 -0.495730 0.267346 -0.312606 0.049801 0.345244 0.212579 0.083593 0.389163 -0.040845 0.212741 0.431531 -0.260281 -0.238103 0.285531 -0.281342 0.149014 -0.350384
8 -0.343744 -0.498239 0.283193 -0.280573 0.061316 0.309816 0.227841 0.084102 0.377908 -0.013854 0.164072 0.406980 -0.268888 -0.224213 0.265142 -0.286399 0.143039 -0.332092
6 -0.315040 -0.434177 0.211944 -0.216590 0.062908 0.305291 0.235074 0.122155 0.418369 -0.052610 0.214611 0.424811 -0.243037 -0.242129 0.262341 -0.238371 0.085539 -0.370754
15 -0.366595 -0.474286 0.264715 -0.288118 0.078929 0.332558 0.234253 0.066138 0.393862 -0.052715 0.203524 0.412655 -0.242789 -0.216690 0.250639 -0.258314 0.099958 -0.353434
11 -0.357944 -0.535913 0.316981 -0.303772 0.086891 0.254779 0.164784 0.140464 0.357199 -0.061444 0.110836 0.390437 -0.245101 -0.236737 0.334617 -0.392461 0.056919 -0.342690
16 -0.346068 -0.455274 0.231735 -0.261180 0.054797 0.308470 0.260713 0.103931 0.453705 -0.049008 0.199559 0.473797 -0.261047 -0.228838 0.294848 -0.284601 0.062416 -0.415743
7 -0.308026 -0.442170 0.178855 -0.241997 0.037848 0.330528 0.250067 0.113547 0.482695 -0.062963 0.216798 0.459568 -0.245020 -0.256521 0.273850 -0.229353 0.109279 -0.374635
2 -0.317876 -0.494661 0.273878 -0.301905 0.066034 0.288246 0.211321 0.124187 0.345171 -0.045910 0.142742 0.418970 -0.223852 -0.263954 0.281820 -0.339586 0.072037 -0.332743
5 -0.327199 -0.474863 0.189593 -0.244576 0.089399 0.286630 0.255820 0.084190 0.470601 -0.071180 0.233388 0.462317 -0.256832 -0.220409 0.269380 -0.268212 0.083098 -0.392176
12 -0.026600 -0.022358 0.002765 -0.019307 -0.014582 -0.010130 -0.018079 -0.025837 -0.017080 0.018496 0.026502 0.027636 -0.006702 0.013838 0.001462 0.019107 -0.024921 0.008452
