18 18
13 -0.443122 -0.620976 0.495814 -0.461663 0.085089 0.131451 0.113765 -0.003242 0.105276 0.040062 0.049816 0.504347 -0.244324 -0.215384 0.311680 -0.345796 -0.048631 -0.472663
8 -0.495283 -0.680036 0.570331 -0.446867 0.056241 0.154097 0.074468 -0.003627 -0.009654 0.087517 0.050265 0.465112 -0.277194 -0.186753 0.309256 -0.340456 0.018996 -0.414965
3 -0.589999 -0.758634 0.650652 -0.530119 0.061669 0.143247 0.110998 -0.031347 -0.024732 0.089048 0.048775 0.508477 -0.315611 -0.252109 0.337073 -0.411377 -0.009250 -0.512462
5 -0.397428 -0.649046 0.377872 -0.446726 0.075296 0.099809 0.206339 -0.043056 0.203429 0.002948 0.030556 0.548365 -0.278864 -0.206254 0.379632 -0.418366 -0.113072 -0.545262
14 -0.533487 -0.685433 0.600844 -0.480615 0.107450 0.174388 0.036011 -0.014597 -0.028672 0.066197 0.062988 0.495700 -0.280125 -0.178899 0.284960 -0.308926 0.029494 -0.410982
1 -0.468578 -0.637029 0.496260 -0.456187 0.080152 0.094501 0.102877 0.026051 0.111892 0.041034 0.024730 0.491537 -0.224061 -0.209424 0.289339 -0.355336 -0.017460 -0.471626
10 -0.525604 -0.074579 0.280635 0.004369 1.335371 0.621656 -0.204446 1.029355 1.147244 -1.198183 1.498412 1.822283 -0.262865 0.289864 -0.361835 0.296630 0.700433 -0.665005
4 -0.507968 -0.030041 0.277121 0.013593 1.311883 0.561156 -0.244829 1.034625 1.107003 -1.171421 1.473939 1.769461 -0.213199 0.258174 -0.352147 0.267090 0.678712 -0.682502
9 -0.498304 -0.670611 0.503776 -0.488450 0.045530 0.120265 0.105601 -0.009829 0.081248 0.070831 0.032239 0.515206 -0.255635 -0.240237 0.325269 -0.375872 -0.067800 -0.452493
6 -0.497002 -0.662067 0.575914 -0.427442 0.074369 0.165689 0.064472 -0.002853 -0.027934 0.080732 0.085990 0.454176 -0.267715 -0.193099 0.289081 -0.296901 0.004768 -0.413427
11 -0.483807 -0.661870 0.508146 -0.430158 0.072892 0.118155 0.085467 0.005379 0.071047 0.035460 0.045013 0.497160 -0.278060 -0.165590 0.343775 -0.363963 -0.050237 -0.458278
17 -0.482614 -0.669756 0.534918 -0.445117 0.032874 0.116735 0.111840 -0.005941 0.063891 0.092796 0.058819 0.517758 -0.244267 -0.181003 0.299514 -0.320525 -0.030399 -0.479273
0 -0.487242 -0.634486 0.533840 -0.452066 0.070423 0.180809 0.038299 -0.006846 0.001178 0.047802 0.133222 0.481344 -0.242732 -0.162634 0.285125 -0.286552 0.031863 -0.398576
7 -0.405727 -0.673495 0.406071 -0.497384 0.033204 0.121807 0.224078 -0.004930 0.248695 0.016565 -0.036408 0.577846 -0.269914 -0.275033 0.431969 -0.450545 -0.119600 -0.597478
2 -0.475139 -0.645527 0.546050 -0.443592 0.070391 0.144632 0.058229 0.021524 -0.039310 0.060596 0.062240 0.475684 -0.235464 -0.193519 0.265114 -0.326100 -0.000509 -0.380452
16 -0.380441 -0.589048 0.353631 -0.447837 0.069103 0.077643 0.259341 0.023326 0.322643 -0.018231 -0.019169 0.627638 -0.263372 -0.223266 0.407448 -0.450471 -0.162280 -0.652100
12 -0.512021 -0.645428 0.539816 -0.441162 0.064452 0.135616 0.035956 -0.019485 -0.009226 0.072993 0.116265 0.500128 -0.253608 -0.148868 0.265160 -0.271121 -0.012467 -0.397121
15 -0.532617 -0.664293 0.583018 -0.469676 0.076483 0.173981 0.063276 -0.033522 -0.022112 0.063824 0.088038 0.457647 -0.249060 -0.163326 0.286131 -0.315760 -0.021540 -0.411372
