18 18
0 -0.296770 -0.528016 0.224101 -0.331665 -0.051034 0.084434 0.083865 0.102496 0.128895 -0.050491 0.212042 0.503184 -0.169807 -0.113469 0.405766 -0.388187 -0.199196 -0.344837
6 -0.304728 -0.557910 0.268487 -0.289072 -0.041749 0.080103 0.140628 0.143097 0.117938 -0.034098 0.212160 0.562460 -0.226297 -0.160713 0.428973 -0.418167 -0.249069 -0.406867
2 -0.241627 -0.527690 0.212070 -0.281615 -0.073535 0.082228 0.148324 0.136505 0.069474 -0.023233 0.179523 0.582214 -0.232622 -0.162957 0.402548 -0.409041 -0.247806 -0.325013
14 -0.290956 -0.540769 0.262213 -0.315921 -0.036796 0.084943 0.106740 0.112380 0.086447 -0.016310 0.166195 0.564784 -0.229801 -0.148085 0.397592 -0.381942 -0.216712 -0.349319
8 -0.241214 -0.573094 0.242799 -0.262467 -0.144771 0.100113 0.203928 0.137641 0.076212 0.042135 0.175514 0.593951 -0.294540 -0.183916 0.445566 -0.412527 -0.226949 -0.357122
10 -0.258146 -0.525370 0.222893 -0.280571 -0.059901 0.114169 0.156649 0.116481 0.117230 -0.038130 0.195191 0.561779 -0.246635 -0.116824 0.380296 -0.347163 -0.207001 -0.327182
17 -0.277226 -0.543353 0.251642 -0.260861 -0.108522 0.067255 0.182383 0.132715 0.122249 0.009726 0.209521 0.601488 -0.234549 -0.118746 0.382148 -0.348605 -0.233495 -0.395364
4 -0.418752 -0.545182 0.328965 -0.405409 0.045835 0.042407 0.019799 0.166980 0.173323 -0.105965 0.252613 0.527603 -0.093111 -0.173697 0.392900 -0.466893 -0.229260 -0.447073
3 -0.289313 -0.563552 0.274400 -0.267544 -0.122205 0.088637 0.219789 0.128822 0.049006 0.014525 0.213433 0.595031 -0.321159 -0.205279 0.412352 -0.411270 -0.223749 -0.397973
11 -0.280330 -0.516569 0.220174 -0.261649 -0.037896 0.058500 0.096523 0.130837 0.126597 -0.048574 0.175625 0.532470 -0.226903 -0.102585 0.409938 -0.389333 -0.232480 -0.337495
5 -0.311970 -0.565828 0.214765 -0.318657 -0.013067 0.066583 0.128604 0.094154 0.152792 -0.067881 0.230739 0.570308 -0.225855 -0.128062 0.426671 -0.439515 -0.249079 -0.386075
16 -0.274580 -0.528773 0.244872 -0.280115 -0.100083 0.075020 0.174804 0.114463 0.104788 0.003947 0.180651 0.572170 -0.250006 -0.132657 0.426136 -0.395509 -0.259875 -0.398727
9 -0.294554 -0.555809 0.235506 -0.304744 -0.092995 0.081463 0.166546 0.146184 0.119073 -0.006282 0.204364 0.601149 -0.247040 -0.204585 0.409363 -0.417104 -0.256321 -0.363043
12 -0.283037 -0.566638 0.208654 -0.284896 -0.120076 0.076727 0.146772 0.095185 0.075023 0.018967 0.229801 0.608171 -0.275072 -0.143632 0.426002 -0.373475 -0.266693 -0.333852
1 -0.432738 -0.551621 0.338966 -0.428596 0.064085 0.037146 0.014441 0.144441 0.182112 -0.106048 0.200315 0.459893 -0.075936 -0.166572 0.352621 -0.456398 -0.184067 -0.406980
13 -0.294454 -0.563610 0.284990 -0.331558 -0.071178 0.065017 0.158824 0.123395 0.131212 -0.008180 0.192872 0.567175 -0.213230 -0.186548 0.425208 -0.423653 -0.266718 -0.421943
15 -0.469576 -0.545889 0.353423 -0.460829 0.096560 0.072210 -0.002602 0.098677 0.177023 -0.137599 0.231421 0.435533 -0.051884 -0.145698 0.368312 -0.467352 -0.226164 -0.421181
7 -0.214000 -0.520006 0.187759 -0.260592 -0.120998 0.103138 0.176995 0.127066 0.126856 -0.007931 0.177505 0.579413 -0.250353 -0.159434 0.423546 -0.359129 -0.223557 -0.356787
