18 18
0 -0.270014 -0.464483 0.166962 -0.268588 -0.158342 0.141614 -0.031830 0.171322 0.370158 0.024900 0.350526 0.575892 -0.092187 -0.047387 0.324268 -0.069776 0.149746 -0.383430
4 -0.267205 -0.451484 0.145356 -0.233557 -0.155098 0.139264 -0.071070 0.217358 0.444690 0.016184 0.415768 0.657057 -0.111794 -0.040261 0.374104 -0.047493 0.134480 -0.424023
9 -0.251579 -0.443016 0.089015 -0.244090 -0.160433 0.147029 -0.056040 0.181435 0.472088 0.025094 0.391260 0.657493 -0.126416 -0.052401 0.370211 -0.036894 0.065990 -0.353315
14 -0.320615 -0.523015 0.229980 -0.287427 -0.114441 0.121176 -0.013784 0.195333 0.381009 0.029950 0.313307 0.626146 -0.114011 -0.074422 0.297148 -0.094329 0.175242 -0.429349
10 -0.257373 -0.464834 0.132198 -0.231790 -0.144850 0.161308 -0.023958 0.183197 0.436766 0.011445 0.383173 0.637346 -0.139150 -0.023151 0.338610 -0.029177 0.125213 -0.370297
17 -0.268674 -0.465373 0.174347 -0.209164 -0.160617 0.091483 0.002678 0.207260 0.402885 0.044109 0.336626 0.604852 -0.094422 -0.036247 0.292665 -0.067086 0.144498 -0.421477
11 -0.276735 -0.468313 0.154905 -0.223474 -0.133791 0.119532 -0.051153 0.198345 0.416628 0.008230 0.343941 0.600865 -0.130679 -0.024115 0.358578 -0.075915 0.107751 -0.382725
7 -0.219021 -0.454746 0.111299 -0.230180 -0.185940 0.162871 -0.027370 0.184394 0.428385 0.028222 0.343784 0.611672 -0.120298 -0.050162 0.382792 -0.041766 0.122590 -0.387500
6 -0.262433 -0.484341 0.169988 -0.201668 -0.153612 0.147010 -0.007105 0.220665 0.407454 0.026825 0.366568 0.607801 -0.131759 -0.050450 0.363073 -0.067336 0.136573 -0.428624
3 -0.362606 -0.510710 0.280361 -0.289853 -0.094650 0.093616 0.031793 0.206876 0.316293 -0.005137 0.319294 0.537519 -0.104960 -0.141068 0.225651 -0.150166 0.209946 -0.445327
15 -0.343147 -0.507061 0.241599 -0.315939 -0.105518 0.135084 0.003508 0.162286 0.357976 -0.001336 0.331841 0.567144 -0.080218 -0.082331 0.271378 -0.106763 0.138447 -0.416407
12 -0.296784 -0.523033 0.142122 -0.283045 -0.190376 0.150953 -0.068358 0.165860 0.453686 0.052500 0.437643 0.720353 -0.140962 -0.020424 0.404593 -0.024067 0.086770 -0.409946
2 -0.311427 -0.512081 0.233182 -0.293781 -0.112278 0.094968 0.025065 0.220716 0.333237 -0.000754 0.306758 0.577859 -0.070799 -0.125840 0.243215 -0.154178 0.163329 -0.406304
1 -0.338858 -0.512874 0.243620 -0.288101 -0.097984 0.067322 0.002157 0.214877 0.372559 0.012003 0.296007 0.554957 -0.070061 -0.100899 0.235199 -0.130939 0.179348 -0.413898
16 -0.277932 -0.469260 0.173226 -0.246933 -0.151607 0.122215 -0.006570 0.177231 0.405234 0.030575 0.329452 0.622553 -0.129442 -0.016688 0.361404 -0.094921 0.108266 -0.434278
5 -0.273258 -0.487326 0.162060 -0.236629 -0.105174 0.098529 0.023164 0.169736 0.386645 -0.001407 0.332705 0.575994 -0.119690 -0.062844 0.298835 -0.121508 0.139326 -0.417350
13 -0.249043 -0.465374 0.157548 -0.287909 -0.165834 0.142663 -0.037208 0.158389 0.427887 0.047356 0.356060 0.609450 -0.100680 -0.073524 0.359414 -0.047242 0.088274 -0.390384
8 -0.252933 -0.477544 0.164622 -0.224223 -0.169768 0.146571 -0.015085 0.187487 0.396662 0.047628 0.336849 0.593448 -0.138844 -0.041456 0.363299 -0.078266 0.144926 -0.384260
