18 18
11 -0.210101 -0.424684 0.002993 -0.512864 -0.142988 0.459044 0.190594 0.000399 0.447529 -0.310191 0.159917 0.354631 -0.227715 -0.289402 0.495452 -0.369652 0.047786 -0.226648
7 -0.145971 -0.359298 -0.025736 -0.464066 -0.164387 0.427726 0.193659 -0.011459 0.404807 -0.263026 0.139274 0.304234 -0.185890 -0.297137 0.437338 -0.309516 0.065091 -0.212150
1 -0.225817 -0.409274 0.042894 -0.485668 -0.135017 0.394234 0.199021 0.014283 0.414483 -0.261871 0.129510 0.304637 -0.214613 -0.308008 0.423497 -0.360041 0.099870 -0.232749
4 -0.181539 -0.371157 -0.001901 -0.473607 -0.130711 0.415896 0.169969 0.012510 0.409376 -0.287786 0.189067 0.330315 -0.185311 -0.285978 0.446840 -0.342442 0.068914 -0.238044
0 -0.155831 -0.384445 -0.024373 -0.505630 -0.163198 0.424400 0.157705 -0.040871 0.385349 -0.268789 0.201456 0.286047 -0.145157 -0.244554 0.447642 -0.319255 0.077249 -0.219947
9 -0.200267 -0.378685 -0.007659 -0.490177 -0.153573 0.438933 0.206391 -0.001670 0.427790 -0.269671 0.148023 0.341278 -0.218530 -0.321422 0.438340 -0.343322 0.059777 -0.205454
16 -0.195232 -0.378502 0.029548 -0.473093 -0.163880 0.439455 0.227103 -0.023717 0.382931 -0.250721 0.132016 0.322388 -0.243978 -0.265100 0.470253 -0.351777 0.057066 -0.249361
3 -0.229336 -0.348680 0.080072 -0.410175 -0.136706 0.394076 0.225531 -0.001909 0.304445 -0.229356 0.122972 0.253274 -0.278378 -0.301416 0.387099 -0.342781 0.127980 -0.227148
5 -0.164369 -0.395612 -0.032549 -0.453689 -0.109887 0.395060 0.206051 -0.045406 0.411047 -0.275226 0.186577 0.322601 -0.211812 -0.250728 0.441548 -0.344896 0.048060 -0.235777
6 -0.178937 -0.393780 0.009123 -0.437821 -0.136068 0.422137 0.204458 -0.010395 0.380562 -0.260929 0.185078 0.306206 -0.220184 -0.268538 0.457806 -0.332986 0.057201 -0.245437
12 -0.226599 -0.421301 0.016883 -0.515258 -0.177366 0.442696 0.194217 -0.041157 0.391407 -0.257726 0.192158 0.356547 -0.237666 -0.283001 0.469274 -0.331668 0.057163 -0.229090
10 -0.192566 -0.395513 0.016144 -0.484842 -0.147870 0.481364 0.232897 -0.016244 0.413336 -0.284140 0.159873 0.340107 -0.252278 -0.273663 0.451560 -0.324300 0.082935 -0.210211
8 -0.209742 -0.404145 0.068338 -0.439967 -0.168606 0.433619 0.229443 0.002961 0.349156 -0.219400 0.112258 0.287928 -0.273450 -0.288657 0.447009 -0.358642 0.119976 -0.215914
13 -0.166882 -0.397691 0.006125 -0.521453 -0.163403 0.444785 0.208014 -0.038698 0.427586 -0.259220 0.153353 0.316690 -0.198749 -0.310747 0.475669 -0.344243 0.040023 -0.236794
2 -0.159715 -0.385054 0.003630 -0.486428 -0.158554 0.436808 0.208301 0.000646 0.368925 -0.266154 0.141197 0.335365 -0.193886 -0.297776 0.441741 -0.347873 0.045664 -0.199066
14 -0.184411 -0.376439 0.032085 -0.472268 -0.125505 0.419291 0.173510 -0.015860 0.367197 -0.237298 0.109070 0.318827 -0.211789 -0.279055 0.421540 -0.305632 0.072625 -0.197214
15 -0.200821 -0.388380 0.030363 -0.505474 -0.152164 0.463105 0.209437 -0.038245 0.386643 -0.268443 0.149385 0.311368 -0.196480 -0.277969 0.451669 -0.331759 0.041755 -0.225771
17 -0.002915 -0.006397 0.005624 0.018021 -0.026928 -0.018564 0.015689 0.014203 0.025956 0.022864 0.010492 0.027524 0.013101 0.016295 -0.014503 0.021066 0.000664 -0.026546
