18 18
7 -0.137494 -0.348739 -0.046004 -0.378665 -0.097103 0.201867 0.137340 -0.034884 0.432424 -0.115200 0.217551 0.544050 -0.151341 -0.264625 0.433996 -0.234492 -0.288645 -0.331735
0 -0.206691 -0.392251 0.043250 -0.432946 -0.106345 0.220893 0.127209 -0.055108 0.354573 -0.083850 0.232830 0.524369 -0.145273 -0.236670 0.460679 -0.277393 -0.300639 -0.350032
1 -0.212748 -0.390055 0.065490 -0.410019 -0.070433 0.180396 0.143934 -0.011186 0.364163 -0.084658 0.191541 0.511593 -0.125409 -0.264062 0.406244 -0.300474 -0.291599 -0.362563
8 -0.161402 -0.415743 0.007658 -0.401314 -0.090750 0.206899 0.165403 -0.018911 0.389844 -0.103380 0.216986 0.533764 -0.185044 -0.298685 0.449326 -0.342938 -0.255762 -0.330125
9 -0.200460 -0.392045 -0.013298 -0.427932 -0.074196 0.206888 0.146383 -0.025156 0.415955 -0.120946 0.247076 0.577449 -0.164193 -0.300851 0.430989 -0.309788 -0.319034 -0.329365
4 -0.171459 -0.325774 0.019369 -0.374576 -0.058913 0.187557 0.124451 0.008803 0.351982 -0.122836 0.249765 0.524379 -0.124923 -0.291399 0.407116 -0.313297 -0.289450 -0.360822
5 -0.156973 -0.379584 -0.034200 -0.366982 -0.042625 0.165113 0.158566 -0.047511 0.388492 -0.127204 0.239327 0.531925 -0.172285 -0.245490 0.409872 -0.302543 -0.285174 -0.337699
2 -0.167461 -0.406318 0.005045 -0.432482 -0.084743 0.209230 0.162235 -0.011095 0.362397 -0.120149 0.238948 0.585329 -0.149781 -0.321284 0.446944 -0.350926 -0.331371 -0.349078
16 -0.206172 -0.374241 0.040984 -0.409315 -0.095369 0.209622 0.168915 -0.040645 0.381386 -0.088662 0.206502 0.570465 -0.166323 -0.233835 0.469258 -0.294277 -0.358704 -0.395972
6 -0.193039 -0.380399 0.040581 -0.369574 -0.087221 0.212472 0.157864 -0.019334 0.359140 -0.081966 0.233016 0.540740 -0.156505 -0.249649 0.450893 -0.265620 -0.335982 -0.376963
14 -0.203436 -0.384922 0.067569 -0.416169 -0.066532 0.210277 0.126988 -0.043630 0.322352 -0.070268 0.186307 0.541505 -0.156052 -0.250978 0.428031 -0.271405 -0.303799 -0.352961
15 -0.210850 -0.371932 0.070140 -0.422777 -0.075332 0.239965 0.160102 -0.053681 0.322155 -0.099934 0.220103 0.507122 -0.137567 -0.266882 0.434402 -0.312591 -0.329110 -0.364581
3 -0.201942 -0.391710 0.030293 -0.406241 -0.070917 0.195123 0.161449 -0.027972 0.358916 -0.121770 0.235830 0.518092 -0.187296 -0.306991 0.420371 -0.323020 -0.261997 -0.352875
10 -0.162120 -0.363111 -0.023613 -0.364652 -0.053890 0.198160 0.147195 -0.028441 0.399706 -0.128987 0.232576 0.527574 -0.174076 -0.221799 0.383466 -0.242006 -0.256413 -0.289445
13 -0.156674 -0.374094 0.017597 -0.420882 -0.083414 0.189765 0.146792 -0.053106 0.387178 -0.088504 0.202378 0.512278 -0.144002 -0.292527 0.439481 -0.290317 -0.316041 -0.348587
12 -0.197051 -0.392327 0.000511 -0.396813 -0.086331 0.169929 0.113376 -0.063965 0.357173 -0.082263 0.241624 0.537425 -0.164126 -0.220498 0.405865 -0.241213 -0.293648 -0.299838
17 -0.196705 -0.376590 0.040176 -0.377846 -0.102392 0.185025 0.163291 -0.018031 0.385743 -0.071001 0.228014 0.566724 -0.138018 -0.236459 0.414232 -0.260669 -0.315173 -0.385002
11 -0.192396 -0.383062 0.005215 -0.372358 -0.057944 0.167504 0.110631 -0.015426 0.397390 -0.124785 0.208114 0.510925 -0.163522 -0.221258 0.425593 -0.279319 -0.283479 -0.312662
