18 18
12 -0.250255 -0.661665 0.065382 -0.271116 -0.014421 -0.077101 0.190836 0.023645 0.149085 -0.032099 0.256279 0.670433 -0.243063 -0.095549 0.276049 -0.391997 -0.224034 -0.275137
3 -0.221198 -0.580690 0.094374 -0.242102 0.020938 -0.049344 0.210332 0.049792 0.119138 -0.072971 0.205995 0.550959 -0.247495 -0.149562 0.253534 -0.439065 -0.141160 -0.282154
2 -0.190443 -0.618153 0.051245 -0.270015 0.012048 -0.068649 0.187880 0.073448 0.124422 -0.069700 0.212540 0.616365 -0.186307 -0.141351 0.242861 -0.421708 -0.183631 -0.225051
0 -0.221841 -0.631791 0.069864 -0.296951 -0.004074 -0.043948 0.178050 0.058633 0.149243 -0.073841 0.246902 0.611537 -0.213897 -0.145282 0.280430 -0.437388 -0.131796 -0.261307
11 -0.226451 -0.615761 0.076474 -0.241882 0.028905 -0.063762 0.180670 0.080923 0.167939 -0.089899 0.207754 0.601048 -0.234271 -0.111374 0.283276 -0.442147 -0.175511 -0.273203
13 -0.203199 -0.627560 0.103529 -0.301118 -0.010932 -0.047879 0.221473 0.017805 0.164737 -0.027720 0.185933 0.583495 -0.233728 -0.168222 0.299787 -0.446628 -0.196442 -0.300422
7 -0.191716 -0.628289 0.051583 -0.277086 -0.016334 -0.031642 0.212508 0.054442 0.175920 -0.067010 0.206353 0.631076 -0.233595 -0.157325 0.303229 -0.434205 -0.175963 -0.280332
1 -0.231016 -0.620987 0.088164 -0.271169 0.043257 -0.101194 0.171580 0.094927 0.172940 -0.070375 0.192460 0.562939 -0.176542 -0.150819 0.216214 -0.417381 -0.128524 -0.247962
4 -0.218237 -0.603900 0.063971 -0.237672 0.037029 -0.091573 0.188528 0.093456 0.178613 -0.080356 0.245322 0.629703 -0.204303 -0.125688 0.254061 -0.432010 -0.182792 -0.295773
5 -0.203815 -0.622759 0.042868 -0.250632 0.033018 -0.067287 0.217926 0.029744 0.176659 -0.078197 0.230487 0.611347 -0.239896 -0.111981 0.276930 -0.435666 -0.183999 -0.287125
9 -0.202922 -0.567337 0.031507 -0.253743 0.017847 -0.061740 0.173908 0.084433 0.178082 -0.077141 0.215745 0.597481 -0.192314 -0.161716 0.238028 -0.415451 -0.168379 -0.227332
10 -0.208004 -0.613061 0.063910 -0.254096 0.037164 -0.035137 0.207704 0.054464 0.166292 -0.084044 0.215780 0.605072 -0.237074 -0.105734 0.243077 -0.400654 -0.151472 -0.244013
8 -0.220233 -0.656731 0.107049 -0.272849 -0.014143 -0.041077 0.225438 0.040713 0.156813 -0.025799 0.192981 0.614220 -0.261613 -0.133314 0.306891 -0.452931 -0.166987 -0.290936
14 -0.231704 -0.647652 0.106252 -0.314177 0.036866 -0.044094 0.178863 0.030618 0.135176 -0.052014 0.185971 0.619893 -0.236075 -0.149084 0.270096 -0.424803 -0.146431 -0.262082
15 -0.234457 -0.620110 0.104559 -0.312274 0.016272 -0.010873 0.211759 0.006016 0.152040 -0.061816 0.207481 0.590827 -0.228663 -0.143485 0.282447 -0.432065 -0.176589 -0.274406
6 -0.194900 -0.593735 0.063506 -0.213235 0.030827 -0.065116 0.190933 0.090453 0.154604 -0.066095 0.215750 0.567617 -0.200403 -0.126045 0.244262 -0.389797 -0.160612 -0.261670
16 -0.204384 -0.580125 0.065261 -0.217697 -0.005928 -0.065789 0.227145 0.048371 0.172260 -0.042524 0.190833 0.613867 -0.235329 -0.069594 0.285877 -0.416976 -0.226808 -0.316195
17 -0.223643 -0.641343 0.077527 -0.228568 -0.034004 -0.075611 0.248165 0.051422 0.197602 -0.020668 0.236354 0.677177 -0.242323 -0.084803 0.270466 -0.402875 -0.207865 -0.336103
