18 18
15 -0.365857 -0.456121 0.373078 -0.324120 -0.169477 0.144143 0.224708 0.024461 0.118345 0.046702 0.031043 0.196111 -0.206501 -0.218929 0.319097 -0.435799 -0.016616 -0.293947
1 -0.419782 -0.498498 0.436327 -0.346912 -0.120398 0.033105 0.201252 0.159672 0.094079 0.005251 0.005138 0.165233 -0.159214 -0.347111 0.242448 -0.531912 0.084670 -0.344884
0 -0.379915 -0.484056 0.391013 -0.349132 -0.186963 0.121360 0.202587 0.078236 0.087362 0.031250 0.053375 0.196199 -0.211368 -0.287917 0.324862 -0.488235 0.053048 -0.314661
8 -0.377420 -0.516316 0.419075 -0.325977 -0.177192 0.104158 0.240341 0.123129 0.088692 0.041319 0.000640 0.181371 -0.227127 -0.321641 0.312288 -0.522856 0.072885 -0.309238
12 -0.436175 -0.518993 0.439305 -0.366422 -0.161354 0.064467 0.185388 0.101142 0.046327 0.027883 0.048349 0.216015 -0.211792 -0.322426 0.296347 -0.509467 0.033810 -0.347448
7 -0.399852 -0.515576 0.424670 -0.371255 -0.174616 0.108038 0.222974 0.129011 0.092648 0.005151 0.009848 0.197456 -0.214430 -0.373389 0.325822 -0.536517 0.071626 -0.352759
14 -0.448046 -0.508192 0.488248 -0.388378 -0.123961 0.075739 0.163080 0.104722 0.016962 0.014991 0.006789 0.217047 -0.225250 -0.328802 0.312726 -0.536166 0.060682 -0.389135
9 -0.357430 -0.464718 0.351375 -0.316164 -0.171280 0.117019 0.214228 0.095249 0.139209 0.043862 0.016033 0.212770 -0.213399 -0.287175 0.290665 -0.455093 0.026191 -0.258306
3 -0.443029 -0.455903 0.465505 -0.331367 -0.095781 0.032458 0.186686 0.131470 -0.014886 -0.033628 0.054276 0.153895 -0.214841 -0.365388 0.247856 -0.548930 0.087262 -0.403842
13 -0.355865 -0.459600 0.407870 -0.335639 -0.151173 0.064024 0.213587 0.090997 0.085686 0.042912 0.008693 0.166207 -0.173219 -0.318286 0.287454 -0.489604 0.011544 -0.342228
11 -0.437844 -0.505756 0.452641 -0.349500 -0.134872 0.073556 0.169633 0.125974 0.065524 -0.014470 0.026729 0.194812 -0.227733 -0.309858 0.338345 -0.548658 0.034969 -0.364291
2 -0.392622 -0.487991 0.426834 -0.347702 -0.131161 0.046853 0.216357 0.166761 0.031922 -0.010988 0.024660 0.190937 -0.166401 -0.377131 0.257214 -0.566883 0.058137 -0.355390
10 -0.394349 -0.520154 0.407358 -0.337745 -0.161752 0.129422 0.250701 0.109809 0.130309 0.015161 0.036446 0.215748 -0.237597 -0.291142 0.297126 -0.490321 0.062881 -0.306075
16 -0.380840 -0.449045 0.404223 -0.322857 -0.151531 0.079942 0.210736 0.089489 0.072790 0.025502 0.006251 0.192501 -0.203893 -0.266612 0.301290 -0.489360 0.013211 -0.346631
6 -0.395012 -0.493038 0.424775 -0.313844 -0.134632 0.073729 0.228850 0.140577 0.067625 0.007951 0.038288 0.174042 -0.195291 -0.343310 0.288530 -0.522313 0.047822 -0.368972
17 -0.385798 -0.472297 0.405388 -0.306974 -0.183925 0.070291 0.213838 0.102791 0.104957 0.053004 0.030241 0.220379 -0.190905 -0.258697 0.283961 -0.452556 0.032211 -0.349034
5 -0.381546 -0.499545 0.378463 -0.328311 -0.117368 0.055930 0.227688 0.104532 0.102105 -0.008982 0.043711 0.201463 -0.204524 -0.310908 0.285839 -0.532936 0.038234 -0.350930
4 -0.409624 -0.455716 0.434936 -0.326648 -0.111244 0.037598 0.175501 0.166705 0.047701 -0.016108 0.051751 0.188344 -0.173319 -0.354992 0.265327 -0.543026 0.069076 -0.376947
