18 18
12 -0.437989 -0.469572 0.302809 -0.355967 0.043478 0.030065 0.121243 -0.134450 0.180841 0.004269 0.068567 0.209993 -0.287547 -0.311045 0.299749 -0.319622 -0.147508 -0.395506
7 -0.375033 -0.440262 0.238005 -0.370717 0.040462 0.039478 0.134364 -0.063890 0.261873 -0.039082 0.040258 0.206706 -0.235260 -0.435136 0.301998 -0.357727 -0.104851 -0.402547
3 -0.462371 -0.464647 0.332128 -0.376699 0.067866 0.031936 0.149565 -0.098608 0.194396 -0.031103 0.058537 0.183129 -0.291845 -0.415671 0.302410 -0.397266 -0.119658 -0.454543
15 -0.436889 -0.456178 0.318282 -0.361416 0.077615 0.046071 0.152053 -0.116610 0.208397 -0.034386 0.038105 0.168833 -0.251543 -0.325700 0.291912 -0.365440 -0.149449 -0.418171
14 -0.432878 -0.474321 0.318723 -0.380937 0.074734 0.037801 0.115199 -0.107261 0.196782 -0.011299 0.025826 0.210174 -0.275216 -0.363350 0.301153 -0.349284 -0.117597 -0.406563
9 -0.440345 -0.460624 0.258407 -0.386633 0.071461 0.022790 0.134330 -0.061806 0.278156 -0.042386 0.058217 0.231079 -0.251967 -0.448754 0.290118 -0.389415 -0.134488 -0.409484
11 -0.445241 -0.472677 0.318558 -0.342821 0.087586 0.017601 0.122801 -0.074724 0.222949 -0.050649 0.044425 0.193935 -0.282742 -0.344637 0.325515 -0.390272 -0.144373 -0.430490
16 -0.401040 -0.426397 0.271287 -0.372788 0.054150 0.025846 0.144142 -0.066827 0.229426 -0.034724 0.044249 0.220892 -0.243432 -0.407899 0.309030 -0.389107 -0.142599 -0.435066
6 -0.408618 -0.464156 0.282514 -0.349246 0.081591 0.039459 0.154273 -0.036571 0.240466 -0.051157 0.070202 0.208910 -0.252095 -0.433101 0.302300 -0.378729 -0.116129 -0.436281
4 -0.390109 -0.415192 0.232157 -0.385778 0.082392 0.008084 0.098328 0.010821 0.262410 -0.085719 0.100120 0.245907 -0.180029 -0.497802 0.275347 -0.403639 -0.094124 -0.415538
0 -0.399554 -0.453620 0.244864 -0.406587 0.040463 0.043733 0.110226 -0.046269 0.243656 -0.053683 0.090315 0.225770 -0.212491 -0.445215 0.315356 -0.393531 -0.092223 -0.402182
1 -0.473439 -0.495256 0.346958 -0.388375 0.101279 -0.003700 0.153214 -0.072066 0.258971 -0.028865 0.008293 0.168160 -0.245854 -0.374696 0.248670 -0.366862 -0.097534 -0.419939
2 -0.348133 -0.418416 0.203815 -0.390491 0.048780 0.028752 0.128431 0.004139 0.223037 -0.073594 0.072495 0.249990 -0.170252 -0.493574 0.271335 -0.408256 -0.126197 -0.362913
8 -0.430982 -0.488155 0.336977 -0.345594 0.052561 0.036368 0.155454 -0.103911 0.197160 0.001152 0.028053 0.188399 -0.307389 -0.347035 0.330756 -0.385797 -0.125552 -0.433158
13 -0.434402 -0.487058 0.317566 -0.425053 0.062405 0.025819 0.148507 -0.112948 0.261151 -0.010200 0.030723 0.196499 -0.253252 -0.441817 0.312938 -0.387487 -0.149968 -0.443579
5 -0.399361 -0.465032 0.255863 -0.359276 0.094115 0.013194 0.158442 -0.092808 0.247019 -0.059226 0.066589 0.207981 -0.260749 -0.384664 0.299477 -0.394985 -0.128520 -0.430908
10 -0.470857 -0.505661 0.330945 -0.376710 0.109050 0.060385 0.179345 -0.091316 0.266117 -0.062034 0.051747 0.212527 -0.303259 -0.347297 0.273868 -0.350459 -0.101993 -0.417004
17 -0.002915 -0.006397 0.005624 0.018021 -0.026928 -0.018564 0.015689 0.014203 0.025956 0.022864 0.010492 0.027524 0.013101 0.016295 -0.014503 0.021066 0.000664 -0.026546
