18 18
4 -0.280227 -0.386146 0.306022 -0.059010 -0.152182 -0.058770 0.038931 0.374899 0.329363 0.071288 0.356469 0.535863 0.082928 -0.083535 0.285472 -0.240374 -0.118057 -0.532526
0 -0.296345 -0.454158 0.321698 -0.149881 -0.176938 0.035982 0.055815 0.244163 0.292416 0.092921 0.359029 0.504458 0.013544 -0.042061 0.352919 -0.222872 -0.083813 -0.540855
6 -0.275450 -0.424244 0.305225 -0.061731 -0.170571 -0.019552 0.075118 0.338243 0.305956 0.090186 0.343310 0.519226 0.040318 -0.085274 0.326080 -0.242947 -0.134995 -0.542525
14 -0.294971 -0.438453 0.342981 -0.148849 -0.137774 0.027857 0.045029 0.249503 0.275689 0.100892 0.302819 0.507196 0.018864 -0.050924 0.302039 -0.191880 -0.082781 -0.507154
13 -0.294312 -0.457358 0.361887 -0.153814 -0.152689 0.017354 0.070607 0.261198 0.318457 0.100710 0.318095 0.492830 0.030416 -0.071157 0.329005 -0.219758 -0.119724 -0.550504
11 -0.311940 -0.451708 0.334312 -0.085298 -0.153051 -0.029206 0.043087 0.342525 0.323234 0.066696 0.318698 0.522199 0.032673 -0.052053 0.333524 -0.260259 -0.123918 -0.533743
2 -0.267056 -0.425179 0.321222 -0.068291 -0.189908 -0.060808 0.064829 0.421326 0.315731 0.090787 0.327349 0.572288 0.103740 -0.124166 0.287710 -0.278229 -0.133159 -0.529985
1 -0.318223 -0.455903 0.353421 -0.120964 -0.138374 -0.030539 0.055491 0.328360 0.323619 0.081374 0.305589 0.498979 0.055332 -0.075823 0.284385 -0.242097 -0.086872 -0.536758
3 -0.313484 -0.421949 0.344725 -0.107391 -0.140601 0.000304 0.072935 0.281853 0.272359 0.070455 0.332861 0.473965 0.006145 -0.080137 0.290212 -0.236645 -0.078897 -0.533453
9 -0.282561 -0.400395 0.281596 -0.049378 -0.179717 -0.090576 0.050714 0.440575 0.374094 0.086806 0.328944 0.582265 0.107320 -0.145546 0.268834 -0.271489 -0.152584 -0.509944
5 -0.281490 -0.454283 0.279106 -0.131009 -0.133863 0.016121 0.095940 0.205032 0.306479 0.061826 0.349829 0.507660 -0.014877 -0.030521 0.346562 -0.244322 -0.124681 -0.549417
15 -0.308084 -0.453601 0.321682 -0.179481 -0.133617 0.084681 0.086943 0.143527 0.266656 0.067612 0.334230 0.453404 -0.014970 0.000120 0.338812 -0.199916 -0.112439 -0.516335
8 -0.291648 -0.466574 0.354175 -0.090013 -0.178289 -0.007242 0.071101 0.339628 0.312987 0.111444 0.309686 0.524321 0.033744 -0.070330 0.327199 -0.254926 -0.087800 -0.535979
12 -0.318782 -0.458131 0.317052 -0.121526 -0.187605 -0.023210 0.048467 0.277442 0.293677 0.107891 0.373698 0.557955 0.033378 -0.051920 0.324021 -0.218499 -0.143456 -0.532674
17 -0.274768 -0.410370 0.310032 -0.042820 -0.205840 -0.081800 0.072709 0.398273 0.357351 0.113204 0.345471 0.580034 0.098145 -0.083342 0.272030 -0.228256 -0.125164 -0.546377
10 -0.287528 -0.441963 0.320532 -0.129661 -0.125516 0.054825 0.079162 0.251358 0.316865 0.061077 0.340881 0.509928 0.001055 -0.024892 0.299499 -0.185990 -0.087657 -0.509042
16 -0.288530 -0.422438 0.305509 -0.115335 -0.176102 0.007291 0.088836 0.245450 0.295531 0.087199 0.324321 0.518524 0.005045 -0.020707 0.357054 -0.244142 -0.146382 -0.555127
7 -0.257536 -0.424453 0.281522 -0.108125 -0.190722 0.007151 0.071038 0.297095 0.326731 0.082625 0.316689 0.516178 0.038135 -0.084681 0.344116 -0.233597 -0.109286 -0.537190
