18 18
8 -0.324984 -0.587234 0.494114 -0.515709 -0.232141 0.193191 0.080001 -0.136114 0.095271 0.235756 -0.109990 0.328717 -0.126259 -0.069779 0.384906 -0.213913 -0.114933 -0.269286
13 -0.289200 -0.558037 0.506594 -0.522699 -0.186097 0.157702 0.103458 -0.153588 0.097593 0.222831 -0.072727 0.303685 -0.093788 -0.135992 0.394638 -0.234847 -0.159745 -0.378464
0 -0.322714 -0.628621 0.519246 -0.532759 -0.163348 0.185944 0.095242 -0.094777 0.079400 0.167505 -0.014970 0.357541 -0.123178 -0.166961 0.436437 -0.310905 -0.121427 -0.394421
15 -0.329848 -0.595951 0.504912 -0.501061 -0.146603 0.195028 0.109491 -0.112561 0.082915 0.159918 -0.034391 0.340362 -0.115647 -0.121235 0.389717 -0.271469 -0.143083 -0.358372
2 -0.220748 -0.548319 0.451046 -0.343610 -0.031259 0.107575 0.145966 0.034900 0.031995 0.073268 0.047687 0.346991 -0.134139 -0.250488 0.398864 -0.393854 -0.138611 -0.478063
4 -0.144505 -0.483594 0.416648 -0.119496 0.195397 -0.000110 0.181448 0.202794 0.021003 -0.076605 0.256817 0.335466 -0.177260 -0.411623 0.432457 -0.547592 -0.113264 -0.738952
3 -0.228941 -0.502253 0.453295 -0.258910 0.042183 0.073698 0.163864 0.053175 0.018079 0.031984 0.111652 0.287606 -0.182342 -0.296641 0.376417 -0.410114 -0.090849 -0.551146
14 -0.284012 -0.562511 0.503341 -0.447046 -0.085901 0.150927 0.103016 -0.072091 0.052344 0.155938 -0.028081 0.329341 -0.137725 -0.182618 0.388758 -0.288975 -0.114454 -0.418900
11 -0.309564 -0.541357 0.474598 -0.439357 -0.148529 0.147902 0.067471 -0.092093 0.107591 0.167380 -0.068461 0.316952 -0.126081 -0.076092 0.392676 -0.238388 -0.149135 -0.350524
1 -0.256005 -0.530676 0.438823 -0.342632 -0.013338 0.077136 0.110344 0.031124 0.074691 0.071103 0.029708 0.293223 -0.120644 -0.223132 0.343988 -0.351812 -0.091201 -0.424719
7 -0.301473 -0.596978 0.487182 -0.529053 -0.220337 0.205415 0.099924 -0.123993 0.129671 0.204812 -0.090611 0.358149 -0.114182 -0.127933 0.425446 -0.236029 -0.143114 -0.346098
10 -0.305022 -0.599195 0.492573 -0.457168 -0.129441 0.198827 0.127719 -0.078619 0.106852 0.148905 -0.021374 0.369986 -0.160369 -0.127247 0.398590 -0.265722 -0.127595 -0.373292
17 -0.309139 -0.547153 0.497232 -0.450947 -0.214307 0.150896 0.108745 -0.117220 0.125162 0.239141 -0.051000 0.359830 -0.104340 -0.070371 0.381232 -0.190039 -0.149009 -0.408138
9 -0.312332 -0.562010 0.457779 -0.472680 -0.162908 0.168542 0.086242 -0.082424 0.116127 0.177052 -0.042269 0.359043 -0.120594 -0.144319 0.380198 -0.253525 -0.145482 -0.331324
6 -0.166317 -0.510090 0.434702 -0.169852 0.104897 0.061170 0.189787 0.130839 0.020544 0.000991 0.155330 0.297270 -0.190025 -0.352236 0.430663 -0.464239 -0.121677 -0.638681
5 -0.108568 -0.469236 0.339723 -0.080846 0.215033 -0.010163 0.213233 0.173004 0.026147 -0.099670 0.252572 0.313562 -0.197431 -0.390273 0.406549 -0.540200 -0.114411 -0.698631
12 -0.337256 -0.586858 0.476009 -0.496426 -0.197288 0.164987 0.064996 -0.128515 0.082343 0.209769 -0.039592 0.369893 -0.123258 -0.084224 0.380956 -0.212292 -0.155424 -0.312672
16 -0.270415 -0.537824 0.485953 -0.388619 -0.089681 0.130709 0.147828 -0.055293 0.072652 0.140435 0.000053 0.341422 -0.157076 -0.161918 0.427743 -0.326536 -0.162472 -0.496363
