18 18
12 -0.363410 -0.441823 0.379566 -0.289515 -0.216368 0.052331 0.174648 0.019521 0.028576 0.229081 0.020890 0.492815 -0.235355 -0.076377 0.397161 -0.350549 -0.160319 -0.461587
6 -0.330008 -0.422773 0.390920 -0.237012 -0.194056 0.063200 0.192108 0.067698 0.016042 0.214184 0.018064 0.455928 -0.224105 -0.099426 0.383146 -0.344646 -0.143258 -0.475309
15 -0.370337 -0.414049 0.397709 -0.271394 -0.138599 0.082362 0.180314 0.031860 0.031155 0.155241 0.029037 0.422440 -0.216256 -0.058466 0.358323 -0.363932 -0.124971 -0.449865
0 -0.369734 -0.455916 0.390309 -0.307741 -0.231458 0.069942 0.186283 0.040862 0.050880 0.212551 0.034487 0.483691 -0.226878 -0.083000 0.425810 -0.391145 -0.119275 -0.489926
14 -0.354025 -0.453550 0.420438 -0.311872 -0.205927 0.084259 0.182736 0.033330 0.014270 0.242755 -0.037284 0.482833 -0.234214 -0.119240 0.389904 -0.351426 -0.121566 -0.473632
3 -0.380299 -0.412047 0.421329 -0.260659 -0.166468 0.054110 0.196001 0.054964 0.004270 0.181820 0.024094 0.439730 -0.248598 -0.102431 0.356036 -0.378002 -0.099911 -0.486206
10 -0.358768 -0.431549 0.382256 -0.265929 -0.168674 0.082027 0.190870 0.055965 0.064402 0.176704 0.024195 0.482565 -0.240511 -0.053111 0.369188 -0.343710 -0.117380 -0.454495
8 -0.342057 -0.463124 0.376111 -0.233513 -0.174466 0.056529 0.186119 0.035036 0.060771 0.206725 0.010574 0.427284 -0.261738 -0.041924 0.418365 -0.400259 -0.096744 -0.451173
1 -0.410238 -0.480673 0.436283 -0.275103 -0.145916 0.019962 0.168533 0.064788 0.064108 0.199317 0.009168 0.453063 -0.230494 -0.061431 0.376755 -0.399066 -0.100268 -0.494458
7 -0.323813 -0.467827 0.372363 -0.330375 -0.282136 0.108814 0.253489 0.033455 0.091389 0.245115 -0.036979 0.527159 -0.257934 -0.177338 0.477784 -0.405915 -0.164119 -0.535255
16 -0.341862 -0.422010 0.366354 -0.272391 -0.227305 0.054913 0.214024 0.026490 0.074165 0.225887 -0.015228 0.483094 -0.241410 -0.062460 0.423498 -0.373064 -0.165129 -0.502562
13 -0.316927 -0.419498 0.390408 -0.316131 -0.237797 0.068993 0.213378 0.026040 0.043027 0.240710 -0.019318 0.471573 -0.207128 -0.146897 0.394781 -0.355711 -0.169534 -0.483630
4 -0.380668 -0.422255 0.418498 -0.270521 -0.170690 0.042177 0.163434 0.091435 0.047924 0.189123 0.039878 0.502361 -0.217472 -0.087221 0.388296 -0.388360 -0.125953 -0.513697
2 -0.312695 -0.416585 0.373337 -0.271978 -0.189937 0.066018 0.193738 0.081017 0.001869 0.189290 -0.004803 0.468821 -0.198413 -0.115975 0.354617 -0.376712 -0.133115 -0.424882
5 -0.325988 -0.445050 0.309781 -0.240757 -0.129598 0.038581 0.189678 -0.002341 0.090443 0.156756 0.038747 0.416444 -0.245999 -0.051519 0.383228 -0.381158 -0.113095 -0.447438
11 -0.396157 -0.465465 0.410069 -0.246509 -0.132679 0.031908 0.145945 0.079408 0.063420 0.159282 0.019866 0.445111 -0.242572 -0.036396 0.398749 -0.408341 -0.118234 -0.468068
17 -0.348181 -0.437343 0.389038 -0.268571 -0.248809 0.048274 0.206364 0.051203 0.058502 0.249626 0.017055 0.510758 -0.208745 -0.079974 0.370092 -0.323416 -0.137863 -0.494838
9 -0.342817 -0.435281 0.351436 -0.291921 -0.211083 0.073591 0.201846 0.045348 0.081165 0.213230 -0.006179 0.483239 -0.232295 -0.135283 0.395618 -0.379129 -0.151803 -0.454629
