18 18
9 -0.304695 -0.548390 0.350899 -0.322867 -0.069190 -0.065158 0.225367 -0.065592 0.376077 0.141144 0.141206 0.365849 -0.176708 -0.110960 0.282676 -0.277125 -0.084076 -0.532799
13 -0.224679 -0.512721 0.411985 -0.318622 -0.074950 -0.079963 0.280242 -0.080874 0.307099 0.193711 0.088023 0.293743 -0.150812 -0.179378 0.265736 -0.301724 -0.038062 -0.609480
1 -0.247612 -0.506802 0.448714 -0.309657 -0.049404 -0.099340 0.275978 -0.021735 0.272928 0.185273 0.066003 0.258755 -0.139480 -0.219568 0.228890 -0.341810 0.037424 -0.612881
14 -0.171943 -0.460875 0.488510 -0.268280 -0.010566 -0.086141 0.318858 -0.045660 0.143474 0.216743 0.043567 0.226451 -0.172721 -0.280633 0.203759 -0.361760 0.113705 -0.670106
15 -0.290550 -0.547131 0.392817 -0.330657 -0.056471 -0.035034 0.245069 -0.099997 0.320456 0.143559 0.124594 0.313129 -0.172416 -0.102876 0.291117 -0.288184 -0.074563 -0.555219
10 -0.274058 -0.527876 0.349026 -0.293602 -0.049061 -0.048098 0.246205 -0.076913 0.349850 0.123497 0.141390 0.345104 -0.191564 -0.075354 0.258704 -0.252031 -0.047498 -0.524406
6 -0.199788 -0.498833 0.439344 -0.246167 -0.050036 -0.072574 0.307707 -0.034890 0.229718 0.196088 0.094904 0.255589 -0.173861 -0.215369 0.254065 -0.322565 0.020319 -0.619364
3 -0.220182 -0.450533 0.451604 -0.239512 -0.019940 -0.097980 0.321316 -0.046735 0.166815 0.166077 0.101417 0.218749 -0.190489 -0.245441 0.188053 -0.354615 0.089626 -0.641092
5 -0.202098 -0.517558 0.419025 -0.226877 0.002488 -0.126467 0.368237 -0.079248 0.224800 0.163997 0.136562 0.283690 -0.214815 -0.210557 0.215385 -0.373752 0.073464 -0.690608
11 -0.353966 -0.578725 0.284400 -0.311995 -0.058445 -0.057301 0.117925 -0.079706 0.440583 0.070580 0.161159 0.401362 -0.193419 0.051900 0.346307 -0.216033 -0.184210 -0.434110
4 -0.191856 -0.448349 0.447758 -0.218216 -0.004832 -0.136547 0.320807 -0.009656 0.199994 0.169598 0.124260 0.259921 -0.150711 -0.252044 0.181555 -0.361390 0.099179 -0.702572
8 -0.147227 -0.448494 0.482664 -0.214630 -0.043951 -0.078338 0.349892 -0.021797 0.125038 0.226377 0.041598 0.183995 -0.180715 -0.277589 0.210160 -0.382745 0.128036 -0.629481
17 -0.216729 -0.499655 0.418617 -0.225482 -0.061908 -0.114848 0.324738 -0.043576 0.265101 0.194751 0.120095 0.303532 -0.169233 -0.165540 0.205802 -0.295534 0.044991 -0.647446
7 -0.232655 -0.524600 0.377721 -0.319769 -0.094689 -0.046910 0.260954 -0.050718 0.335452 0.164180 0.089629 0.310636 -0.151839 -0.176185 0.287464 -0.290502 -0.021636 -0.581027
0 -0.273861 -0.528297 0.349714 -0.335131 -0.091660 -0.040713 0.199726 -0.080895 0.322664 0.142754 0.135650 0.315962 -0.151205 -0.095860 0.294601 -0.263550 -0.052319 -0.517533
2 -0.168799 -0.447259 0.436933 -0.252398 -0.042756 -0.091694 0.323186 -0.012146 0.156788 0.183143 0.066256 0.239484 -0.139804 -0.264954 0.191679 -0.368385 0.072393 -0.628258
12 -0.365242 -0.593649 0.292161 -0.347142 -0.084415 -0.054725 0.130709 -0.133626 0.407898 0.116587 0.193688 0.428624 -0.200032 0.041612 0.327010 -0.182479 -0.197084 -0.438721
16 -0.248627 -0.494823 0.400208 -0.277269 -0.056335 -0.076190 0.285436 -0.075140 0.267857 0.165669 0.093878 0.305028 -0.189753 -0.122722 0.266313 -0.313774 -0.026676 -0.601141
