18 18
8 -0.059966 -0.486847 0.077028 -0.247252 -0.174212 0.027617 0.342589 -0.126712 0.437723 0.105587 -0.034176 0.311907 -0.195539 -0.001541 0.522010 -0.421058 -0.230212 -0.446841
1 -0.077787 -0.462951 0.073279 -0.204186 -0.117830 -0.015547 0.387065 -0.035631 0.518783 0.032222 0.013731 0.334815 -0.182513 -0.044222 0.504290 -0.473171 -0.239707 -0.546542
2 -0.029008 -0.416893 0.047908 -0.177534 -0.130373 0.009967 0.380691 -0.027320 0.437763 0.025020 0.022285 0.335336 -0.176530 -0.053079 0.486800 -0.455405 -0.245203 -0.499762
7 -0.016677 -0.435682 0.019109 -0.213736 -0.178444 0.042620 0.370307 -0.092384 0.484816 0.058563 -0.010175 0.318393 -0.182592 -0.045059 0.527283 -0.408897 -0.235556 -0.486023
5 -0.048800 -0.409703 0.017381 -0.140638 -0.074975 -0.009937 0.390079 -0.050422 0.482179 -0.010035 0.064991 0.323138 -0.206289 -0.030284 0.469823 -0.445740 -0.242811 -0.520742
13 -0.024646 -0.425321 0.056802 -0.215514 -0.146089 0.005519 0.370362 -0.091674 0.468381 0.064623 -0.002828 0.302209 -0.168924 -0.043739 0.503522 -0.428256 -0.265817 -0.502397
4 -0.053283 -0.381728 0.050934 -0.107506 -0.070141 -0.022698 0.406024 0.042199 0.512346 -0.037325 0.103783 0.344633 -0.196197 -0.069630 0.501900 -0.506637 -0.244175 -0.606642
6 -0.060099 -0.443937 0.063237 -0.129812 -0.099919 0.012808 0.416799 -0.006045 0.497846 0.012947 0.059806 0.319519 -0.216579 -0.061010 0.514985 -0.470585 -0.244013 -0.560376
9 -0.065258 -0.435245 0.028769 -0.195976 -0.128623 0.015698 0.377005 -0.048300 0.508416 0.030301 0.028053 0.349869 -0.191469 -0.050473 0.499080 -0.452920 -0.260594 -0.493587
11 -0.066793 -0.410011 0.049694 -0.154527 -0.100741 -0.007370 0.345131 -0.023515 0.471689 -0.000654 0.029938 0.314776 -0.192866 -0.018776 0.492950 -0.443880 -0.244404 -0.502610
0 -0.054192 -0.442641 0.053201 -0.214158 -0.154891 0.023508 0.369693 -0.076342 0.473696 0.043274 0.045085 0.319233 -0.184222 -0.023149 0.526309 -0.453077 -0.225522 -0.518787
3 -0.070979 -0.367689 0.065873 -0.119477 -0.088920 -0.008992 0.388495 -0.011052 0.434787 -0.009106 0.071847 0.283271 -0.211386 -0.065538 0.444400 -0.447116 -0.199467 -0.536382
15 -0.080412 -0.475063 0.076688 -0.240088 -0.142250 0.046015 0.393236 -0.116287 0.480686 0.049026 0.019248 0.329658 -0.188802 -0.005485 0.528146 -0.451149 -0.275434 -0.518342
16 -0.034436 -0.407728 0.051894 -0.193722 -0.157686 0.013597 0.379907 -0.096099 0.452559 0.067126 -0.012969 0.320694 -0.195874 0.002698 0.522222 -0.428801 -0.265650 -0.517777
10 -0.053179 -0.433107 0.038873 -0.166952 -0.106789 0.029728 0.412495 -0.045171 0.516663 0.000289 0.057686 0.349395 -0.215989 -0.011008 0.497749 -0.445080 -0.244399 -0.523584
17 -0.047377 -0.413881 0.056964 -0.160185 -0.160077 -0.005386 0.378109 -0.050123 0.482746 0.067016 0.029101 0.329612 -0.165517 -0.004441 0.467653 -0.394230 -0.228938 -0.518058
12 -0.075666 -0.455918 0.050760 -0.224139 -0.152580 0.005090 0.331487 -0.109143 0.435876 0.070191 0.031225 0.346271 -0.191134 -0.008063 0.495484 -0.394874 -0.261819 -0.471593
14 -0.065726 -0.499227 0.090102 -0.257975 -0.151079 0.030650 0.365374 -0.118470 0.476991 0.088108 -0.030314 0.351163 -0.210426 -0.015005 0.550797 -0.441228 -0.242590 -0.521200
