18 18
16 -0.284940 -0.141835 0.368725 -0.298086 -0.280315 -0.144902 0.219652 0.119628 0.164964 0.056515 0.185126 0.386887 0.064626 0.021074 0.321452 -0.412794 -0.281704 -0.752053
3 -0.310303 -0.164552 0.341485 -0.285168 -0.233676 -0.152042 0.230846 0.124276 0.206934 0.025095 0.217639 0.371966 0.043099 -0.042421 0.269885 -0.418150 -0.221334 -0.716611
13 -0.279974 -0.160141 0.380617 -0.337830 -0.282223 -0.159793 0.229969 0.113937 0.210749 0.064826 0.193849 0.380722 0.091310 -0.039507 0.316938 -0.427155 -0.293618 -0.762725
0 -0.294667 -0.169067 0.379914 -0.319905 -0.299052 -0.118255 0.199348 0.130503 0.144660 0.045782 0.230393 0.377969 0.076816 -0.003313 0.320262 -0.418527 -0.222396 -0.733403
17 -0.283971 -0.171585 0.327582 -0.265666 -0.269613 -0.165835 0.219327 0.138825 0.232152 0.058948 0.209443 0.405350 0.077599 0.002964 0.271263 -0.371456 -0.244851 -0.717334
4 -0.289365 -0.141296 0.333737 -0.286605 -0.241906 -0.177372 0.197442 0.157150 0.236071 0.026450 0.227364 0.412063 0.092898 -0.018845 0.288085 -0.408567 -0.254935 -0.736407
1 -0.307570 -0.231645 0.235241 -0.292856 -0.160666 -0.200414 0.207612 0.126826 0.375045 0.014637 0.180438 0.417845 0.075216 -0.041432 0.244224 -0.405053 -0.253875 -0.666130
7 -0.271813 -0.207851 0.220820 -0.303395 -0.208928 -0.156793 0.237824 0.112413 0.373365 0.012500 0.194294 0.426697 0.071158 -0.070890 0.290710 -0.408064 -0.269355 -0.693705
12 -0.329720 -0.210910 0.319050 -0.325891 -0.261559 -0.172508 0.204524 0.102063 0.243068 0.051650 0.244483 0.442798 0.065412 -0.012176 0.303938 -0.405884 -0.291332 -0.730251
6 -0.278724 -0.176740 0.339916 -0.258190 -0.249185 -0.139339 0.225505 0.152367 0.200576 0.039836 0.222747 0.384005 0.059243 -0.022903 0.312877 -0.409456 -0.265515 -0.753375
2 -0.273310 -0.184484 0.309480 -0.304031 -0.245766 -0.143658 0.232749 0.138433 0.209309 0.023938 0.198003 0.411331 0.078620 -0.036387 0.278662 -0.427483 -0.261768 -0.684279
5 -0.295004 -0.275949 0.095406 -0.295419 -0.095977 -0.222633 0.268893 0.070335 0.555227 -0.023127 0.224066 0.501021 0.054457 -0.070018 0.263356 -0.442125 -0.322291 -0.679560
15 -0.304662 -0.172789 0.342391 -0.311216 -0.233560 -0.122318 0.218952 0.094836 0.203008 0.031287 0.201976 0.363751 0.076166 -0.009523 0.280582 -0.397602 -0.256256 -0.685845
10 -0.274824 -0.176607 0.282961 -0.271210 -0.215229 -0.135586 0.227667 0.128888 0.280389 0.010321 0.217847 0.421659 0.050490 0.006253 0.271323 -0.372173 -0.253117 -0.683262
11 -0.293882 -0.191112 0.293607 -0.268467 -0.202810 -0.152566 0.193377 0.143062 0.258621 -0.000724 0.191685 0.392569 0.047596 -0.002847 0.300851 -0.419577 -0.260957 -0.682615
9 -0.299343 -0.262838 0.064689 -0.292237 -0.094107 -0.223957 0.242218 0.109037 0.604379 -0.015244 0.208224 0.515830 0.075224 -0.107662 0.234878 -0.423805 -0.322735 -0.637688
14 -0.011733 -0.016220 0.026785 -0.021827 0.014521 0.009558 -0.015588 -0.009492 -0.015071 0.014490 -0.026914 0.011819 -0.010079 -0.001944 0.000728 0.009641 0.015475 -0.000266
8 0.003889 -0.024784 0.014791 0.006068 -0.018192 0.009774 0.013932 0.005426 -0.001505 0.020585 -0.012265 0.000073 -0.017512 0.000480 0.021614 -0.017675 0.015234 0.001164
