18 18
16 -0.202981 -0.509410 0.058669 -0.217403 0.049268 0.075820 0.397266 -0.144550 0.461281 -0.075066 0.123817 0.447650 -0.267029 0.012161 0.300685 -0.206925 -0.219439 -0.497572
0 -0.171327 -0.535672 0.032396 -0.262147 0.033305 0.142065 0.362362 -0.178946 0.427991 -0.091368 0.175345 0.425836 -0.259021 -0.021234 0.343524 -0.211309 -0.163488 -0.470776
10 -0.183834 -0.509256 0.023418 -0.214425 0.071473 0.100253 0.382218 -0.143886 0.475283 -0.100574 0.158683 0.444892 -0.259186 0.002682 0.246860 -0.161776 -0.181355 -0.426617
1 -0.240472 -0.554744 0.108703 -0.235759 0.068986 0.023719 0.402422 -0.095830 0.554752 -0.059830 0.107961 0.441933 -0.218766 -0.003094 0.229650 -0.187606 -0.166899 -0.522728
11 -0.220634 -0.525314 0.080674 -0.206503 0.064321 0.064543 0.341398 -0.105423 0.496501 -0.089759 0.126502 0.419067 -0.239453 0.017756 0.283415 -0.192421 -0.173500 -0.481835
5 -0.166599 -0.517710 -0.005931 -0.215673 0.073311 0.079105 0.379875 -0.176392 0.458011 -0.106774 0.175875 0.439528 -0.268764 -0.009683 0.294885 -0.215371 -0.189948 -0.460469
15 -0.207505 -0.513893 0.061464 -0.240909 0.057071 0.108000 0.371853 -0.173890 0.433655 -0.087134 0.150754 0.413394 -0.238060 0.000231 0.284213 -0.195084 -0.203928 -0.463140
12 -0.232864 -0.567766 0.026163 -0.256764 0.043743 0.080233 0.369480 -0.187800 0.443433 -0.077162 0.200033 0.489299 -0.272975 -0.001778 0.288608 -0.182478 -0.242201 -0.446020
17 -0.197866 -0.507031 0.070676 -0.195033 0.023461 0.051632 0.392711 -0.119573 0.490691 -0.046839 0.138417 0.455491 -0.228350 0.019558 0.255329 -0.165153 -0.187489 -0.513457
7 -0.162009 -0.525710 0.012618 -0.248302 0.035918 0.131357 0.375818 -0.162952 0.459790 -0.093599 0.140936 0.427822 -0.254754 -0.049601 0.322493 -0.190015 -0.180217 -0.451876
6 -0.172788 -0.554401 0.025950 -0.228764 0.061899 0.143062 0.394787 -0.169794 0.445852 -0.096597 0.181947 0.442681 -0.287436 -0.044981 0.340870 -0.197769 -0.200440 -0.476789
9 -0.216108 -0.548468 0.016222 -0.251766 0.058722 0.099508 0.387316 -0.146571 0.494237 -0.101217 0.166513 0.473321 -0.264345 -0.052212 0.294677 -0.219052 -0.222872 -0.447465
13 -0.197923 -0.545085 0.097620 -0.257776 0.051845 0.061302 0.428999 -0.158213 0.526337 -0.055162 0.106840 0.441590 -0.244593 -0.020573 0.303406 -0.217529 -0.225699 -0.559757
14 -0.191100 -0.537575 0.067763 -0.265948 0.068449 0.135843 0.352493 -0.179804 0.421136 -0.077276 0.126240 0.430574 -0.271260 -0.030372 0.320423 -0.192562 -0.164967 -0.469273
3 -0.224482 -0.528038 0.084810 -0.231618 0.062128 0.091043 0.402672 -0.155428 0.449017 -0.092297 0.153020 0.423700 -0.285828 -0.033554 0.290757 -0.220128 -0.170104 -0.516820
2 -0.182659 -0.568187 0.010744 -0.258020 0.053280 0.108187 0.407797 -0.169270 0.426391 -0.112104 0.172304 0.488324 -0.278391 -0.049468 0.325199 -0.252516 -0.247740 -0.454038
4 -0.000863 0.026536 0.000487 0.011658 0.016931 -0.018308 -0.024615 0.027506 0.003913 -0.015616 0.024595 0.006644 0.019102 -0.007194 -0.007301 -0.006238 0.005807 -0.017039
8 0.003889 -0.024784 0.014791 0.006068 -0.018192 0.009774 0.013932 0.005426 -0.001505 0.020585 -0.012265 0.000073 -0.017512 0.000480 0.021614 -0.017675 0.015234 0.001164
