18 18
6 -0.209550 -0.595481 0.285148 -0.365728 -0.049436 0.239541 0.343004 0.111027 0.308012 0.069740 -0.034054 0.337685 -0.119789 -0.390750 0.359877 -0.376898 -0.226179 -0.333956
15 -0.261791 -0.552578 0.318479 -0.472013 -0.038439 0.184109 0.278196 -0.025647 0.227740 0.079004 -0.016650 0.323119 -0.055926 -0.282988 0.275950 -0.335468 -0.222484 -0.311444
2 -0.237612 -0.560483 0.325257 -0.471775 -0.040140 0.125156 0.284420 0.001542 0.183366 0.091047 -0.034126 0.347226 -0.042692 -0.297164 0.255221 -0.367623 -0.229264 -0.317317
0 -0.245705 -0.549480 0.314293 -0.471686 -0.068523 0.157549 0.246189 -0.014255 0.204981 0.101936 -0.004692 0.319776 -0.048286 -0.286529 0.286707 -0.337303 -0.181261 -0.315879
1 -0.291550 -0.563353 0.372757 -0.500682 -0.021240 0.064404 0.239281 -0.035947 0.186088 0.114798 -0.029069 0.308108 -0.019519 -0.261812 0.209302 -0.329616 -0.185204 -0.344882
12 -0.294628 -0.573115 0.346783 -0.515716 -0.054661 0.096810 0.235449 -0.071653 0.168154 0.129198 0.008013 0.366919 -0.042192 -0.252709 0.248255 -0.318617 -0.244271 -0.332545
13 -0.279386 -0.601310 0.383333 -0.557131 -0.045888 0.111142 0.289123 -0.070523 0.213029 0.132214 -0.028923 0.349117 -0.031085 -0.309911 0.268575 -0.367156 -0.262656 -0.373559
7 -0.189861 -0.534318 0.254704 -0.418715 -0.065942 0.191313 0.284096 0.035053 0.269474 0.071405 -0.046758 0.319970 -0.071105 -0.334796 0.302079 -0.330470 -0.192873 -0.285895
8 -0.201761 -0.584525 0.274144 -0.359742 -0.062191 0.234620 0.320883 0.102329 0.302939 0.078352 -0.053139 0.318813 -0.127993 -0.361773 0.348641 -0.371522 -0.185284 -0.278829
10 -0.216975 -0.550920 0.273203 -0.402487 -0.027884 0.206600 0.312966 0.042786 0.280385 0.049556 -0.020039 0.336847 -0.106735 -0.307666 0.282430 -0.332884 -0.187927 -0.284500
3 -0.269140 -0.557288 0.339650 -0.428255 -0.023274 0.159725 0.317970 0.024282 0.216377 0.063830 -0.020311 0.308325 -0.115404 -0.343023 0.267847 -0.380026 -0.170722 -0.340689
9 -0.205264 -0.567229 0.229856 -0.365910 -0.045094 0.254515 0.333726 0.133794 0.359126 0.042867 -0.047918 0.348425 -0.125830 -0.419771 0.346703 -0.387173 -0.216122 -0.270880
14 -0.266685 -0.586550 0.359295 -0.507851 -0.031023 0.150016 0.258808 -0.022061 0.203165 0.114382 -0.056574 0.352792 -0.063400 -0.301464 0.272696 -0.343579 -0.200197 -0.328573
5 -0.250543 -0.558471 0.301447 -0.479057 -0.014790 0.094067 0.267745 -0.071126 0.200623 0.083552 -0.002738 0.341009 -0.059103 -0.247894 0.250027 -0.346998 -0.217382 -0.337551
4 -0.267563 -0.550439 0.338680 -0.465603 -0.018887 0.109097 0.263354 0.014497 0.222647 0.078694 0.003057 0.354356 -0.050542 -0.308942 0.261728 -0.369762 -0.205226 -0.359329
11 -0.240987 -0.582281 0.291139 -0.383776 -0.029138 0.205009 0.289832 0.104517 0.310527 0.038640 -0.052456 0.323138 -0.119679 -0.338918 0.343600 -0.384503 -0.203427 -0.298803
17 -0.261731 -0.593445 0.334518 -0.448091 -0.068917 0.150772 0.317052 0.032423 0.279470 0.108873 -0.021516 0.374025 -0.064942 -0.310644 0.281201 -0.353107 -0.209142 -0.369659
16 -0.258251 -0.587386 0.337652 -0.481866 -0.053776 0.176786 0.323544 0.008356 0.261667 0.098305 -0.057329 0.364315 -0.084109 -0.313372 0.323675 -0.391954 -0.243871 -0.365759
