18 18
6 -0.226774 -0.383937 0.033890 0.097651 0.330858 0.167334 0.264116 0.087927 0.308591 -0.404935 0.375246 0.284309 -0.432797 0.025533 0.358223 -0.356402 -0.063776 -0.446448
1 -0.339608 -0.605943 0.094670 -0.075368 0.193669 0.027540 0.152269 0.107438 0.453407 -0.244101 0.259052 0.366593 -0.314056 0.014273 0.380230 -0.349241 -0.041051 -0.395783
14 -0.272206 -0.468673 0.065178 -0.004990 0.268960 0.105888 0.188008 0.069433 0.351151 -0.314666 0.290122 0.331796 -0.374946 0.037589 0.360277 -0.335931 -0.045358 -0.406725
5 -0.231940 -0.423453 -0.008233 0.035125 0.290666 0.091611 0.240978 0.037073 0.345151 -0.357582 0.342949 0.313445 -0.385342 0.042762 0.339129 -0.357894 -0.077998 -0.413780
0 -0.270695 -0.487531 0.049295 -0.026146 0.205672 0.104118 0.178564 0.072844 0.368563 -0.300567 0.324301 0.326263 -0.350082 0.039562 0.396963 -0.355478 -0.044143 -0.407641
11 -0.254631 -0.412782 0.031735 0.051172 0.304235 0.113011 0.207278 0.088503 0.357257 -0.402024 0.344873 0.306725 -0.409286 0.054454 0.374781 -0.381420 -0.075923 -0.422936
2 -0.254161 -0.485870 0.042875 -0.010748 0.232190 0.106284 0.218485 0.089687 0.340921 -0.316121 0.315418 0.350385 -0.357244 0.014542 0.364947 -0.373246 -0.073254 -0.390329
7 -0.282067 -0.553851 0.038751 -0.049692 0.181120 0.078971 0.170752 0.084885 0.451356 -0.270497 0.272858 0.371223 -0.333737 0.011630 0.405559 -0.332771 -0.052593 -0.395180
15 -0.299966 -0.518351 0.063472 -0.041491 0.222297 0.112872 0.200057 0.049453 0.395815 -0.305823 0.311289 0.343321 -0.350689 0.046952 0.389132 -0.352198 -0.088920 -0.406392
16 -0.234410 -0.392107 0.021049 0.023006 0.248435 0.117826 0.233696 0.056875 0.334566 -0.331217 0.307566 0.309893 -0.371939 0.051350 0.365015 -0.352405 -0.099381 -0.416267
8 -0.311069 -0.599017 0.080215 -0.046189 0.166018 0.060451 0.169962 0.079118 0.425259 -0.224669 0.260812 0.373599 -0.350975 0.040668 0.417881 -0.352959 -0.047996 -0.392817
12 -0.331986 -0.584533 0.061892 -0.065668 0.187368 0.048552 0.157176 0.049370 0.398103 -0.246998 0.314563 0.393065 -0.348835 0.043921 0.384071 -0.327307 -0.087406 -0.381837
9 -0.286627 -0.496385 0.020353 -0.023256 0.220731 0.088956 0.190301 0.078845 0.411132 -0.295601 0.313088 0.365332 -0.353521 0.013675 0.369226 -0.349480 -0.077166 -0.378618
10 -0.225471 -0.363032 0.015715 0.084591 0.353511 0.181607 0.273581 0.069041 0.316433 -0.436322 0.388408 0.297649 -0.445932 0.056903 0.318620 -0.343253 -0.042176 -0.413894
4 -0.268620 -0.430626 0.052335 0.018312 0.273150 0.079809 0.173198 0.107575 0.360056 -0.337018 0.331676 0.322613 -0.339264 0.022039 0.340566 -0.342466 -0.039632 -0.417639
3 -0.272769 -0.392890 0.054983 0.064474 0.345880 0.156407 0.275000 0.068002 0.295346 -0.427003 0.389036 0.283540 -0.462900 0.010134 0.338319 -0.395917 -0.030714 -0.458780
17 -0.299038 -0.543327 0.061291 0.000424 0.189323 0.048992 0.202444 0.090441 0.423731 -0.256869 0.312906 0.382671 -0.344549 0.053276 0.373243 -0.323358 -0.065939 -0.434776
13 0.019096 0.002747 0.009678 -0.019404 -0.008210 -0.004883 0.008138 -0.018294 0.006568 0.019257 -0.015253 -0.018294 0.012156 -0.023377 0.007956 -0.002520 -0.021393 -0.009389
