18 18
7 -0.138256 -0.454787 0.098090 -0.467640 -0.094428 0.305022 0.133741 -0.049750 0.370122 0.002509 0.071829 0.406883 -0.083090 -0.293480 0.437346 -0.269484 -0.096757 -0.294044
16 -0.189042 -0.451829 0.143787 -0.479095 -0.087261 0.305057 0.157111 -0.077573 0.325572 0.004974 0.088876 0.423539 -0.116148 -0.257292 0.474984 -0.324206 -0.165700 -0.351787
14 -0.181679 -0.501876 0.150361 -0.494275 -0.047624 0.297948 0.101932 -0.068957 0.339740 0.021008 0.051135 0.434799 -0.106953 -0.263245 0.427332 -0.266773 -0.083848 -0.288950
15 -0.197415 -0.470049 0.141107 -0.502847 -0.066174 0.333050 0.146034 -0.091687 0.331286 -0.013754 0.112786 0.405828 -0.089004 -0.270084 0.449983 -0.303018 -0.152313 -0.312638
9 -0.183599 -0.463244 0.100890 -0.477966 -0.075648 0.292235 0.124908 -0.048054 0.368823 0.001723 0.101819 0.438620 -0.096331 -0.298850 0.427852 -0.295652 -0.128727 -0.286492
13 -0.164150 -0.500318 0.147450 -0.527950 -0.094267 0.312338 0.163114 -0.091652 0.375422 0.028547 0.084903 0.426155 -0.098282 -0.318150 0.492688 -0.326012 -0.162031 -0.348229
11 -0.192311 -0.496875 0.125726 -0.458422 -0.049933 0.282768 0.110520 -0.044706 0.382187 -0.026553 0.077491 0.429111 -0.126794 -0.237983 0.468545 -0.304219 -0.128052 -0.304415
1 -0.197388 -0.498712 0.156138 -0.478586 -0.051988 0.251556 0.115915 -0.041139 0.364154 0.012561 0.054742 0.405676 -0.084389 -0.264348 0.409499 -0.295683 -0.088397 -0.306120
5 -0.165650 -0.494380 0.099854 -0.454974 -0.045660 0.271204 0.150083 -0.090242 0.370816 -0.010731 0.095203 0.430486 -0.129528 -0.236641 0.451921 -0.305231 -0.133504 -0.324603
17 -0.175330 -0.483508 0.135515 -0.439227 -0.085963 0.255301 0.145467 -0.050589 0.377255 0.031028 0.083098 0.438485 -0.095508 -0.230503 0.411920 -0.261822 -0.109567 -0.329433
10 -0.169182 -0.478755 0.116251 -0.482472 -0.057529 0.329544 0.157030 -0.073366 0.380211 -0.013305 0.102700 0.437115 -0.116188 -0.255896 0.427886 -0.268703 -0.107467 -0.291991
0 -0.192211 -0.499795 0.139782 -0.532357 -0.091387 0.326425 0.120554 -0.072534 0.343240 0.004900 0.118627 0.436298 -0.089424 -0.293069 0.471364 -0.314732 -0.106159 -0.319570
4 -0.194183 -0.475996 0.146377 -0.508858 -0.065711 0.303426 0.111110 -0.041310 0.360091 -0.007061 0.123231 0.444994 -0.080428 -0.312977 0.462539 -0.322811 -0.119096 -0.341805
6 -0.174713 -0.496780 0.139647 -0.478279 -0.080086 0.325881 0.158473 -0.051977 0.356378 0.008440 0.109428 0.432197 -0.111525 -0.304760 0.479680 -0.309807 -0.139890 -0.341184
8 -0.172734 -0.509243 0.147460 -0.478700 -0.097851 0.305074 0.144589 -0.061255 0.354455 0.031416 0.073014 0.426070 -0.118213 -0.270789 0.473052 -0.313265 -0.102413 -0.315307
12 -0.206325 -0.489943 0.130647 -0.510803 -0.095217 0.301158 0.117658 -0.090968 0.326536 0.023246 0.125252 0.450789 -0.101319 -0.275299 0.444329 -0.276993 -0.150383 -0.298335
3 -0.200657 -0.448520 0.157028 -0.463816 -0.072959 0.290756 0.151062 -0.070828 0.294857 -0.001168 0.104653 0.379228 -0.125926 -0.295631 0.424375 -0.313563 -0.103693 -0.328278
2 -0.158235 -0.474504 0.129936 -0.502530 -0.081287 0.314962 0.139491 -0.053594 0.304249 0.001325 0.093150 0.433236 -0.075096 -0.306155 0.435356 -0.315345 -0.136163 -0.291310
