18 18
16 -0.407874 -0.446923 0.209194 -0.268081 0.170964 0.043543 0.254136 -0.200828 0.208470 -0.102369 0.241290 0.414894 -0.311078 0.064199 0.251958 -0.315992 -0.309892 -0.416295
15 -0.432024 -0.473800 0.224957 -0.289909 0.177928 0.080910 0.250481 -0.219581 0.219462 -0.115941 0.275275 0.398440 -0.293539 0.064192 0.242248 -0.296750 -0.294357 -0.406236
5 -0.364481 -0.447597 0.147411 -0.251619 0.169320 0.035492 0.248886 -0.207523 0.220824 -0.106142 0.262163 0.412708 -0.289528 0.054369 0.225974 -0.291289 -0.286900 -0.375366
12 -0.408032 -0.453454 0.191227 -0.270051 0.138847 0.036477 0.219275 -0.212000 0.175330 -0.077321 0.284420 0.420542 -0.291318 0.058485 0.227312 -0.268308 -0.303266 -0.371988
2 -0.399950 -0.501910 0.204873 -0.293230 0.174867 0.053315 0.273311 -0.182920 0.208820 -0.122273 0.269714 0.449534 -0.285727 0.038762 0.242785 -0.343226 -0.317337 -0.403395
14 -0.433932 -0.484361 0.233458 -0.301048 0.186816 0.049840 0.219467 -0.197358 0.202074 -0.082510 0.245041 0.458182 -0.322502 0.036582 0.245293 -0.301067 -0.283726 -0.404210
6 -0.392290 -0.464494 0.206176 -0.242863 0.175983 0.048768 0.250303 -0.163756 0.210209 -0.107197 0.269679 0.403690 -0.295844 0.031592 0.252360 -0.314382 -0.295920 -0.412448
10 -0.415333 -0.485630 0.190565 -0.279194 0.192902 0.078959 0.269009 -0.199119 0.248572 -0.125801 0.292768 0.457151 -0.323750 0.059459 0.222600 -0.282929 -0.288864 -0.383734
1 -0.398561 -0.467246 0.208745 -0.273300 0.178541 0.022080 0.218228 -0.151453 0.234790 -0.104538 0.226439 0.378667 -0.250537 0.029234 0.203314 -0.299369 -0.247175 -0.369986
9 -0.439835 -0.466952 0.183569 -0.293004 0.190834 0.051547 0.239623 -0.180749 0.265525 -0.121677 0.282009 0.452347 -0.304822 0.016120 0.224455 -0.315855 -0.306823 -0.380371
3 -0.428657 -0.447586 0.227182 -0.267396 0.189779 0.046367 0.254134 -0.190256 0.189395 -0.119482 0.268621 0.391221 -0.331202 0.013824 0.223200 -0.327260 -0.263527 -0.409272
11 -0.417047 -0.450064 0.207554 -0.247732 0.186783 0.032532 0.203463 -0.160359 0.219328 -0.131906 0.245859 0.393017 -0.305710 0.063069 0.256358 -0.322200 -0.283157 -0.386722
0 -0.398388 -0.485679 0.201815 -0.292602 0.117912 0.059602 0.235296 -0.198583 0.201754 -0.078128 0.294429 0.437905 -0.279187 0.058422 0.261785 -0.296834 -0.263419 -0.412132
4 -0.429849 -0.456660 0.217226 -0.274381 0.200098 0.030483 0.223967 -0.170859 0.227298 -0.126962 0.297253 0.440242 -0.292697 0.041027 0.236701 -0.321778 -0.292747 -0.429144
17 -0.399274 -0.470299 0.210655 -0.247427 0.113725 0.032180 0.258189 -0.168401 0.234466 -0.060161 0.289002 0.461498 -0.266923 0.070720 0.215310 -0.255984 -0.271344 -0.431877
13 -0.378731 -0.455276 0.205898 -0.284885 0.163091 0.044937 0.243103 -0.193430 0.232925 -0.083508 0.245434 0.396712 -0.273351 0.017688 0.231993 -0.293174 -0.298501 -0.388654
8 -0.420262 -0.505019 0.220778 -0.281177 0.153412 0.063035 0.255789 -0.184655 0.227788 -0.081083 0.266309 0.446352 -0.319193 0.042946 0.264163 -0.326110 -0.285727 -0.397317
7 0.025536 0.002637 -0.024458 -0.006487 -0.021911 0.018456 0.005430 0.006920 0.025711 -0.005710 -0.012468 0.004183 0.006040 -0.027377 0.019628 0.004891 0.006248 -0.002409
