18 18
7 -0.216579 -0.461938 0.024329 -0.116245 0.013533 0.128688 0.153345 0.149661 0.390277 -0.165980 0.509951 0.701972 -0.244715 -0.077245 0.201319 -0.158558 -0.016336 -0.294018
2 -0.240918 -0.505075 0.051320 -0.125097 0.030635 0.107777 0.156643 0.182894 0.379198 -0.171938 0.546741 0.767794 -0.235977 -0.055515 0.186973 -0.191672 -0.035836 -0.299288
14 -0.257753 -0.479225 0.078583 -0.134865 0.042159 0.102411 0.113619 0.133313 0.344066 -0.130246 0.492854 0.707208 -0.242340 -0.046452 0.176563 -0.143703 -0.001640 -0.294374
4 -0.241923 -0.430011 0.058419 -0.093443 0.051674 0.073465 0.105881 0.182496 0.368352 -0.161728 0.534645 0.698773 -0.207768 -0.037206 0.164979 -0.162684 -0.008433 -0.316831
10 -0.226606 -0.452857 0.021804 -0.105417 0.055524 0.137462 0.162867 0.114891 0.384081 -0.182012 0.518936 0.688596 -0.262209 -0.006907 0.163916 -0.131025 -0.025271 -0.257063
8 -0.240792 -0.491637 0.072263 -0.100776 0.017575 0.106428 0.150270 0.159432 0.365008 -0.133676 0.505133 0.695042 -0.250262 -0.028636 0.190220 -0.170828 0.000356 -0.289612
17 -0.256591 -0.477394 0.072544 -0.080298 0.020334 0.069939 0.142496 0.183597 0.395348 -0.133816 0.528872 0.727890 -0.215205 0.003512 0.153749 -0.135976 -0.008934 -0.322772
6 -0.228072 -0.469886 0.058062 -0.080710 0.039643 0.113680 0.160128 0.176130 0.369038 -0.157464 0.534717 0.704407 -0.247326 -0.051277 0.191311 -0.163828 -0.025520 -0.313327
11 -0.252628 -0.474385 0.057554 -0.092363 0.053186 0.087358 0.120894 0.189539 0.389317 -0.182261 0.497874 0.694375 -0.240945 -0.023494 0.198071 -0.186083 -0.030749 -0.286497
1 -0.275435 -0.503511 0.098149 -0.124449 0.041826 0.060094 0.122418 0.206240 0.392721 -0.142430 0.497831 0.699511 -0.199588 -0.049749 0.157363 -0.181375 0.012442 -0.311884
0 -0.247272 -0.470987 0.061768 -0.134170 0.008695 0.108259 0.121144 0.150876 0.352712 -0.146365 0.534482 0.686807 -0.213157 -0.034008 0.189692 -0.166727 0.010071 -0.298205
5 -0.217599 -0.449837 0.003870 -0.107024 0.052327 0.086762 0.151354 0.102809 0.378707 -0.166658 0.501080 0.671268 -0.237428 -0.031029 0.183897 -0.171656 -0.044074 -0.292477
9 -0.234023 -0.449224 0.012102 -0.113012 0.033268 0.109193 0.147880 0.153042 0.402043 -0.165002 0.515759 0.714311 -0.239521 -0.071858 0.175411 -0.170969 -0.045574 -0.266433
13 -0.218537 -0.466362 0.041078 -0.142416 0.029634 0.112329 0.165820 0.112594 0.398755 -0.151665 0.516251 0.699577 -0.242445 -0.077999 0.195474 -0.170176 -0.057914 -0.302980
12 -0.268232 -0.483757 0.049380 -0.135528 0.021338 0.080558 0.113326 0.109858 0.352446 -0.131790 0.531268 0.716181 -0.236604 -0.023149 0.174119 -0.134244 -0.050113 -0.279298
15 -0.289302 -0.511403 0.080381 -0.137823 0.048472 0.129218 0.153514 0.134404 0.391878 -0.174662 0.555731 0.729070 -0.246434 -0.022827 0.197278 -0.176623 -0.035619 -0.327197
3 -0.260490 -0.452972 0.074624 -0.100881 0.036583 0.094568 0.156274 0.154084 0.336157 -0.163310 0.523838 0.667350 -0.260468 -0.074796 0.162408 -0.181747 0.006610 -0.307252
16 -0.003066 0.009981 0.006043 0.000869 -0.007381 -0.001770 0.017455 -0.006904 0.000948 0.004908 -0.016488 0.011175 -0.012361 0.022003 0.021550 -0.015661 -0.025305 -0.027720
