18 18
2 -0.185727 -0.432308 0.152340 -0.385969 -0.112753 0.042115 0.204386 0.193036 0.232829 -0.065444 0.081267 0.348623 0.049175 -0.363621 0.211473 -0.478089 0.052877 -0.355220
15 -0.239092 -0.488278 0.156873 -0.421321 -0.104977 0.081275 0.219396 0.121935 0.318047 -0.103789 0.114311 0.357818 0.013478 -0.328631 0.292999 -0.508340 0.007085 -0.410653
7 -0.185942 -0.450945 0.143065 -0.403077 -0.143227 0.069585 0.210242 0.179005 0.297467 -0.071054 0.083774 0.344759 0.027623 -0.409905 0.274858 -0.487411 0.073213 -0.398068
0 -0.213531 -0.435930 0.162169 -0.407753 -0.144123 0.043623 0.169261 0.183555 0.264065 -0.056415 0.111154 0.331845 0.045695 -0.363936 0.253419 -0.494060 0.102639 -0.380140
3 -0.230212 -0.404836 0.212965 -0.359242 -0.091356 0.043456 0.234176 0.202677 0.202316 -0.064218 0.100421 0.305637 -0.010376 -0.445531 0.195511 -0.495265 0.119682 -0.424085
1 -0.221479 -0.401433 0.196651 -0.361011 -0.088054 -0.004235 0.176230 0.222278 0.240370 -0.044955 0.063505 0.298039 0.051455 -0.395161 0.170960 -0.465937 0.118183 -0.379888
11 -0.257510 -0.547125 0.168965 -0.427540 -0.113188 0.040783 0.193960 0.216632 0.373265 -0.125897 0.116979 0.410841 0.003884 -0.371491 0.346762 -0.596413 0.042535 -0.443141
8 -0.212406 -0.456319 0.199384 -0.383791 -0.133414 0.051583 0.215538 0.202537 0.247042 -0.037979 0.083768 0.337518 0.014666 -0.405383 0.251313 -0.513113 0.106213 -0.408495
4 -0.221056 -0.391129 0.188862 -0.362061 -0.088243 0.011479 0.178015 0.243940 0.255495 -0.079614 0.126711 0.349235 0.046524 -0.423887 0.214168 -0.507819 0.106830 -0.435678
16 -0.217368 -0.421797 0.186562 -0.389811 -0.120695 0.027691 0.212499 0.207111 0.254633 -0.052921 0.068547 0.360284 0.023741 -0.364117 0.241079 -0.510971 0.072455 -0.424906
14 -0.222382 -0.456179 0.192924 -0.411960 -0.097171 0.050199 0.182904 0.177829 0.249707 -0.050867 0.067013 0.350837 0.019810 -0.375691 0.228926 -0.473841 0.093535 -0.387913
13 -0.195429 -0.458451 0.164275 -0.413750 -0.125125 0.047475 0.209024 0.148012 0.300552 -0.058823 0.084963 0.336262 0.030948 -0.377987 0.272707 -0.492051 0.026323 -0.403485
9 -0.226436 -0.424642 0.153743 -0.389425 -0.107202 0.030780 0.200952 0.218243 0.298644 -0.068483 0.102871 0.366086 0.043610 -0.408942 0.208817 -0.496852 0.074590 -0.387709
17 -0.219406 -0.424495 0.189849 -0.356840 -0.137979 0.012797 0.215459 0.231440 0.293977 -0.037833 0.113272 0.373329 0.049124 -0.396526 0.209356 -0.473971 0.095782 -0.447040
6 -0.187051 -0.381886 0.191455 -0.307296 -0.087073 0.043933 0.216423 0.221602 0.206380 -0.049906 0.092278 0.298941 0.013991 -0.403517 0.210201 -0.458115 0.084895 -0.411369
12 -0.254677 -0.512677 0.166321 -0.433417 -0.131119 0.046743 0.205076 0.152574 0.298640 -0.071256 0.136641 0.398919 0.009183 -0.375055 0.282487 -0.511295 0.027050 -0.416033
10 -0.222582 -0.466765 0.167304 -0.402029 -0.105647 0.066287 0.229300 0.201245 0.317565 -0.092276 0.121003 0.379637 0.014887 -0.389424 0.243434 -0.504373 0.089907 -0.412902
5 -0.210264 -0.482827 0.119464 -0.389308 -0.085203 0.035890 0.221628 0.146292 0.325153 -0.107172 0.126071 0.377457 0.000502 -0.340916 0.278378 -0.525149 0.034318 -0.413724
