18 18
8 -0.202495 -0.512080 0.402800 -0.243218 -0.245832 0.009387 0.251745 0.079406 -0.054954 0.260175 0.005517 0.406506 -0.174148 -0.113709 0.265625 -0.408172 0.027372 -0.339201
0 -0.235120 -0.549586 0.431630 -0.288412 -0.265173 0.010054 0.247206 0.080778 -0.064789 0.251501 0.050665 0.442406 -0.170557 -0.124693 0.289138 -0.445654 0.035617 -0.383872
2 -0.188908 -0.494237 0.426716 -0.198933 -0.245895 -0.017605 0.288627 0.213262 -0.122478 0.195649 0.035386 0.410782 -0.142674 -0.231402 0.243978 -0.498120 0.053217 -0.410515
14 -0.224442 -0.527561 0.432949 -0.272408 -0.214647 -0.001041 0.229541 0.063018 -0.073456 0.257750 -0.003003 0.438309 -0.177536 -0.114045 0.250587 -0.388727 0.022244 -0.363280
3 -0.224744 -0.466242 0.440411 -0.187313 -0.213181 -0.012933 0.283039 0.153910 -0.134136 0.193038 0.050034 0.373715 -0.201603 -0.220370 0.239602 -0.477612 0.077927 -0.431926
10 -0.211580 -0.516834 0.402448 -0.239818 -0.218229 0.016721 0.275454 0.085143 -0.037490 0.219532 0.046557 0.447952 -0.195683 -0.111367 0.249856 -0.406126 0.030011 -0.370273
11 -0.240649 -0.539248 0.436722 -0.242592 -0.232626 -0.022076 0.245942 0.118993 -0.059106 0.229858 0.021296 0.437955 -0.186223 -0.123639 0.284330 -0.450490 -0.000962 -0.389472
13 -0.201544 -0.556727 0.448188 -0.312451 -0.277064 -0.019337 0.266510 0.024560 -0.057089 0.320353 0.009268 0.445693 -0.152036 -0.133821 0.274718 -0.406343 -0.034649 -0.388640
12 -0.222263 -0.524621 0.407891 -0.261972 -0.260367 -0.012607 0.235603 0.067678 -0.089389 0.267432 0.044692 0.437299 -0.160437 -0.123182 0.248120 -0.385122 -0.007796 -0.347782
1 -0.229746 -0.525002 0.444051 -0.223859 -0.242824 -0.049554 0.271217 0.210466 -0.051958 0.215743 0.024924 0.399846 -0.123101 -0.203880 0.232307 -0.476783 0.060358 -0.414287
4 -0.224994 -0.478737 0.422874 -0.213571 -0.196154 -0.030375 0.243361 0.141586 -0.069649 0.197618 0.067016 0.434821 -0.175400 -0.162822 0.255936 -0.464751 0.050976 -0.427480
5 -0.221446 -0.560380 0.412252 -0.251235 -0.214044 -0.023464 0.295842 0.071245 -0.044070 0.227237 0.058620 0.464972 -0.204522 -0.136198 0.277770 -0.461514 0.014988 -0.432621
9 -0.223122 -0.496102 0.378500 -0.249753 -0.223496 0.003524 0.240560 0.099910 -0.031283 0.224125 0.027501 0.437406 -0.173695 -0.142374 0.251064 -0.419265 0.011955 -0.337213
7 -0.173631 -0.476103 0.387357 -0.201552 -0.250607 0.008729 0.276896 0.166390 -0.064049 0.195171 0.025487 0.386285 -0.157199 -0.222983 0.273635 -0.451472 0.059187 -0.408586
6 -0.195519 -0.496862 0.437510 -0.167400 -0.230831 -0.010122 0.298674 0.181106 -0.101951 0.213798 0.053950 0.393182 -0.185458 -0.211631 0.275611 -0.471802 0.047461 -0.454016
15 -0.239350 -0.548362 0.452257 -0.281058 -0.248913 0.007909 0.279867 0.063373 -0.067920 0.255909 0.037315 0.434534 -0.159839 -0.125555 0.271292 -0.430297 -0.018547 -0.404484
17 -0.207180 -0.530284 0.417759 -0.249206 -0.278950 -0.041384 0.259323 0.089183 -0.020286 0.290477 0.031965 0.454355 -0.122997 -0.098585 0.229906 -0.365060 -0.003028 -0.386967
16 -0.214087 -0.509768 0.423631 -0.254322 -0.252924 -0.015659 0.273483 0.072732 -0.060084 0.264718 0.008803 0.440339 -0.177873 -0.104503 0.277623 -0.425652 -0.014845 -0.399329
