18 18
17 -0.492161 -0.494911 0.344347 -0.431969 -0.162555 0.238618 0.057404 -0.129959 0.149090 0.088916 0.260846 0.415580 -0.177506 0.031116 0.269053 -0.120437 -0.060092 -0.252128
6 -0.402611 -0.457852 0.292390 -0.453002 -0.147315 0.362127 0.097722 -0.132520 0.154652 0.051137 0.233718 0.386342 -0.166170 -0.007130 0.356169 -0.168458 -0.083677 -0.242517
10 -0.381094 -0.450692 0.258121 -0.471084 -0.152832 0.398170 0.120302 -0.150871 0.196987 0.029959 0.238349 0.414534 -0.171104 0.016494 0.331610 -0.141804 -0.067245 -0.199917
7 -0.396169 -0.461518 0.259278 -0.491721 -0.179374 0.375005 0.086194 -0.145285 0.184259 0.040653 0.225792 0.411435 -0.164403 -0.029505 0.358009 -0.160269 -0.066234 -0.213416
9 -0.447795 -0.459063 0.261034 -0.496241 -0.156754 0.357938 0.064554 -0.154496 0.189579 0.044235 0.256267 0.409451 -0.156097 -0.026446 0.329117 -0.171331 -0.082411 -0.190523
8 -0.416265 -0.475376 0.299650 -0.453634 -0.165872 0.335966 0.082669 -0.148128 0.146257 0.070311 0.219254 0.364016 -0.176139 -0.001537 0.334571 -0.172986 -0.043354 -0.202775
13 -0.456430 -0.489139 0.337898 -0.486172 -0.155099 0.293950 0.073309 -0.165330 0.143177 0.081729 0.232228 0.377683 -0.175172 -0.016846 0.319868 -0.161103 -0.089271 -0.240693
3 -0.610527 -0.545786 0.435349 -0.450410 -0.121921 0.188003 0.030911 -0.145178 0.058395 0.075901 0.279673 0.388523 -0.262871 0.001305 0.254623 -0.169512 -0.040304 -0.267214
0 -0.405242 -0.449511 0.262898 -0.489376 -0.165167 0.370868 0.065114 -0.167979 0.158476 0.040011 0.253063 0.362660 -0.144870 0.002816 0.342243 -0.162452 -0.041276 -0.194968
12 -0.565103 -0.546224 0.377464 -0.476076 -0.152038 0.219261 0.018361 -0.167249 0.088825 0.095468 0.283331 0.439991 -0.223634 0.036119 0.282618 -0.132352 -0.093121 -0.232057
14 -0.431190 -0.476590 0.319828 -0.488411 -0.141233 0.335842 0.059692 -0.157138 0.128419 0.070667 0.202832 0.408641 -0.177161 0.010501 0.326364 -0.147069 -0.056218 -0.218324
16 -0.380744 -0.448177 0.271598 -0.509326 -0.189502 0.405571 0.137196 -0.155933 0.163992 0.033962 0.202500 0.442120 -0.170873 0.026865 0.403357 -0.216569 -0.118855 -0.248079
15 -0.412503 -0.439511 0.278839 -0.469079 -0.140970 0.362887 0.090214 -0.173763 0.153896 0.034000 0.234133 0.350332 -0.143495 0.006216 0.325509 -0.166242 -0.081197 -0.209494
11 -0.619079 -0.576600 0.425707 -0.454703 -0.118051 0.179338 -0.002517 -0.124139 0.096649 0.060426 0.266403 0.427326 -0.260967 0.044418 0.294532 -0.177608 -0.079338 -0.254320
1 -0.490237 -0.510085 0.349821 -0.485387 -0.137120 0.270394 0.063718 -0.123061 0.154309 0.057587 0.221692 0.395844 -0.171013 -0.000596 0.299689 -0.183381 -0.055111 -0.240780
4 -0.417239 -0.425338 0.289442 -0.447763 -0.135574 0.310334 0.049877 -0.118537 0.158240 0.037384 0.251904 0.393123 -0.147875 -0.002856 0.315894 -0.160870 -0.057772 -0.234370
2 -0.377773 -0.482423 0.274843 -0.529738 -0.196691 0.412383 0.133317 -0.141630 0.145961 0.033954 0.226303 0.451688 -0.152891 -0.018769 0.378606 -0.216265 -0.104246 -0.213708
5 0.004065 -0.024114 -0.027650 -0.000619 0.020703 -0.008521 0.024223 -0.023969 0.025914 -0.018771 0.021210 0.020548 -0.020024 0.006829 0.014933 -0.023795 -0.013973 -0.021943
