18 18
15 -0.475313 -0.568589 0.327961 -0.160305 -0.058145 0.041262 0.135813 -0.015875 0.250638 0.054475 0.320744 0.443221 -0.177336 0.079250 0.303231 -0.159518 -0.270942 -0.444103
17 -0.475884 -0.579486 0.332397 -0.112444 -0.085721 -0.003077 0.144562 0.020514 0.267583 0.078575 0.356953 0.514682 -0.189997 0.116149 0.293522 -0.130587 -0.261582 -0.487406
3 -0.493478 -0.571412 0.363117 -0.150670 -0.050611 0.021392 0.147430 0.006645 0.230188 0.063025 0.303677 0.418854 -0.217830 0.025335 0.291806 -0.188315 -0.218586 -0.463370
16 -0.445504 -0.528560 0.312667 -0.145161 -0.066264 0.021035 0.132370 -0.002691 0.233893 0.071242 0.267858 0.431992 -0.192307 0.082632 0.308959 -0.174872 -0.246004 -0.445651
8 -0.453745 -0.635846 0.318311 -0.151124 -0.117571 0.038868 0.150786 0.084663 0.308797 0.111933 0.276975 0.449989 -0.183661 -0.031832 0.320443 -0.204799 -0.181246 -0.406622
10 -0.466158 -0.595140 0.311804 -0.142126 -0.054469 0.055722 0.143035 0.034618 0.292913 0.041563 0.335481 0.482232 -0.212373 0.072376 0.293334 -0.150822 -0.206269 -0.413407
11 -0.495077 -0.582105 0.331475 -0.130839 -0.040479 0.014321 0.096939 0.036310 0.256134 0.027354 0.318077 0.457805 -0.207229 0.100619 0.313226 -0.175154 -0.230729 -0.427452
12 -0.472416 -0.570856 0.318475 -0.174917 -0.072131 0.000732 0.106079 -0.036706 0.223196 0.093652 0.306229 0.452620 -0.185364 0.061146 0.299725 -0.142150 -0.280083 -0.433011
13 -0.468275 -0.589588 0.358394 -0.194209 -0.063902 0.007772 0.143045 -0.037500 0.262671 0.103944 0.270124 0.417625 -0.182479 0.023135 0.325850 -0.183775 -0.289198 -0.483533
6 -0.425861 -0.595483 0.302885 -0.138372 -0.093406 0.036072 0.145965 0.067695 0.287080 0.100896 0.286411 0.436886 -0.174466 -0.043450 0.321023 -0.179254 -0.227811 -0.429282
14 -0.479527 -0.607014 0.349392 -0.192826 -0.060248 0.042570 0.116443 0.001904 0.254802 0.091260 0.274045 0.466311 -0.200509 0.027222 0.319067 -0.172588 -0.221234 -0.443307
9 -0.448322 -0.590595 0.265522 -0.168202 -0.094677 0.030216 0.127515 0.085152 0.333068 0.082414 0.289898 0.453275 -0.158457 -0.067145 0.291546 -0.197262 -0.205435 -0.378282
7 -0.407925 -0.575557 0.271351 -0.166135 -0.116162 0.045682 0.141742 0.051743 0.308645 0.088049 0.261389 0.433250 -0.161053 -0.053734 0.320503 -0.176385 -0.207779 -0.411881
1 -0.489203 -0.637229 0.352472 -0.193139 -0.074043 0.001286 0.139608 0.054190 0.316229 0.098159 0.252344 0.429569 -0.163150 -0.029805 0.305967 -0.211690 -0.212856 -0.449376
4 -0.482798 -0.560634 0.327378 -0.124808 -0.047758 0.016592 0.102255 0.062383 0.268660 0.036916 0.367572 0.484989 -0.182503 0.067894 0.294008 -0.166912 -0.213925 -0.450281
0 -0.478638 -0.620672 0.314655 -0.189497 -0.102365 0.046319 0.109848 0.041759 0.280462 0.073513 0.341969 0.464788 -0.175407 0.011957 0.327329 -0.188867 -0.189743 -0.420261
5 -0.416337 -0.545739 0.272921 -0.154152 -0.037288 0.007231 0.143898 -0.025211 0.258229 0.058130 0.265018 0.398587 -0.185823 0.029456 0.296560 -0.190539 -0.239989 -0.427681
2 -0.436465 -0.594399 0.305074 -0.159694 -0.083099 0.028198 0.148174 0.045923 0.251177 0.073538 0.298493 0.471408 -0.170540 0.002547 0.303152 -0.195511 -0.254723 -0.418002
