18 18
11 0.029081 -0.507125 0.057980 -0.339478 -0.114788 0.166506 0.207084 -0.149892 0.428215 -0.030419 -0.108001 0.294184 -0.095637 -0.065965 0.590451 -0.318010 -0.400873 -0.358416
13 0.065856 -0.458010 0.028556 -0.330997 -0.128511 0.203162 0.283427 -0.125242 0.479004 -0.039444 -0.076629 0.287863 -0.105067 -0.196756 0.572214 -0.323071 -0.390862 -0.385657
14 0.068255 -0.560263 0.078042 -0.424199 -0.145550 0.191700 0.232673 -0.217857 0.437620 0.033428 -0.174277 0.325791 -0.084700 -0.087470 0.655575 -0.332859 -0.428084 -0.411717
5 0.046443 -0.463028 -0.002800 -0.301664 -0.100163 0.170483 0.265434 -0.133004 0.440627 -0.051763 -0.049698 0.309180 -0.120539 -0.134548 0.540085 -0.321084 -0.362538 -0.360917
0 0.044432 -0.498794 0.044812 -0.366751 -0.157023 0.194130 0.229069 -0.166492 0.433215 -0.010622 -0.078738 0.294043 -0.083811 -0.106638 0.611607 -0.325609 -0.375784 -0.383255
8 0.029255 -0.463912 0.022737 -0.269885 -0.126425 0.219328 0.290721 -0.062279 0.457107 -0.062421 -0.039463 0.308584 -0.153203 -0.193802 0.543777 -0.329084 -0.324679 -0.345060
6 -0.007952 -0.413552 -0.028305 -0.181160 -0.078023 0.260477 0.326261 0.063668 0.516950 -0.181194 0.080814 0.336430 -0.204606 -0.306198 0.521682 -0.334683 -0.313099 -0.365529
9 -0.072150 -0.299279 -0.120622 -0.078934 -0.032732 0.269335 0.347341 0.223240 0.574157 -0.301150 0.213425 0.378982 -0.272168 -0.458200 0.376993 -0.327717 -0.194456 -0.278334
7 0.051317 -0.411733 -0.027894 -0.251487 -0.112419 0.223356 0.273685 -0.026328 0.477927 -0.114144 -0.024784 0.308843 -0.143182 -0.232971 0.534063 -0.306363 -0.314704 -0.343668
17 0.038525 -0.446583 0.030594 -0.279404 -0.157458 0.168125 0.262541 -0.111740 0.446069 -0.014764 -0.044670 0.312596 -0.080562 -0.107761 0.519219 -0.268868 -0.360557 -0.379183
3 -0.122413 -0.228398 -0.137003 0.057108 0.013657 0.319690 0.443231 0.394796 0.602653 -0.443521 0.352582 0.377204 -0.394814 -0.631242 0.315875 -0.367387 -0.067948 -0.313479
2 0.073896 -0.496159 0.017213 -0.350962 -0.147873 0.197230 0.265981 -0.137837 0.427916 -0.027810 -0.090272 0.330168 -0.081276 -0.138477 0.569459 -0.328258 -0.411474 -0.349684
1 -0.000416 -0.472162 0.050449 -0.303597 -0.106383 0.166287 0.251539 -0.066168 0.465817 -0.059561 -0.062437 0.286696 -0.102045 -0.170831 0.527414 -0.326119 -0.329934 -0.371544
15 0.000926 -0.462614 0.050450 -0.320226 -0.101467 0.225203 0.271108 -0.136591 0.441914 -0.070716 -0.038725 0.283898 -0.112267 -0.136474 0.545088 -0.312742 -0.377846 -0.367302
4 -0.061941 -0.302482 -0.094370 -0.067431 -0.021761 0.274323 0.366341 0.261241 0.599964 -0.334427 0.242814 0.386869 -0.273441 -0.482845 0.417919 -0.362242 -0.191176 -0.356474
10 -0.048720 -0.289394 -0.126434 -0.035374 -0.016764 0.312966 0.389258 0.256262 0.591067 -0.347192 0.244889 0.380229 -0.311864 -0.454529 0.367844 -0.302684 -0.151187 -0.283112
12 -0.016980 -0.460062 -0.010098 -0.265963 -0.111887 0.223903 0.290510 -0.033139 0.480501 -0.117979 0.049193 0.370015 -0.184615 -0.241063 0.526688 -0.316727 -0.345764 -0.349741
16 0.034623 -0.468953 0.004251 -0.292184 -0.132280 0.229833 0.327155 -0.063683 0.509767 -0.091043 -0.038677 0.359312 -0.168571 -0.204620 0.602744 -0.361612 -0.387000 -0.417811
