18 18
3 -0.413182 -0.240524 0.239794 -0.208371 0.292165 0.147144 0.058075 0.084145 0.265092 -0.439408 0.540786 0.258761 -0.136027 -0.045867 0.215606 -0.392959 -0.066465 -0.414646
1 -0.417878 -0.278815 0.230963 -0.250754 0.272646 0.111808 0.034638 0.078983 0.339736 -0.395885 0.470682 0.275419 -0.082228 -0.006310 0.207630 -0.373870 -0.080255 -0.385314
10 -0.394417 -0.251511 0.182901 -0.213289 0.288648 0.161674 0.058509 0.051818 0.375693 -0.426067 0.503818 0.311028 -0.131423 0.068704 0.216758 -0.327314 -0.109312 -0.364901
0 -0.409087 -0.278471 0.195684 -0.270578 0.242234 0.167500 0.046689 0.042166 0.347612 -0.420641 0.547165 0.310802 -0.094746 0.025687 0.268147 -0.383161 -0.115219 -0.408308
5 -0.377671 -0.269895 0.167563 -0.223292 0.285518 0.134975 0.062580 0.049114 0.331707 -0.432132 0.530044 0.299296 -0.115068 -0.004192 0.237221 -0.388715 -0.109394 -0.396662
11 -0.440416 -0.257288 0.265389 -0.177760 0.347333 0.118367 -0.034869 0.062739 0.354248 -0.415687 0.424417 0.266012 -0.164859 0.133546 0.256288 -0.311695 -0.160565 -0.363220
9 -0.382677 -0.246340 0.108634 -0.234011 0.212998 0.134118 0.082662 0.058982 0.425623 -0.387165 0.499125 0.342007 -0.081136 0.018688 0.220696 -0.364163 -0.129505 -0.368957
2 -0.366776 -0.255035 0.189762 -0.237956 0.246576 0.141736 0.058763 0.097690 0.291751 -0.422139 0.515745 0.302056 -0.072334 -0.040762 0.217265 -0.398399 -0.101270 -0.372305
8 -0.402458 -0.283777 0.223173 -0.231629 0.258501 0.158430 0.057031 0.077288 0.328137 -0.410709 0.516001 0.296650 -0.118369 -0.001007 0.250155 -0.392822 -0.078801 -0.394566
16 -0.364781 -0.215236 0.139913 -0.197976 0.210655 0.128923 0.096954 0.043305 0.381054 -0.367750 0.456842 0.321353 -0.112197 0.082058 0.246694 -0.352041 -0.146939 -0.405591
7 -0.344607 -0.247261 0.155937 -0.246660 0.207804 0.161439 0.073661 0.080033 0.345243 -0.407269 0.497111 0.295364 -0.071891 -0.053326 0.239818 -0.374904 -0.077271 -0.389378
4 -0.398654 -0.216736 0.217186 -0.211458 0.296606 0.122605 0.009410 0.110376 0.275959 -0.436235 0.555046 0.278486 -0.073852 -0.045830 0.200605 -0.378991 -0.074057 -0.399832
17 -0.381569 -0.257647 0.194608 -0.195009 0.234248 0.112887 0.068050 0.081626 0.346097 -0.375860 0.500383 0.307224 -0.088938 0.017296 0.198607 -0.335540 -0.089707 -0.398685
12 -0.445315 -0.281194 0.246307 -0.228201 0.293069 0.120342 -0.007254 0.032894 0.304633 -0.383857 0.486430 0.303019 -0.136875 0.062984 0.233683 -0.315703 -0.153368 -0.368710
15 -0.398601 -0.253924 0.219138 -0.226986 0.270356 0.158970 0.050449 0.029282 0.317444 -0.393281 0.469513 0.267247 -0.106913 0.044717 0.229648 -0.337827 -0.131657 -0.376426
6 -0.395767 -0.270169 0.218168 -0.203992 0.280390 0.156685 0.058408 0.093620 0.317376 -0.424605 0.536301 0.292702 -0.117428 -0.018529 0.250204 -0.377090 -0.112933 -0.419583
13 -0.413675 -0.261729 0.255506 -0.237334 0.308508 0.136978 0.028000 0.031750 0.358386 -0.395371 0.462719 0.270314 -0.127154 0.046385 0.249045 -0.342724 -0.156188 -0.401445
14 -0.409643 -0.263882 0.263061 -0.224682 0.315058 0.139875 -0.003316 0.045871 0.293933 -0.372217 0.416896 0.274282 -0.140279 0.049623 0.219776 -0.310092 -0.097691 -0.359318
