18 18
13 -0.263420 -0.400421 0.315580 -0.301329 -0.178611 -0.152916 0.261786 0.011673 0.190215 0.088155 0.094993 0.287267 -0.130993 -0.259498 0.299316 -0.414114 -0.082998 -0.645645
3 -0.319238 -0.430349 0.323595 -0.281779 -0.171495 -0.166589 0.293819 0.035883 0.182387 0.052769 0.148448 0.320207 -0.190727 -0.284251 0.307158 -0.472237 -0.041910 -0.696044
1 -0.306035 -0.464447 0.288753 -0.270374 -0.175396 -0.174296 0.248309 0.073837 0.247783 0.063259 0.113072 0.315494 -0.147650 -0.227872 0.288214 -0.410728 -0.032007 -0.602516
10 -0.280027 -0.469244 0.266467 -0.271411 -0.202668 -0.117831 0.309459 0.052365 0.267477 0.050001 0.146341 0.364139 -0.193717 -0.244056 0.331689 -0.421432 -0.048718 -0.641642
12 -0.312225 -0.446520 0.279340 -0.296987 -0.201869 -0.166029 0.227104 0.004385 0.193026 0.094014 0.152601 0.346733 -0.154734 -0.206687 0.290888 -0.370528 -0.079277 -0.591559
16 -0.295323 -0.405393 0.301026 -0.296000 -0.180398 -0.172034 0.264160 0.023562 0.200458 0.075881 0.108339 0.334586 -0.144310 -0.213917 0.316005 -0.441588 -0.099460 -0.680520
2 -0.241128 -0.398094 0.255081 -0.262015 -0.166969 -0.143991 0.252361 0.053600 0.169658 0.054391 0.109583 0.317620 -0.125973 -0.240634 0.280654 -0.421418 -0.076292 -0.583091
0 -0.284932 -0.454286 0.271183 -0.297191 -0.221269 -0.141893 0.254748 0.047258 0.231725 0.072435 0.149837 0.338940 -0.149374 -0.246435 0.338145 -0.430525 -0.038993 -0.644308
14 -0.298908 -0.414565 0.345070 -0.321892 -0.133763 -0.129862 0.230204 -0.013698 0.143408 0.086344 0.082467 0.311434 -0.146262 -0.228693 0.278830 -0.399207 -0.065397 -0.634691
4 -0.285229 -0.390919 0.286963 -0.272910 -0.155603 -0.172184 0.225645 0.063489 0.203312 0.050848 0.141410 0.317137 -0.118341 -0.246201 0.291583 -0.428404 -0.062109 -0.641174
8 -0.264758 -0.482393 0.280430 -0.257500 -0.231572 -0.125836 0.301877 0.070744 0.258418 0.088565 0.107947 0.342173 -0.188736 -0.254883 0.365484 -0.445435 -0.044113 -0.637002
6 -0.260740 -0.466692 0.252791 -0.230496 -0.205509 -0.123001 0.284794 0.094135 0.258975 0.059415 0.135027 0.332443 -0.172422 -0.260740 0.351708 -0.420419 -0.054408 -0.630199
9 -0.271436 -0.442454 0.212520 -0.245110 -0.209509 -0.147129 0.267424 0.089393 0.288810 0.062645 0.130797 0.353833 -0.161138 -0.255826 0.306748 -0.403579 -0.056288 -0.571233
7 -0.247242 -0.472507 0.212593 -0.255854 -0.254393 -0.124389 0.288460 0.094637 0.322046 0.061596 0.113270 0.354789 -0.167367 -0.271284 0.357881 -0.403866 -0.038310 -0.607700
17 -0.297687 -0.457725 0.296071 -0.265355 -0.225225 -0.177409 0.280116 0.063555 0.259518 0.097505 0.139150 0.365164 -0.145435 -0.221729 0.304475 -0.398772 -0.059240 -0.671691
15 -0.298376 -0.405773 0.318338 -0.316238 -0.151676 -0.104719 0.248578 -0.016026 0.171778 0.065426 0.108811 0.287906 -0.124613 -0.223380 0.291368 -0.402839 -0.088358 -0.620042
5 -0.271690 -0.457652 0.232250 -0.263652 -0.172597 -0.159868 0.293373 0.030693 0.257820 0.043703 0.154811 0.353364 -0.179710 -0.241103 0.329048 -0.446337 -0.072773 -0.647400
11 -0.283913 -0.421688 0.260974 -0.238868 -0.161751 -0.154841 0.217132 0.075290 0.231423 0.037308 0.114955 0.309765 -0.158046 -0.191327 0.310393 -0.402642 -0.061102 -0.573455
