18 18
14 -0.241753 -0.463744 0.347271 -0.182937 0.015283 0.024458 0.138697 0.071232 0.053546 0.148114 0.014893 0.477985 -0.366511 -0.219267 0.474540 -0.342570 -0.235483 -0.512631
13 -0.192625 -0.415274 0.308778 -0.178214 -0.012787 -0.000614 0.170844 0.026078 0.082655 0.180019 0.029680 0.458134 -0.344400 -0.226846 0.492330 -0.344944 -0.314516 -0.537450
8 -0.201071 -0.414743 0.310858 -0.146674 -0.021540 0.022330 0.156513 0.037246 0.036111 0.179799 0.025761 0.432643 -0.341642 -0.178568 0.452274 -0.323153 -0.238192 -0.469169
2 -0.202809 -0.450301 0.319836 -0.173781 -0.008655 0.009520 0.166422 0.079726 0.048656 0.149548 0.023302 0.479692 -0.333278 -0.218570 0.474395 -0.367160 -0.282530 -0.502872
6 -0.188134 -0.400562 0.285128 -0.117329 0.000881 0.016834 0.167103 0.066603 0.066204 0.147551 0.052749 0.438819 -0.344893 -0.204702 0.459111 -0.318532 -0.267114 -0.501121
1 -0.257169 -0.455041 0.339249 -0.181409 0.009977 -0.010260 0.157718 0.072195 0.089580 0.155900 0.028084 0.470653 -0.354156 -0.226742 0.467406 -0.363099 -0.258206 -0.531283
11 -0.253178 -0.439120 0.321532 -0.150916 0.013093 0.003013 0.136991 0.079034 0.089710 0.119329 0.028827 0.454361 -0.367074 -0.181310 0.493221 -0.367392 -0.273261 -0.509058
16 -0.204449 -0.390365 0.304580 -0.144608 -0.014968 0.009930 0.168895 0.029681 0.048616 0.169762 0.023004 0.460231 -0.349470 -0.151367 0.470337 -0.325249 -0.297908 -0.519722
5 -0.236948 -0.447699 0.279041 -0.158520 0.035543 0.001112 0.183616 0.043324 0.107245 0.109699 0.069360 0.483705 -0.384234 -0.213813 0.476246 -0.374288 -0.268979 -0.529258
12 -0.244881 -0.436671 0.310107 -0.180933 -0.013708 0.008641 0.137274 0.014890 0.041269 0.176460 0.062721 0.487896 -0.352796 -0.183162 0.451836 -0.298943 -0.291648 -0.478614
9 -0.266162 -0.453562 0.299135 -0.173025 0.021914 0.012144 0.171738 0.089564 0.116035 0.122954 0.060091 0.519006 -0.396719 -0.271975 0.487819 -0.388705 -0.276736 -0.526805
4 -0.212988 -0.361769 0.290552 -0.134757 0.027977 -0.011258 0.111719 0.088072 0.065131 0.109746 0.059845 0.420628 -0.300864 -0.194221 0.418039 -0.322590 -0.230804 -0.486193
10 -0.236578 -0.431353 0.286753 -0.157079 0.027166 0.044322 0.172090 0.072265 0.108241 0.095448 0.053807 0.476161 -0.380820 -0.200716 0.447113 -0.332406 -0.234262 -0.477799
7 -0.203466 -0.385164 0.256031 -0.155930 -0.009819 0.031292 0.143840 0.063479 0.097605 0.109101 0.023133 0.427111 -0.325623 -0.214426 0.433018 -0.306416 -0.224646 -0.451277
17 -0.213763 -0.430626 0.310456 -0.141462 -0.021977 -0.012068 0.176376 0.073975 0.101037 0.170068 0.061105 0.498765 -0.336711 -0.196689 0.466884 -0.332554 -0.279924 -0.555920
15 -0.246791 -0.421213 0.316271 -0.178321 0.010283 0.043830 0.160715 0.019529 0.058175 0.132860 0.047159 0.435865 -0.337489 -0.185133 0.446151 -0.329036 -0.266436 -0.485005
3 -0.264326 -0.414249 0.328977 -0.149624 0.022780 0.015831 0.174904 0.067639 0.047713 0.109982 0.057671 0.431475 -0.389575 -0.240101 0.439335 -0.365166 -0.215695 -0.514033
0 -0.216322 -0.432369 0.293479 -0.179027 -0.017648 0.024205 0.143561 0.057350 0.070928 0.135383 0.067356 0.453950 -0.336527 -0.208789 0.485775 -0.353388 -0.241517 -0.504883
