18 18
9 -0.298366 -0.365118 0.222440 -0.241156 -0.171550 -0.062883 0.247342 0.166162 0.436896 0.107083 -0.049006 0.540059 -0.097684 -0.137110 0.276677 -0.358843 -0.289924 -0.467749
3 -0.309917 -0.364782 0.280252 -0.224081 -0.168549 -0.072963 0.266986 0.161730 0.389758 0.104859 -0.043506 0.487327 -0.125081 -0.155237 0.274055 -0.380804 -0.238342 -0.505501
2 -0.235064 -0.339656 0.227864 -0.226775 -0.176013 -0.061687 0.249980 0.166784 0.351210 0.106906 -0.071547 0.484869 -0.066253 -0.141028 0.262134 -0.363039 -0.270946 -0.437228
11 -0.289514 -0.369901 0.240577 -0.209533 -0.150692 -0.076925 0.209466 0.168236 0.387231 0.077638 -0.053659 0.479649 -0.113644 -0.095332 0.301727 -0.363906 -0.264594 -0.458571
16 -0.280436 -0.343842 0.251689 -0.230566 -0.176533 -0.072612 0.269078 0.139574 0.400865 0.123857 -0.076879 0.516834 -0.110769 -0.102584 0.304043 -0.366638 -0.298626 -0.501921
1 -0.309032 -0.397909 0.287981 -0.262276 -0.164627 -0.086789 0.251822 0.179965 0.422947 0.115800 -0.081022 0.498292 -0.077306 -0.145677 0.281841 -0.391540 -0.255262 -0.492554
13 -0.257160 -0.357382 0.257404 -0.247967 -0.177068 -0.076564 0.245373 0.139397 0.388648 0.122855 -0.072142 0.470765 -0.080255 -0.149178 0.301192 -0.373753 -0.291157 -0.485991
10 -0.266749 -0.350372 0.234711 -0.223629 -0.147127 -0.036471 0.254079 0.142797 0.402029 0.088995 -0.041968 0.487539 -0.107030 -0.097496 0.260921 -0.322862 -0.244638 -0.438330
0 -0.300534 -0.377796 0.261378 -0.263444 -0.186093 -0.047683 0.243212 0.158044 0.405849 0.111364 -0.035963 0.524282 -0.087162 -0.125047 0.306405 -0.377320 -0.258508 -0.493964
4 -0.277838 -0.331257 0.257794 -0.224451 -0.142211 -0.081084 0.211412 0.179902 0.385801 0.091312 -0.029852 0.488056 -0.072419 -0.143789 0.283605 -0.375384 -0.251618 -0.496135
5 -0.271099 -0.375064 0.205854 -0.221397 -0.135442 -0.073459 0.245361 0.114060 0.400037 0.079762 -0.020084 0.491184 -0.127680 -0.100900 0.289135 -0.357210 -0.261300 -0.458218
17 -0.275720 -0.358666 0.242919 -0.208501 -0.197266 -0.085835 0.262107 0.174127 0.428777 0.131880 -0.048884 0.525211 -0.071982 -0.113031 0.261832 -0.335676 -0.268711 -0.491377
7 -0.242867 -0.351711 0.217099 -0.233500 -0.192031 -0.050755 0.245982 0.162533 0.414989 0.103071 -0.069968 0.487130 -0.076303 -0.158326 0.296931 -0.352987 -0.258704 -0.469744
15 -0.310244 -0.390463 0.282313 -0.266302 -0.167209 -0.034053 0.266431 0.142063 0.407788 0.096392 -0.046515 0.496215 -0.083977 -0.138442 0.315599 -0.398918 -0.295802 -0.513199
14 -0.313813 -0.401568 0.283857 -0.264319 -0.162931 -0.060229 0.239475 0.154798 0.418185 0.130012 -0.078706 0.544411 -0.109146 -0.136268 0.300257 -0.366474 -0.268533 -0.512068
6 -0.290613 -0.393592 0.272274 -0.222968 -0.171802 -0.060100 0.265623 0.179964 0.414261 0.113613 -0.047464 0.512752 -0.107541 -0.151182 0.322253 -0.385588 -0.287653 -0.530689
8 -0.253056 -0.366068 0.245282 -0.211655 -0.175417 -0.051290 0.234212 0.145137 0.353736 0.114139 -0.058303 0.443011 -0.107475 -0.124873 0.293285 -0.361367 -0.227561 -0.439737
12 -0.313323 -0.392795 0.245838 -0.247751 -0.184334 -0.081408 0.224866 0.125537 0.386589 0.126228 -0.022089 0.535927 -0.122077 -0.106693 0.286072 -0.331859 -0.281778 -0.466107
