18 18
13 -0.247033 -0.521067 0.124293 -0.264280 -0.125670 0.091239 0.251571 -0.017872 0.253264 -0.004167 0.206025 0.422175 -0.198932 -0.060592 0.424389 -0.414382 -0.310035 -0.314376
16 -0.247678 -0.490510 0.108481 -0.225051 -0.116980 0.096430 0.258607 -0.010347 0.229412 -0.026924 0.196787 0.421714 -0.217896 -0.015144 0.421792 -0.410637 -0.303785 -0.313269
12 -0.279560 -0.507975 0.104301 -0.246124 -0.148666 0.097473 0.215389 -0.051621 0.191424 -0.008015 0.259015 0.434901 -0.214439 0.002862 0.411670 -0.363398 -0.302235 -0.281954
9 -0.259041 -0.510606 0.077782 -0.230673 -0.119825 0.093304 0.246871 0.019228 0.258423 -0.038443 0.234218 0.456452 -0.207301 -0.058130 0.410844 -0.422408 -0.310940 -0.281223
10 -0.258179 -0.512426 0.095607 -0.244000 -0.131340 0.143237 0.253348 -0.023225 0.241510 -0.042595 0.256994 0.444488 -0.225526 -0.005924 0.417801 -0.380764 -0.282046 -0.280401
2 -0.207967 -0.494583 0.075087 -0.203854 -0.127967 0.104334 0.259049 0.026352 0.192704 -0.046749 0.230071 0.443244 -0.192923 -0.041041 0.405154 -0.424745 -0.307697 -0.263226
8 -0.253810 -0.547469 0.128102 -0.244901 -0.151810 0.119100 0.261904 0.000060 0.240445 0.004625 0.205137 0.430966 -0.223723 -0.037125 0.445426 -0.422399 -0.270996 -0.297536
6 -0.236188 -0.523605 0.111413 -0.192149 -0.101699 0.094614 0.264765 0.045763 0.245515 -0.027725 0.207088 0.420421 -0.220164 -0.068635 0.419880 -0.418006 -0.288676 -0.301831
5 -0.210325 -0.494756 0.037716 -0.180772 -0.085251 0.080698 0.268022 -0.008583 0.246900 -0.071605 0.241580 0.435140 -0.223079 -0.021434 0.405386 -0.417257 -0.300164 -0.290358
1 -0.289038 -0.565872 0.144001 -0.255653 -0.092899 0.052023 0.237795 0.042747 0.283131 -0.014789 0.181441 0.435067 -0.192478 -0.063952 0.387982 -0.422404 -0.264773 -0.304096
0 -0.272652 -0.529227 0.122629 -0.274977 -0.151794 0.119834 0.231166 -0.017037 0.229675 -0.017147 0.240124 0.419140 -0.201818 -0.028723 0.442580 -0.417056 -0.260933 -0.308351
11 -0.263427 -0.523356 0.102551 -0.208299 -0.104247 0.080142 0.237509 0.034038 0.258932 -0.058183 0.215848 0.438180 -0.224831 -0.023916 0.438009 -0.442440 -0.303511 -0.301470
4 -0.274786 -0.521093 0.120967 -0.255277 -0.132823 0.115120 0.232645 0.003109 0.243784 -0.037996 0.277130 0.463292 -0.200302 -0.023861 0.448400 -0.423708 -0.291440 -0.334301
15 -0.261474 -0.503268 0.127725 -0.240783 -0.107136 0.123907 0.249353 -0.017432 0.217020 -0.031323 0.217782 0.398801 -0.196237 -0.030242 0.404057 -0.401156 -0.282502 -0.292706
3 -0.256277 -0.493371 0.104895 -0.192895 -0.105263 0.089685 0.275918 0.014043 0.208465 -0.058199 0.239859 0.412413 -0.245630 -0.062500 0.403918 -0.442898 -0.273436 -0.311361
17 -0.244052 -0.514891 0.090188 -0.197067 -0.143985 0.073687 0.267086 0.025759 0.271487 -0.020214 0.239385 0.465802 -0.196538 -0.014514 0.401975 -0.393942 -0.294530 -0.321234
7 -0.234309 -0.527885 0.090571 -0.259031 -0.146456 0.126853 0.257228 0.001022 0.276790 -0.029991 0.209601 0.439134 -0.202398 -0.064609 0.448808 -0.407803 -0.281149 -0.312805
14 -0.281200 -0.566153 0.144203 -0.256307 -0.093962 0.093319 0.243973 0.011708 0.241160 -0.011973 0.188530 0.465338 -0.231426 -0.054283 0.421393 -0.424956 -0.285546 -0.305876
