18 18
9 -0.073449 -0.545346 0.124527 -0.178766 0.202856 0.180953 0.163666 0.143565 0.311689 -0.109204 0.095872 0.497420 -0.254411 -0.172616 0.530867 -0.466405 -0.186795 -0.382105
0 -0.035702 -0.448754 0.136648 -0.170915 0.138567 0.175199 0.141303 0.135084 0.183405 -0.082558 0.116829 0.429468 -0.207741 -0.137038 0.512880 -0.456906 -0.120709 -0.386755
4 -0.048284 -0.505726 0.180877 -0.190235 0.171666 0.159695 0.148124 0.152341 0.273436 -0.064662 0.103391 0.499025 -0.206959 -0.179370 0.547253 -0.472752 -0.161157 -0.472954
5 -0.050655 -0.504581 0.126870 -0.160807 0.213096 0.144080 0.168972 0.114149 0.235706 -0.106272 0.122787 0.479807 -0.259846 -0.142533 0.541957 -0.491746 -0.168651 -0.429875
13 -0.004013 -0.528096 0.254732 -0.279998 0.069867 0.183658 0.188884 0.048984 0.334199 0.065421 0.000096 0.443488 -0.153321 -0.240974 0.568701 -0.403237 -0.180925 -0.535638
12 -0.070135 -0.479438 0.145675 -0.173594 0.151713 0.130590 0.127691 0.098362 0.192816 -0.049735 0.112925 0.458633 -0.220389 -0.129896 0.487301 -0.410335 -0.177360 -0.378187
8 -0.061764 -0.564469 0.173612 -0.176351 0.163681 0.185166 0.183128 0.122976 0.275315 -0.059458 0.075557 0.484680 -0.270307 -0.143598 0.558656 -0.473686 -0.145825 -0.414004
14 -0.026584 -0.491888 0.239142 -0.247582 0.092631 0.185039 0.154354 0.069890 0.271885 0.035741 0.007279 0.446175 -0.166648 -0.184337 0.517230 -0.375099 -0.132418 -0.481945
16 -0.052400 -0.486730 0.134142 -0.144327 0.200207 0.172970 0.182376 0.151282 0.228665 -0.116976 0.098061 0.484460 -0.274602 -0.121124 0.561636 -0.511823 -0.179584 -0.421577
10 -0.043236 -0.546929 0.126124 -0.170512 0.202184 0.217693 0.192980 0.126233 0.324557 -0.122838 0.098563 0.497250 -0.278132 -0.131417 0.534923 -0.439862 -0.153941 -0.382159
2 -0.015248 -0.503926 0.139337 -0.174008 0.179335 0.180347 0.183335 0.163602 0.214015 -0.101635 0.093150 0.493988 -0.227610 -0.174435 0.544543 -0.511931 -0.177897 -0.409310
7 -0.035111 -0.544488 0.134310 -0.198906 0.152930 0.204919 0.170814 0.120005 0.317518 -0.085224 0.068283 0.479123 -0.235809 -0.185026 0.556077 -0.440263 -0.159411 -0.406927
15 -0.059190 -0.504283 0.202116 -0.223840 0.124380 0.195302 0.168885 0.067002 0.266023 -0.030699 0.064949 0.433934 -0.187944 -0.159116 0.524552 -0.413476 -0.171255 -0.447952
1 -0.101312 -0.536643 0.202984 -0.202429 0.175816 0.126231 0.137999 0.132290 0.261633 -0.048912 0.065752 0.444201 -0.207087 -0.162197 0.495825 -0.443025 -0.136567 -0.428869
6 -0.039067 -0.504123 0.150404 -0.120239 0.199910 0.178646 0.179073 0.159069 0.224186 -0.093795 0.100328 0.455930 -0.270528 -0.155213 0.546090 -0.469611 -0.163614 -0.411150
11 -0.072022 -0.562028 0.135032 -0.162235 0.211323 0.191223 0.150284 0.161432 0.334661 -0.148099 0.085184 0.490715 -0.278636 -0.126006 0.561883 -0.478451 -0.167950 -0.379908
17 -0.007729 -0.510400 0.221823 -0.230929 0.037015 0.178629 0.199903 0.079798 0.338199 0.054150 0.031848 0.470868 -0.142166 -0.182437 0.524645 -0.367343 -0.157011 -0.519204
3 -0.024675 0.005665 0.025365 0.004601 0.007865 -0.001883 0.014761 -0.000233 -0.026227 -0.010111 0.011993 -0.020661 -0.026950 -0.026588 -0.012274 -0.019090 0.026092 -0.020014
