18 18
2 -0.031231 -0.461751 0.025201 -0.339443 -0.251171 0.283439 0.227780 0.243303 0.303557 -0.130409 -0.001214 0.484684 -0.134794 -0.417309 0.499026 -0.517722 -0.032578 -0.249983
0 -0.055704 -0.375315 0.024414 -0.252728 -0.212518 0.207605 0.192034 0.199980 0.277310 -0.129406 0.105984 0.411184 -0.132148 -0.322529 0.468179 -0.476989 0.009793 -0.315796
4 -0.073566 -0.303207 0.052135 -0.158024 -0.132932 0.139416 0.206372 0.239019 0.295368 -0.173086 0.203586 0.421180 -0.135686 -0.336221 0.462843 -0.509065 0.004137 -0.481810
9 -0.079197 -0.388767 0.029154 -0.271186 -0.195147 0.227432 0.201133 0.218442 0.316754 -0.131649 0.073658 0.448151 -0.144564 -0.362729 0.458746 -0.478408 -0.027028 -0.301433
3 -0.103256 -0.374418 0.085096 -0.219780 -0.167306 0.190351 0.251739 0.221466 0.295802 -0.163780 0.164698 0.440216 -0.190653 -0.382102 0.495143 -0.544757 0.015223 -0.477658
12 -0.087757 -0.403205 0.040129 -0.277630 -0.205912 0.200140 0.177448 0.170285 0.275790 -0.097534 0.075485 0.441816 -0.144930 -0.315429 0.434940 -0.424830 -0.033188 -0.273183
10 -0.054085 -0.415705 0.021567 -0.292907 -0.199994 0.265515 0.201117 0.197214 0.316271 -0.132741 0.031542 0.442519 -0.156662 -0.314225 0.445511 -0.432836 -0.001590 -0.221354
1 -0.093841 -0.441173 0.064173 -0.304938 -0.202623 0.206711 0.190338 0.232337 0.328573 -0.119462 0.017013 0.427856 -0.129088 -0.358992 0.451542 -0.488556 0.001722 -0.277696
11 -0.084760 -0.403924 0.046208 -0.252929 -0.187675 0.196190 0.163824 0.231875 0.296698 -0.140201 0.040068 0.412591 -0.142067 -0.311348 0.454906 -0.471768 -0.018560 -0.266037
17 -0.071383 -0.320831 0.049392 -0.145131 -0.170897 0.127594 0.222967 0.216810 0.306647 -0.122277 0.169223 0.420665 -0.128206 -0.282676 0.422135 -0.444601 -0.002804 -0.441917
15 -0.097663 -0.384203 0.083800 -0.264364 -0.164474 0.234122 0.214897 0.165854 0.283293 -0.133286 0.097428 0.406291 -0.147947 -0.323766 0.462995 -0.460591 -0.027144 -0.365559
14 -0.103552 -0.426016 0.100316 -0.298417 -0.168776 0.229379 0.176811 0.189933 0.287285 -0.106986 0.042265 0.452738 -0.164714 -0.342684 0.464107 -0.447356 0.008921 -0.338327
7 0.025325 -0.480473 -0.036691 -0.352921 -0.338063 0.341846 0.259621 0.302189 0.408128 -0.143494 -0.028313 0.533137 -0.148520 -0.534670 0.594686 -0.558415 -0.002032 -0.271031
13 -0.068644 -0.364828 0.074219 -0.265224 -0.165712 0.192676 0.199177 0.163632 0.281512 -0.109090 0.075285 0.388697 -0.137258 -0.331123 0.446176 -0.452801 -0.032440 -0.345877
16 -0.063650 -0.363922 0.038126 -0.241536 -0.199519 0.204840 0.220894 0.196409 0.289363 -0.125899 0.069142 0.429834 -0.153409 -0.304257 0.473415 -0.480498 -0.039320 -0.340984
6 -0.075768 -0.333777 0.065136 -0.119685 -0.137222 0.148913 0.251799 0.244701 0.304086 -0.169432 0.235466 0.430625 -0.169042 -0.337178 0.506539 -0.526755 -0.010916 -0.546401
5 -0.073436 -0.350433 0.031446 -0.178685 -0.118849 0.143110 0.229022 0.163499 0.292792 -0.152465 0.163760 0.411907 -0.163671 -0.282321 0.444620 -0.477900 -0.017290 -0.425329
8 0.005946 -0.478799 0.009695 -0.303703 -0.319342 0.308368 0.268358 0.296315 0.370907 -0.117683 -0.009514 0.500047 -0.165821 -0.483502 0.577599 -0.563149 0.009277 -0.292398
