18 18
8 -0.167928 -0.512193 0.207260 -0.332185 -0.141817 0.171986 0.313863 0.060097 0.356479 -0.010846 -0.029546 0.439081 -0.275444 -0.193158 0.414171 -0.417410 -0.028074 -0.377314
3 -0.211681 -0.442845 0.210379 -0.274363 -0.117594 0.101384 0.327991 0.091461 0.312465 -0.046530 0.063489 0.418136 -0.262933 -0.215973 0.330351 -0.407017 -0.008972 -0.447883
10 -0.179636 -0.504567 0.188662 -0.330851 -0.105659 0.182748 0.329246 0.069210 0.392964 -0.059920 0.021488 0.476847 -0.279010 -0.177595 0.373272 -0.382469 -0.026390 -0.376390
0 -0.179390 -0.460474 0.189440 -0.316430 -0.153039 0.135896 0.302085 0.075045 0.333512 -0.030093 0.046722 0.429630 -0.229234 -0.181242 0.366631 -0.384639 -0.008518 -0.410295
2 -0.170277 -0.449894 0.185645 -0.290800 -0.140104 0.107794 0.324059 0.104880 0.317223 -0.034608 0.032382 0.454548 -0.211350 -0.188928 0.331967 -0.392950 -0.043938 -0.419242
1 -0.206203 -0.485124 0.214095 -0.311575 -0.128363 0.091883 0.319118 0.108491 0.369627 -0.024746 0.002489 0.428991 -0.211229 -0.191179 0.322781 -0.388094 -0.006890 -0.429013
12 -0.205059 -0.467752 0.175257 -0.293659 -0.131110 0.113515 0.296004 0.056721 0.328314 -0.028728 0.082555 0.465483 -0.253784 -0.166375 0.349447 -0.360752 -0.065498 -0.399912
9 -0.193214 -0.475209 0.175111 -0.324703 -0.133628 0.139662 0.318947 0.089532 0.384507 -0.039367 0.027056 0.476331 -0.250725 -0.222557 0.371952 -0.413306 -0.048115 -0.407064
7 -0.156274 -0.455766 0.171238 -0.310006 -0.151327 0.141195 0.319364 0.079579 0.365215 -0.032420 -0.010134 0.433252 -0.235616 -0.215230 0.376361 -0.385889 -0.032518 -0.417775
5 -0.181819 -0.473344 0.148469 -0.282362 -0.106837 0.097842 0.332080 0.071010 0.367759 -0.058396 0.072502 0.461948 -0.250402 -0.181978 0.357025 -0.410807 -0.048374 -0.440570
16 -0.176701 -0.397860 0.184513 -0.253529 -0.137280 0.084215 0.327016 0.084249 0.320662 -0.020300 0.005057 0.412844 -0.214320 -0.136980 0.333129 -0.375346 -0.052894 -0.455503
6 -0.161634 -0.409952 0.165701 -0.222096 -0.120018 0.094526 0.316741 0.108623 0.316887 -0.033010 0.060978 0.395973 -0.213525 -0.179238 0.317457 -0.352415 -0.038679 -0.423219
11 -0.198070 -0.488927 0.212187 -0.317710 -0.108332 0.147025 0.279422 0.075972 0.355546 -0.052020 -0.014988 0.440454 -0.266796 -0.156386 0.406226 -0.416168 -0.056566 -0.385063
4 -0.184080 -0.460415 0.192300 -0.294550 -0.113748 0.114043 0.292935 0.113845 0.370003 -0.053607 0.063353 0.457176 -0.238546 -0.205644 0.367845 -0.403393 -0.020686 -0.429083
14 -0.202840 -0.523753 0.245778 -0.376348 -0.111381 0.181707 0.306232 0.047719 0.359948 -0.017392 -0.049332 0.477849 -0.284518 -0.206530 0.414229 -0.412859 -0.032117 -0.414052
15 -0.204478 -0.488479 0.210914 -0.337090 -0.119267 0.169459 0.327004 0.046045 0.358303 -0.046469 0.024108 0.446144 -0.246646 -0.171754 0.379734 -0.398683 -0.059888 -0.414246
17 -0.192812 -0.455158 0.195376 -0.265653 -0.167389 0.090232 0.343676 0.103647 0.375470 -0.008373 0.045637 0.474008 -0.215208 -0.147174 0.327058 -0.357025 -0.036448 -0.466953
13 -0.168523 -0.475788 0.211243 -0.332459 -0.139679 0.127940 0.328595 0.058392 0.366267 -0.011229 -0.008680 0.433175 -0.237763 -0.207172 0.383696 -0.402640 -0.067528 -0.430595
