18 18
4 -0.251567 -0.389931 0.224644 -0.087993 0.055043 -0.039890 0.154090 0.288228 0.387681 -0.145343 0.238240 0.335103 -0.061551 -0.153352 0.260968 -0.318195 -0.133393 -0.469290
2 -0.240224 -0.496783 0.207225 -0.111696 -0.001672 -0.078454 0.207688 0.327072 0.426401 -0.142743 0.260935 0.398760 -0.064222 -0.210351 0.280347 -0.354494 -0.145945 -0.507991
6 -0.296340 -0.502912 0.267073 -0.089812 0.058626 -0.090490 0.178761 0.356712 0.454071 -0.141109 0.221099 0.338203 -0.075563 -0.218193 0.317968 -0.383413 -0.181326 -0.566976
7 -0.247470 -0.523968 0.205321 -0.114977 -0.024466 -0.067812 0.225791 0.328944 0.491175 -0.142748 0.261409 0.403279 -0.080031 -0.233102 0.309779 -0.340913 -0.128074 -0.545552
3 -0.277351 -0.478489 0.238475 -0.094801 0.010180 -0.085502 0.212319 0.319570 0.421978 -0.142729 0.261425 0.355597 -0.095965 -0.224328 0.268027 -0.352411 -0.111597 -0.539302
17 -0.261345 -0.487468 0.229530 -0.076178 -0.032714 -0.103114 0.217919 0.325590 0.467456 -0.093879 0.254640 0.398410 -0.055186 -0.168158 0.255481 -0.297515 -0.139791 -0.538454
10 -0.269610 -0.477083 0.210976 -0.102137 0.035494 -0.037713 0.206766 0.301477 0.467353 -0.162910 0.270705 0.389073 -0.095718 -0.152646 0.272970 -0.309320 -0.130277 -0.489144
12 -0.323054 -0.550334 0.247210 -0.133758 0.004174 -0.091706 0.193140 0.303737 0.460923 -0.129806 0.300026 0.428292 -0.092898 -0.182118 0.305580 -0.350575 -0.181845 -0.549106
8 -0.271546 -0.500720 0.258355 -0.102840 0.003495 -0.017459 0.225307 0.295919 0.424022 -0.117205 0.244152 0.374898 -0.108359 -0.166310 0.310188 -0.357570 -0.138693 -0.494962
11 -0.340099 -0.501269 0.276631 -0.113603 0.087410 -0.136478 0.118495 0.377241 0.495133 -0.184202 0.171574 0.316902 -0.076652 -0.190238 0.329969 -0.431074 -0.186106 -0.564469
13 -0.278843 -0.501207 0.255401 -0.129769 0.025327 -0.096063 0.200757 0.309026 0.476929 -0.127353 0.227942 0.351820 -0.068188 -0.211924 0.300978 -0.367979 -0.188353 -0.551787
9 -0.318267 -0.511523 0.241170 -0.128333 0.044147 -0.083156 0.181315 0.361295 0.508460 -0.165397 0.240076 0.390985 -0.072728 -0.226211 0.307098 -0.399185 -0.171518 -0.543255
15 -0.283214 -0.442826 0.243901 -0.121964 0.038124 -0.003327 0.205201 0.251677 0.401969 -0.151380 0.240341 0.333523 -0.080033 -0.147258 0.278641 -0.340699 -0.160034 -0.484040
1 -0.352663 -0.515106 0.302767 -0.138605 0.102214 -0.158627 0.127168 0.385009 0.503162 -0.160457 0.160094 0.304008 -0.045917 -0.223171 0.300668 -0.436989 -0.176358 -0.587406
16 -0.280673 -0.449455 0.249169 -0.107162 0.027838 -0.046746 0.205051 0.297828 0.432137 -0.140389 0.209186 0.356809 -0.090728 -0.157803 0.309100 -0.366308 -0.173636 -0.534819
5 -0.222583 -0.486640 0.159574 -0.099995 0.002279 -0.065814 0.231811 0.245505 0.432129 -0.135999 0.303324 0.412223 -0.093718 -0.155780 0.268158 -0.312647 -0.122329 -0.494339
0 -0.274371 -0.510140 0.231154 -0.136017 -0.009447 -0.067445 0.184002 0.318511 0.447335 -0.140130 0.270636 0.374810 -0.066584 -0.201260 0.312310 -0.362652 -0.117980 -0.530754
14 -0.282101 -0.494984 0.262506 -0.126673 0.037453 -0.038931 0.176980 0.289546 0.419174 -0.118572 0.216560 0.386518 -0.088623 -0.173617 0.294221 -0.325933 -0.133058 -0.510541
