18 18
2 -0.220613 -0.350170 0.213641 -0.297562 0.073843 0.089112 0.270778 0.176018 0.137418 -0.087734 -0.118875 0.709286 -0.133827 -0.060109 0.181551 -0.450484 -0.377088 -0.267405
14 -0.247085 -0.358684 0.265434 -0.301161 0.079591 0.078789 0.246454 0.135690 0.127412 -0.042205 -0.120543 0.687301 -0.130287 -0.040906 0.162298 -0.381731 -0.319201 -0.321613
12 -0.266918 -0.382912 0.270629 -0.318018 0.038386 0.064797 0.271239 0.104181 0.117734 -0.018446 -0.071267 0.713099 -0.134014 -0.029372 0.169024 -0.371385 -0.352081 -0.342446
5 -0.220794 -0.378952 0.224592 -0.277482 0.044160 0.060397 0.314096 0.096344 0.190827 -0.037903 -0.052121 0.651918 -0.127612 -0.044699 0.177798 -0.385943 -0.307887 -0.383293
16 -0.265411 -0.354106 0.279882 -0.295114 0.076247 0.072743 0.291851 0.158594 0.142534 -0.056283 -0.128482 0.726848 -0.141388 -0.015085 0.177265 -0.417245 -0.364660 -0.362959
13 -0.209710 -0.336723 0.266243 -0.294935 0.033306 0.058809 0.301534 0.103656 0.149750 -0.006706 -0.099508 0.627892 -0.102847 -0.071769 0.161127 -0.371031 -0.329484 -0.370004
10 -0.247964 -0.377260 0.210806 -0.318330 0.086656 0.146548 0.303101 0.160596 0.187726 -0.115280 -0.086746 0.778196 -0.189202 -0.023272 0.210763 -0.451320 -0.368429 -0.285686
3 -0.280592 -0.377038 0.290819 -0.291144 0.053854 0.072003 0.315763 0.158981 0.152723 -0.053958 -0.078710 0.695312 -0.159498 -0.073749 0.166164 -0.435161 -0.304609 -0.388290
17 -0.257568 -0.384187 0.305204 -0.248479 -0.002865 0.020132 0.326715 0.192799 0.226715 0.011521 -0.070230 0.700250 -0.085379 -0.044900 0.136729 -0.366218 -0.285239 -0.450757
15 -0.270223 -0.391323 0.297308 -0.301989 0.040472 0.079268 0.313985 0.131336 0.190584 -0.032116 -0.076324 0.665641 -0.101294 -0.052967 0.174955 -0.399770 -0.323181 -0.411103
7 -0.206961 -0.353259 0.221987 -0.298522 0.035170 0.092617 0.281441 0.152090 0.181470 -0.055991 -0.111324 0.673354 -0.112556 -0.083599 0.189428 -0.390814 -0.317353 -0.339369
9 -0.244778 -0.332591 0.115729 -0.303434 0.129246 0.120695 0.233921 0.214753 0.231197 -0.177277 -0.123681 0.759142 -0.171687 -0.072845 0.210156 -0.497830 -0.443262 -0.170305
8 -0.232551 -0.390336 0.229125 -0.294551 0.030382 0.127420 0.303220 0.159041 0.188642 -0.057558 -0.093464 0.701415 -0.183284 -0.048744 0.248256 -0.476249 -0.311586 -0.313506
0 -0.233638 -0.371595 0.221491 -0.318699 0.024079 0.125912 0.273053 0.131687 0.165066 -0.063490 -0.057569 0.676388 -0.146633 -0.052379 0.231851 -0.439761 -0.295885 -0.329129
6 -0.231859 -0.368701 0.274476 -0.241392 0.038691 0.070991 0.295512 0.174591 0.177594 -0.024640 -0.077178 0.638316 -0.114146 -0.065674 0.172958 -0.371672 -0.284076 -0.388457
11 -0.255493 -0.360344 0.165465 -0.279669 0.126294 0.097678 0.217041 0.229098 0.228233 -0.174035 -0.129057 0.719171 -0.174112 -0.038501 0.235918 -0.498673 -0.406368 -0.209885
4 -0.250544 -0.339297 0.255423 -0.281755 0.090062 0.054748 0.248193 0.188425 0.161028 -0.079189 -0.080443 0.698911 -0.110092 -0.053254 0.165297 -0.415288 -0.332866 -0.347430
1 -0.276854 -0.406947 0.332934 -0.290696 0.035970 0.018568 0.296874 0.180635 0.203278 -0.000597 -0.101477 0.648190 -0.077106 -0.071589 0.139531 -0.390738 -0.262154 -0.433748
