18 18
1 -0.424413 -0.538218 0.305793 -0.254026 0.052741 -0.051358 0.156595 0.209659 0.226353 -0.100546 0.189484 0.296228 -0.125996 -0.247383 0.189285 -0.472831 0.046760 -0.388514
2 -0.419255 -0.586859 0.313163 -0.295637 0.034620 -0.027625 0.179403 0.225206 0.203125 -0.116722 0.217393 0.351354 -0.124361 -0.287715 0.236483 -0.540848 0.019436 -0.426153
8 -0.400818 -0.551810 0.311535 -0.241281 0.027095 -0.017847 0.180878 0.204769 0.198330 -0.086731 0.195086 0.302403 -0.157543 -0.245078 0.230840 -0.499479 0.056592 -0.394630
14 -0.421409 -0.536981 0.312998 -0.274477 0.057972 -0.019427 0.136394 0.180729 0.194878 -0.090672 0.182189 0.321280 -0.140683 -0.240505 0.201383 -0.444191 0.043510 -0.384448
3 -0.432792 -0.517063 0.328265 -0.248094 0.052906 -0.025397 0.172433 0.212690 0.171052 -0.117216 0.216886 0.276128 -0.158596 -0.294374 0.182886 -0.489894 0.088802 -0.404708
15 -0.419494 -0.528273 0.296840 -0.262763 0.055555 -0.005736 0.170781 0.155671 0.211511 -0.114841 0.204443 0.289692 -0.130271 -0.217333 0.209180 -0.458650 0.007407 -0.379041
0 -0.422090 -0.553630 0.306566 -0.287503 0.025067 -0.012864 0.150945 0.196140 0.209957 -0.102951 0.226114 0.309498 -0.127293 -0.257755 0.229751 -0.476781 0.062328 -0.407627
12 -0.483930 -0.600341 0.305351 -0.300746 0.025681 -0.037823 0.148507 0.150519 0.212801 -0.083136 0.261367 0.367099 -0.160736 -0.235458 0.211104 -0.432548 -0.013329 -0.379435
6 -0.404482 -0.535135 0.304093 -0.231616 0.049415 -0.018650 0.172035 0.212708 0.203748 -0.104802 0.215476 0.303530 -0.142381 -0.258559 0.219231 -0.466940 0.025492 -0.403334
5 -0.438342 -0.592851 0.277243 -0.274454 0.062551 -0.044798 0.187744 0.168494 0.248018 -0.118180 0.242295 0.351742 -0.164547 -0.250116 0.221946 -0.490247 0.008727 -0.413846
16 -0.386725 -0.496562 0.306988 -0.240838 0.030841 -0.024936 0.182504 0.192971 0.193714 -0.095702 0.182566 0.314978 -0.142116 -0.202851 0.228400 -0.479431 0.015224 -0.425452
13 -0.402379 -0.542586 0.315923 -0.290014 0.036940 -0.036865 0.157698 0.177866 0.218179 -0.079632 0.188694 0.294258 -0.114197 -0.288231 0.213601 -0.460747 0.008055 -0.401959
4 -0.421531 -0.512435 0.313643 -0.247437 0.070791 -0.043006 0.139872 0.238096 0.215169 -0.130666 0.234615 0.318555 -0.119391 -0.260050 0.199961 -0.486590 0.049158 -0.414348
17 -0.428751 -0.554582 0.313027 -0.252401 0.012715 -0.045771 0.175751 0.200918 0.226921 -0.074019 0.220371 0.338936 -0.125405 -0.239717 0.188129 -0.433546 0.031608 -0.414237
7 -0.384119 -0.527256 0.283631 -0.264909 0.020504 -0.010267 0.162578 0.208065 0.226598 -0.107266 0.186234 0.296616 -0.121080 -0.287262 0.221815 -0.458995 0.052342 -0.391458
11 -0.424988 -0.559336 0.306311 -0.251684 0.054850 -0.035844 0.149586 0.205853 0.231496 -0.125552 0.193796 0.322258 -0.149798 -0.194700 0.250725 -0.497242 0.002721 -0.402446
9 -0.472044 -0.579639 0.276211 -0.293159 0.048444 -0.032431 0.154975 0.202158 0.260444 -0.115128 0.242908 0.366502 -0.144752 -0.293919 0.198537 -0.465811 0.000859 -0.367931
10 -0.422692 -0.556076 0.302623 -0.257654 0.057129 -0.001713 0.191520 0.201681 0.236868 -0.126665 0.228693 0.340750 -0.161909 -0.228248 0.204432 -0.467132 0.041348 -0.392986
