18 18
0 -0.188356 -0.456807 0.238945 -0.370540 -0.191957 0.062887 0.151324 0.062341 0.302211 0.113339 0.311894 0.501696 -0.011021 -0.257699 0.363114 -0.361832 -0.133122 -0.476574
13 -0.144122 -0.406134 0.219941 -0.327187 -0.163390 0.030576 0.171122 0.046779 0.291596 0.123841 0.273343 0.483577 -0.031139 -0.276631 0.325593 -0.324694 -0.167451 -0.443556
9 -0.182092 -0.438728 0.183273 -0.337050 -0.158470 0.041180 0.161287 0.094410 0.355074 0.090528 0.323828 0.571261 -0.051848 -0.310173 0.356152 -0.377483 -0.183779 -0.443507
3 -0.197650 -0.427952 0.250463 -0.330658 -0.136412 0.031012 0.196368 0.080078 0.276224 0.077010 0.350405 0.542784 -0.091359 -0.335237 0.335932 -0.398304 -0.130581 -0.517302
1 -0.201868 -0.453195 0.252537 -0.332236 -0.134848 0.008462 0.159701 0.093738 0.318119 0.097687 0.274833 0.486130 -0.018171 -0.260184 0.302857 -0.352485 -0.117183 -0.470063
14 -0.172610 -0.429867 0.233317 -0.334916 -0.131361 0.051215 0.141876 0.056864 0.269731 0.107744 0.269231 0.508680 -0.060645 -0.262175 0.321398 -0.315477 -0.118486 -0.429608
4 -0.185860 -0.414608 0.236031 -0.317300 -0.115332 0.008247 0.164702 0.112756 0.307238 0.061938 0.378891 0.564289 -0.053659 -0.317579 0.333236 -0.386756 -0.139711 -0.534537
2 -0.155149 -0.434907 0.219691 -0.334579 -0.166814 0.041935 0.171166 0.091639 0.281553 0.102586 0.281015 0.518355 -0.014560 -0.276566 0.327207 -0.366701 -0.157239 -0.440932
7 -0.155976 -0.443355 0.198689 -0.343173 -0.190165 0.065780 0.165264 0.077956 0.333704 0.097325 0.292448 0.519397 -0.030320 -0.283978 0.373514 -0.352340 -0.146669 -0.465320
8 -0.173081 -0.454138 0.230041 -0.322042 -0.175395 0.051852 0.173227 0.083815 0.303934 0.109893 0.301864 0.517368 -0.064890 -0.276156 0.365302 -0.374641 -0.130803 -0.459376
6 -0.165478 -0.429288 0.222261 -0.282629 -0.145554 0.044708 0.180196 0.096966 0.302055 0.095496 0.310295 0.494028 -0.045876 -0.264651 0.336629 -0.340931 -0.144946 -0.473782
5 -0.155237 -0.425146 0.177039 -0.304378 -0.118137 0.024324 0.190894 0.044747 0.307855 0.064245 0.335063 0.530499 -0.078385 -0.262884 0.339199 -0.362022 -0.155797 -0.471237
10 -0.174654 -0.463235 0.221319 -0.322217 -0.147165 0.063470 0.195344 0.091823 0.349942 0.086589 0.333435 0.560765 -0.060786 -0.260581 0.332741 -0.340728 -0.133687 -0.463581
12 -0.197787 -0.469511 0.216732 -0.358368 -0.189861 0.038882 0.153564 0.046441 0.301898 0.126433 0.337185 0.566989 -0.054835 -0.264984 0.365366 -0.345800 -0.183445 -0.450752
15 -0.218843 -0.471266 0.256418 -0.365507 -0.164409 0.067709 0.179079 0.052056 0.321512 0.092486 0.324445 0.531106 -0.031922 -0.249731 0.369690 -0.379742 -0.179794 -0.507823
17 -0.185285 -0.452481 0.234123 -0.316693 -0.196110 0.016675 0.176639 0.088650 0.339251 0.134607 0.301344 0.552020 -0.012858 -0.234631 0.325699 -0.329305 -0.153729 -0.488095
16 -0.185042 -0.435768 0.238824 -0.329607 -0.172931 0.035919 0.190139 0.073520 0.321186 0.109916 0.288011 0.530790 -0.044405 -0.241346 0.363391 -0.375129 -0.174990 -0.500721
11 -0.189109 -0.434025 0.203581 -0.305835 -0.146953 0.029149 0.133816 0.096837 0.321972 0.069779 0.294520 0.518341 -0.060934 -0.249068 0.372062 -0.375493 -0.172756 -0.440308
