18 18
2 -0.376180 -0.549921 0.387401 -0.279452 0.057066 -0.156105 0.211554 0.312858 0.478380 -0.045488 0.026379 0.371869 0.002437 -0.232800 0.051420 -0.298789 -0.029958 -0.466109
1 -0.383050 -0.521415 0.377967 -0.268909 0.073331 -0.171775 0.190922 0.302038 0.515547 -0.046368 0.008746 0.333354 0.000888 -0.211427 0.050033 -0.278713 -0.004048 -0.457494
0 -0.367630 -0.499476 0.370137 -0.296780 0.049540 -0.122310 0.187614 0.204713 0.425210 -0.038600 0.061543 0.323439 -0.017400 -0.174213 0.098978 -0.286637 -0.018660 -0.492212
3 -0.447765 -0.520607 0.445418 -0.316982 0.114612 -0.151299 0.225959 0.184257 0.441924 -0.063285 0.064132 0.331946 -0.060184 -0.194961 0.089070 -0.334372 -0.042050 -0.571593
6 -0.398809 -0.558142 0.417025 -0.272445 0.073956 -0.154505 0.228186 0.293820 0.512752 -0.042686 0.045865 0.366259 -0.024930 -0.222292 0.095278 -0.305370 -0.044309 -0.549386
14 -0.390728 -0.501536 0.392094 -0.300794 0.121369 -0.121548 0.185992 0.190721 0.446318 -0.056964 0.016354 0.352195 -0.047117 -0.156872 0.103591 -0.291120 -0.047317 -0.505450
15 -0.405120 -0.490229 0.388897 -0.317379 0.132533 -0.100531 0.223287 0.109985 0.439909 -0.080769 0.072732 0.341193 -0.045145 -0.115146 0.139263 -0.320161 -0.117212 -0.555538
10 -0.367591 -0.548550 0.363138 -0.254346 0.074479 -0.131451 0.233384 0.326562 0.568538 -0.072851 0.032767 0.396358 -0.028699 -0.192787 0.067795 -0.271916 -0.017166 -0.482356
7 -0.338279 -0.491997 0.342230 -0.274657 0.074226 -0.115203 0.219475 0.237017 0.505840 -0.069708 0.018927 0.351854 -0.024901 -0.193837 0.119472 -0.290219 -0.056553 -0.506533
9 -0.445701 -0.587611 0.405208 -0.322066 0.079733 -0.167185 0.218201 0.310582 0.575359 -0.059558 0.044678 0.417613 -0.020103 -0.244347 0.073060 -0.321274 -0.041720 -0.515028
4 -0.384607 -0.452410 0.380145 -0.293924 0.137721 -0.139602 0.184970 0.170576 0.444766 -0.088662 0.080332 0.344675 -0.028078 -0.147617 0.126520 -0.325648 -0.087374 -0.563377
12 -0.404505 -0.522962 0.380145 -0.298154 0.060129 -0.150856 0.181697 0.206326 0.443425 -0.028811 0.065059 0.361870 -0.029480 -0.173540 0.075391 -0.263358 -0.053564 -0.477742
13 -0.373869 -0.467777 0.394501 -0.320430 0.104787 -0.136455 0.197377 0.114423 0.408945 -0.034565 0.039001 0.303870 -0.028731 -0.167283 0.117769 -0.307597 -0.100360 -0.535770
8 -0.372904 -0.532779 0.393191 -0.264891 0.048596 -0.136663 0.206933 0.271473 0.467517 -0.020653 0.013533 0.336486 -0.030842 -0.208105 0.087319 -0.294568 -0.011527 -0.467838
17 -0.390345 -0.521303 0.395862 -0.275387 0.054113 -0.170486 0.218374 0.241843 0.495319 -0.020289 0.047325 0.371150 -0.006152 -0.176267 0.065385 -0.269862 -0.042349 -0.529376
5 -0.369379 -0.489893 0.338789 -0.290422 0.146098 -0.129440 0.228195 0.123354 0.461693 -0.092013 0.073109 0.360756 -0.065812 -0.119986 0.143133 -0.331623 -0.106097 -0.554301
11 -0.392660 -0.522681 0.376024 -0.262698 0.095078 -0.149581 0.184788 0.268253 0.504604 -0.079504 0.029431 0.357240 -0.039266 -0.158041 0.114674 -0.305783 -0.058900 -0.490325
16 -0.400603 -0.473578 0.398724 -0.319700 0.128911 -0.130238 0.231212 0.115380 0.442234 -0.069612 0.044718 0.355796 -0.062214 -0.107796 0.160412 -0.342593 -0.129958 -0.596556
