18 18
11 -0.301644 -0.500269 0.188823 -0.439585 -0.017461 0.114431 0.236092 0.113570 0.323876 -0.246739 0.210044 0.293306 -0.057338 -0.322251 0.366400 -0.612377 -0.118866 -0.398539
1 -0.280660 -0.483630 0.192820 -0.449260 -0.030736 0.102260 0.252052 0.113888 0.304036 -0.218606 0.199052 0.272860 -0.020709 -0.366137 0.315972 -0.592694 -0.085346 -0.394836
4 -0.272803 -0.395160 0.184556 -0.381948 0.019600 0.096821 0.221437 0.179993 0.234764 -0.272147 0.261777 0.245790 -0.006356 -0.400924 0.265459 -0.594132 -0.059779 -0.399076
2 -0.204123 -0.346758 0.169916 -0.328566 -0.009490 0.095508 0.255096 0.232811 0.131702 -0.258304 0.222459 0.219636 0.007819 -0.454837 0.216002 -0.624292 -0.050541 -0.345085
7 -0.214764 -0.402806 0.143614 -0.390061 -0.040294 0.132288 0.247675 0.142591 0.260579 -0.241338 0.209779 0.258646 -0.024001 -0.411707 0.313173 -0.591413 -0.072105 -0.376564
16 -0.244853 -0.394432 0.165964 -0.379051 -0.020080 0.107288 0.255299 0.117008 0.241796 -0.225660 0.207454 0.260321 -0.042175 -0.342081 0.298431 -0.574420 -0.103992 -0.387112
15 -0.276745 -0.438777 0.171977 -0.419548 -0.021985 0.155039 0.235864 0.046194 0.267612 -0.213902 0.204997 0.233893 -0.040124 -0.280970 0.311632 -0.505992 -0.102385 -0.350573
5 -0.244687 -0.438594 0.133323 -0.397003 0.008736 0.108677 0.264723 0.102232 0.270243 -0.258346 0.244366 0.270582 -0.047867 -0.365765 0.289983 -0.586238 -0.094244 -0.369708
0 -0.242082 -0.384041 0.158444 -0.382173 -0.019936 0.136475 0.228776 0.146636 0.192246 -0.254898 0.266401 0.218525 -0.017123 -0.395711 0.269102 -0.573483 -0.021994 -0.359662
9 -0.271946 -0.442297 0.148121 -0.434309 -0.022541 0.121808 0.250049 0.125732 0.298359 -0.240881 0.225090 0.289501 -0.031558 -0.400631 0.308876 -0.607100 -0.109084 -0.362603
3 -0.263715 -0.351684 0.203511 -0.345993 0.023026 0.110872 0.257347 0.205336 0.138084 -0.294800 0.282694 0.190727 -0.031003 -0.493186 0.214184 -0.635948 -0.005870 -0.395392
12 -0.288362 -0.478561 0.190568 -0.450755 -0.046628 0.105948 0.223568 0.075968 0.239289 -0.191144 0.244617 0.296709 -0.035574 -0.348092 0.311705 -0.549363 -0.135662 -0.364320
10 -0.244584 -0.423997 0.154108 -0.399887 -0.005580 0.152346 0.262309 0.117418 0.261834 -0.254124 0.244313 0.261780 -0.044893 -0.362119 0.275333 -0.546868 -0.061909 -0.350143
6 -0.219846 -0.339199 0.186933 -0.288945 0.011206 0.093689 0.244098 0.232901 0.134743 -0.249175 0.248232 0.192745 -0.009038 -0.444928 0.211925 -0.578763 -0.043536 -0.369118
8 -0.224494 -0.394050 0.169634 -0.334933 -0.027996 0.114216 0.241606 0.143669 0.208028 -0.208403 0.196542 0.226947 -0.050405 -0.342089 0.282387 -0.564076 -0.047375 -0.340515
13 -0.251340 -0.499941 0.183064 -0.505756 -0.063440 0.120917 0.255179 0.010173 0.336950 -0.155604 0.171093 0.283890 -0.026468 -0.327884 0.368699 -0.547227 -0.184167 -0.377164
17 -0.269185 -0.467714 0.173798 -0.413930 -0.059759 0.111137 0.265133 0.109203 0.313320 -0.203314 0.231778 0.303179 -0.026022 -0.329461 0.311202 -0.547966 -0.094382 -0.408298
14 -0.268862 -0.468946 0.198862 -0.450825 -0.019266 0.128745 0.233110 0.083682 0.265212 -0.197533 0.182603 0.283294 -0.040495 -0.353527 0.316525 -0.555907 -0.090308 -0.378203
