18 18
3 -0.255998 -0.494223 0.480985 -0.379396 -0.347149 0.027427 0.141812 0.017191 -0.018825 0.356439 0.018335 0.420263 -0.116362 -0.356091 0.281197 -0.223235 -0.078901 -0.412655
16 -0.247229 -0.455478 0.459767 -0.363493 -0.320213 0.030924 0.142983 0.018640 0.016180 0.335813 -0.032607 0.396410 -0.101438 -0.260612 0.304840 -0.243847 -0.117164 -0.401980
13 -0.220253 -0.513004 0.470989 -0.438571 -0.346097 0.030833 0.095929 -0.002138 0.012108 0.369236 -0.053498 0.390384 -0.073347 -0.341671 0.317678 -0.226951 -0.132064 -0.338598
1 -0.242554 -0.514231 0.459948 -0.411783 -0.313554 0.009216 0.094196 0.047678 0.038221 0.326484 -0.051756 0.374686 -0.058657 -0.316581 0.287983 -0.250484 -0.083077 -0.337844
17 -0.231809 -0.461606 0.416842 -0.317391 -0.346935 0.006284 0.144222 0.033833 0.046018 0.349467 0.032934 0.440318 -0.076978 -0.272997 0.256506 -0.173820 -0.096604 -0.416352
0 -0.234344 -0.490361 0.428444 -0.384023 -0.352390 0.045009 0.116921 0.008382 0.019641 0.335248 0.029462 0.418175 -0.086744 -0.296094 0.307003 -0.208663 -0.080042 -0.388149
6 -0.214582 -0.454072 0.428800 -0.314660 -0.325074 0.036783 0.152739 0.032274 0.010095 0.341801 0.023166 0.395341 -0.093994 -0.311648 0.276168 -0.187090 -0.097921 -0.411853
4 -0.232074 -0.480830 0.439801 -0.384701 -0.330836 0.016152 0.090606 0.038106 0.019720 0.339407 0.019448 0.443764 -0.074452 -0.337943 0.296475 -0.213468 -0.112532 -0.383798
2 -0.209272 -0.522298 0.444452 -0.430559 -0.332396 0.037827 0.091406 0.054939 0.003949 0.320959 -0.063625 0.407062 -0.060164 -0.321368 0.320421 -0.279607 -0.127363 -0.292586
14 -0.249807 -0.524905 0.493582 -0.444029 -0.322070 0.047654 0.074853 0.006802 -0.016272 0.368725 -0.065516 0.431543 -0.096157 -0.330370 0.314514 -0.222971 -0.108600 -0.337459
8 -0.230980 -0.520168 0.473050 -0.399286 -0.337569 0.045210 0.109873 0.028565 0.010432 0.346022 -0.054162 0.373285 -0.098715 -0.289806 0.321714 -0.256566 -0.078700 -0.321658
12 -0.243810 -0.512206 0.417953 -0.403048 -0.348783 0.020043 0.076029 -0.007699 -0.000724 0.356406 0.022824 0.455209 -0.085574 -0.308054 0.295682 -0.176436 -0.141092 -0.336045
7 -0.179460 -0.480795 0.367205 -0.362586 -0.364822 0.045354 0.122797 0.014561 0.047913 0.332381 0.021694 0.440159 -0.075640 -0.358946 0.289323 -0.153220 -0.112746 -0.368058
10 -0.228723 -0.500433 0.434555 -0.401039 -0.321866 0.062344 0.101214 0.008207 0.022804 0.333218 -0.007986 0.444964 -0.104031 -0.301361 0.290682 -0.183502 -0.112865 -0.320945
9 -0.240182 -0.496447 0.421882 -0.422464 -0.322868 0.033946 0.074246 0.031005 0.039725 0.336450 -0.036749 0.424755 -0.074199 -0.340872 0.291825 -0.222883 -0.130576 -0.292544
15 -0.251170 -0.482711 0.453570 -0.397487 -0.310155 0.056481 0.115913 0.002237 0.016457 0.316569 -0.013119 0.382570 -0.073785 -0.276258 0.294644 -0.226899 -0.118351 -0.352593
11 -0.263579 -0.541809 0.469178 -0.433449 -0.306685 0.027595 0.044324 0.050618 0.036180 0.308690 -0.066011 0.402995 -0.091689 -0.288815 0.354182 -0.278882 -0.128212 -0.300904
5 -0.217360 -0.496663 0.389580 -0.352443 -0.305940 0.020199 0.153022 -0.002610 0.041923 0.310665 0.035538 0.438901 -0.112345 -0.304809 0.290308 -0.220646 -0.117101 -0.394093
