18 18
4 -0.327020 -0.554723 0.216736 -0.331456 0.103858 0.026201 0.072717 0.242161 0.381174 -0.194343 0.162997 0.451374 -0.034687 -0.171700 0.228217 -0.408305 -0.072999 -0.271008
1 -0.377755 -0.637830 0.266497 -0.388496 0.084987 0.009898 0.106962 0.195862 0.399544 -0.153022 0.103330 0.446152 -0.051483 -0.159856 0.242079 -0.418203 -0.099409 -0.294625
2 -0.322387 -0.616317 0.228616 -0.371858 0.055156 0.053421 0.110994 0.179569 0.360650 -0.152431 0.110881 0.480655 -0.063201 -0.134000 0.273099 -0.416216 -0.127179 -0.258084
12 -0.422085 -0.608562 0.316825 -0.399080 -0.070275 -0.035880 0.084305 -0.103305 0.350999 0.080947 0.036194 0.458672 -0.129209 0.092221 0.368126 -0.276304 -0.317051 -0.392379
7 -0.342279 -0.630715 0.238272 -0.385224 0.039469 0.069113 0.116133 0.161327 0.415686 -0.140558 0.090554 0.483493 -0.078350 -0.146946 0.310730 -0.401651 -0.138682 -0.301342
11 -0.390207 -0.600986 0.284735 -0.356474 0.006309 -0.009794 0.079017 0.051139 0.391060 -0.049501 0.060028 0.449417 -0.112267 0.015235 0.343375 -0.355011 -0.214868 -0.347718
14 -0.350947 -0.581146 0.269424 -0.365346 0.046593 0.034852 0.077883 0.091793 0.348032 -0.068089 0.046949 0.445035 -0.091095 -0.073209 0.282719 -0.339828 -0.145672 -0.293034
13 -0.364820 -0.614228 0.300339 -0.408755 -0.000317 0.017023 0.115106 0.011484 0.378725 -0.013884 0.040422 0.426394 -0.088385 -0.056336 0.329348 -0.346635 -0.233947 -0.345779
8 -0.309389 -0.582880 0.222134 -0.314617 0.070598 0.063893 0.108370 0.228027 0.369718 -0.161190 0.121062 0.441851 -0.071475 -0.164044 0.250324 -0.409685 -0.056197 -0.242866
10 -0.328683 -0.601673 0.214326 -0.345198 0.087099 0.084686 0.118983 0.195283 0.398719 -0.185750 0.133514 0.470979 -0.084144 -0.134888 0.245034 -0.381645 -0.077791 -0.243073
3 -0.370814 -0.605668 0.255751 -0.354958 0.086964 0.037919 0.114656 0.193172 0.351697 -0.179085 0.137722 0.436714 -0.095094 -0.174393 0.246147 -0.428200 -0.072015 -0.291150
5 -0.335009 -0.582338 0.215633 -0.340343 0.053405 0.007619 0.119164 0.084171 0.383742 -0.106374 0.106671 0.443659 -0.096427 -0.068148 0.290453 -0.373619 -0.165701 -0.323174
17 -0.423245 -0.654237 0.322476 -0.387343 -0.051304 -0.008713 0.128232 0.024698 0.434341 0.020968 0.043259 0.517790 -0.101016 0.020960 0.341170 -0.326997 -0.246941 -0.404499
9 -0.360839 -0.589977 0.217557 -0.363881 0.076716 0.035834 0.090072 0.198046 0.400909 -0.157945 0.126047 0.471160 -0.059340 -0.168843 0.244559 -0.398960 -0.119904 -0.262028
0 -0.381413 -0.624823 0.274224 -0.402794 -0.011781 0.030980 0.090022 0.052662 0.373273 -0.055783 0.099519 0.453591 -0.090467 -0.037432 0.336435 -0.362343 -0.166460 -0.335990
16 -0.398405 -0.603177 0.313128 -0.387762 -0.036816 0.004142 0.132059 -0.029154 0.382932 0.020770 0.004146 0.468609 -0.131676 0.044910 0.373969 -0.340856 -0.286125 -0.404614
15 -0.377372 -0.582897 0.272342 -0.364334 0.042356 0.045500 0.110330 0.072156 0.351569 -0.089863 0.082964 0.419982 -0.080630 -0.063416 0.279804 -0.351549 -0.176151 -0.309782
6 -0.324954 -0.569589 0.236408 -0.318478 0.062244 0.035367 0.106374 0.173376 0.353513 -0.128131 0.119712 0.417510 -0.067232 -0.133475 0.261893 -0.367478 -0.126434 -0.292054
