18 18
5 -0.357233 -0.505555 0.048328 -0.273524 -0.073237 -0.090500 -0.007900 0.104625 0.395594 -0.059132 0.361378 0.551698 -0.026700 -0.080241 0.311611 -0.324982 -0.134036 -0.378713
9 -0.411020 -0.502329 0.077838 -0.278384 -0.095524 -0.106820 -0.037244 0.158570 0.412639 -0.043101 0.360698 0.562240 -0.006361 -0.107447 0.278198 -0.310872 -0.125586 -0.354117
15 -0.445293 -0.517847 0.148443 -0.268906 -0.096011 -0.113207 -0.032584 0.137722 0.342743 -0.039969 0.353328 0.497804 0.010992 -0.045698 0.238781 -0.282735 -0.129483 -0.351636
0 -0.390552 -0.499079 0.095393 -0.293143 -0.118319 -0.092741 -0.047771 0.129428 0.358721 -0.037956 0.372714 0.518551 0.008504 -0.081519 0.295714 -0.305109 -0.081860 -0.372952
8 -0.351028 -0.503870 0.078093 -0.260660 -0.121840 -0.068511 -0.010428 0.135420 0.379084 -0.019636 0.338711 0.558143 -0.034128 -0.085222 0.332035 -0.320124 -0.124769 -0.359718
17 -0.523236 -0.567611 0.236442 -0.210724 -0.135249 -0.262920 -0.053342 0.226997 0.350677 0.013570 0.351754 0.497389 0.041187 -0.004511 0.126706 -0.234310 -0.042224 -0.387786
6 -0.378183 -0.511591 0.088342 -0.244143 -0.094694 -0.092425 -0.020018 0.153045 0.373320 -0.034461 0.372891 0.552026 -0.020135 -0.086444 0.310465 -0.302023 -0.148405 -0.386945
7 -0.390487 -0.537933 0.071168 -0.304979 -0.131397 -0.091224 -0.030070 0.155368 0.432806 -0.049771 0.372399 0.591490 0.005880 -0.115124 0.326306 -0.316498 -0.116339 -0.399891
16 -0.367037 -0.477949 0.063378 -0.283234 -0.101430 -0.067704 -0.013015 0.113250 0.385094 -0.038532 0.350076 0.579009 -0.037876 -0.073303 0.351745 -0.331305 -0.178894 -0.389551
10 -0.384983 -0.533069 0.044556 -0.298977 -0.093321 -0.040045 -0.010557 0.122423 0.439707 -0.067244 0.406978 0.634155 -0.045370 -0.077236 0.359090 -0.325262 -0.166048 -0.386214
11 -0.558842 -0.603687 0.231566 -0.251103 -0.089484 -0.239912 -0.089736 0.237681 0.378835 -0.044621 0.356341 0.512092 0.009035 -0.023247 0.207643 -0.312522 -0.066734 -0.389964
1 -0.432343 -0.508937 0.144491 -0.284039 -0.067394 -0.142579 -0.050728 0.164705 0.372280 -0.045910 0.304469 0.475163 0.022117 -0.083786 0.234838 -0.308739 -0.067169 -0.354980
12 -0.415159 -0.519989 0.095751 -0.283393 -0.117144 -0.121158 -0.055779 0.115161 0.350278 -0.010022 0.386635 0.584816 -0.020464 -0.054307 0.291349 -0.279857 -0.172378 -0.356705
4 -0.392510 -0.461540 0.101504 -0.258796 -0.081244 -0.133521 -0.070089 0.167956 0.359078 -0.050582 0.367427 0.523946 0.027964 -0.075712 0.254749 -0.288054 -0.108931 -0.365343
14 -0.365753 -0.490079 0.092021 -0.302385 -0.082658 -0.065407 -0.045721 0.115639 0.369233 -0.029596 0.318837 0.553440 -0.019791 -0.090707 0.305390 -0.291319 -0.101179 -0.351552
3 -0.523841 -0.555007 0.233188 -0.241544 -0.098187 -0.208354 -0.044591 0.201411 0.322599 -0.029787 0.355555 0.471224 -0.010188 -0.063411 0.173337 -0.297181 -0.020331 -0.395408
2 -0.409508 -0.525927 0.123800 -0.267866 -0.108317 -0.137860 -0.040295 0.176499 0.334525 -0.031818 0.351738 0.550948 0.013969 -0.070111 0.248070 -0.305465 -0.135411 -0.345716
13 0.019096 0.002747 0.009678 -0.019404 -0.008210 -0.004883 0.008138 -0.018294 0.006568 0.019257 -0.015253 -0.018294 0.012156 -0.023377 0.007956 -0.002520 -0.021393 -0.009389
