18 18
3 -0.301731 -0.485845 0.510235 -0.230257 -0.117793 0.003160 0.282756 0.208431 0.113054 0.180123 -0.059523 0.271536 -0.105867 -0.308599 0.141576 -0.364764 0.093508 -0.449965
14 -0.296009 -0.525671 0.544278 -0.297208 -0.141720 0.025330 0.269698 0.201043 0.133420 0.222149 -0.104839 0.311518 -0.067061 -0.284101 0.172418 -0.351982 0.069723 -0.454353
10 -0.285453 -0.531513 0.503961 -0.278711 -0.148312 0.058352 0.323931 0.207931 0.204937 0.191068 -0.070193 0.338263 -0.086065 -0.250575 0.165601 -0.333190 0.065608 -0.432583
1 -0.294818 -0.511656 0.501890 -0.261976 -0.132044 -0.011878 0.270535 0.221911 0.166617 0.196619 -0.082861 0.289184 -0.051896 -0.276353 0.147973 -0.356989 0.075382 -0.436665
0 -0.280327 -0.510510 0.496765 -0.284739 -0.176374 0.023485 0.262722 0.203562 0.143270 0.208921 -0.054288 0.291915 -0.047863 -0.270351 0.190658 -0.365775 0.081242 -0.443830
2 -0.252627 -0.507817 0.514470 -0.256966 -0.174615 0.003636 0.305787 0.251787 0.114622 0.220803 -0.089767 0.317181 -0.037069 -0.312023 0.166935 -0.403026 0.059857 -0.464427
17 -0.262868 -0.487497 0.496602 -0.241135 -0.206242 0.001534 0.308682 0.228864 0.190988 0.241667 -0.066210 0.326164 -0.016972 -0.231300 0.160360 -0.329585 0.042448 -0.474593
13 -0.261442 -0.499872 0.515460 -0.280830 -0.154283 0.017325 0.300363 0.194654 0.169691 0.219871 -0.095332 0.283169 -0.054432 -0.300545 0.170201 -0.349078 0.041517 -0.448639
11 -0.334284 -0.560128 0.526379 -0.265761 -0.125075 0.017365 0.279513 0.225659 0.197357 0.171049 -0.067094 0.320817 -0.107661 -0.263254 0.197717 -0.374804 0.044169 -0.445765
12 -0.326441 -0.542224 0.499632 -0.271924 -0.137481 0.003239 0.260458 0.175513 0.135504 0.200270 -0.032344 0.320333 -0.104578 -0.275459 0.164625 -0.333520 0.041265 -0.422284
7 -0.251926 -0.488519 0.458884 -0.257468 -0.155657 0.038491 0.281973 0.206545 0.183525 0.176824 -0.080006 0.304442 -0.065411 -0.291797 0.179204 -0.333899 0.058633 -0.429349
4 -0.281691 -0.483974 0.500253 -0.242640 -0.129536 -0.007651 0.260258 0.246590 0.152828 0.184832 -0.045206 0.316362 -0.052957 -0.298946 0.163127 -0.377968 0.071829 -0.470858
6 -0.280354 -0.526229 0.517132 -0.202067 -0.153286 -0.006335 0.304951 0.261236 0.130633 0.217189 -0.041930 0.307719 -0.080152 -0.312063 0.186656 -0.394947 0.064862 -0.504727
15 -0.281219 -0.484136 0.486978 -0.281521 -0.148856 0.056221 0.287693 0.164810 0.158314 0.182837 -0.056022 0.282916 -0.045952 -0.238100 0.181235 -0.341378 0.021396 -0.435384
8 -0.270400 -0.518234 0.501896 -0.222415 -0.169827 0.008187 0.296391 0.224632 0.143311 0.225985 -0.073575 0.298601 -0.083337 -0.268555 0.194881 -0.387084 0.078461 -0.457639
9 -0.296767 -0.500909 0.473258 -0.277869 -0.148254 0.020388 0.273677 0.214858 0.190182 0.192507 -0.063606 0.321563 -0.059497 -0.296112 0.158634 -0.352835 0.042413 -0.415081
16 -0.276138 -0.484625 0.493347 -0.260908 -0.163978 0.019193 0.293926 0.196447 0.163897 0.203655 -0.081451 0.308214 -0.066709 -0.231985 0.194229 -0.359418 0.024772 -0.462400
5 -0.281350 -0.544258 0.470107 -0.244256 -0.109636 -0.004067 0.305231 0.194457 0.162198 0.173406 -0.039513 0.328548 -0.110681 -0.293189 0.188458 -0.404035 0.059154 -0.479305
