18 18
0 -0.266398 -0.552959 0.205577 -0.386329 -0.172492 -0.093261 0.064654 0.232541 0.382140 0.082150 0.032602 0.441352 0.000362 -0.248625 0.277967 -0.441276 -0.067685 -0.227041
1 -0.304545 -0.586545 0.239246 -0.406503 -0.141015 -0.150960 0.062291 0.264982 0.434778 0.088066 -0.008453 0.450621 0.019577 -0.280822 0.249589 -0.461236 -0.075462 -0.246549
13 -0.266286 -0.564102 0.229095 -0.402135 -0.163571 -0.127836 0.084356 0.242130 0.430200 0.103155 -0.002996 0.454114 0.011336 -0.281264 0.266620 -0.445967 -0.113802 -0.246642
8 -0.252350 -0.549253 0.216458 -0.348963 -0.157974 -0.107385 0.093534 0.237133 0.392620 0.105514 -0.005369 0.434167 -0.023163 -0.248405 0.265918 -0.437327 -0.068245 -0.227388
2 -0.231941 -0.526898 0.193726 -0.353893 -0.143734 -0.109904 0.085275 0.266870 0.367269 0.063209 0.010484 0.454295 0.013030 -0.266429 0.242967 -0.454411 -0.095756 -0.215810
5 -0.246666 -0.532141 0.156286 -0.352552 -0.107451 -0.124553 0.107245 0.207256 0.435367 0.053672 0.045228 0.444617 -0.013509 -0.267499 0.246756 -0.432709 -0.100493 -0.254010
16 -0.279254 -0.528980 0.228260 -0.374380 -0.157394 -0.119466 0.082454 0.212486 0.379945 0.101036 -0.019335 0.445489 -0.019426 -0.212533 0.270830 -0.427708 -0.106970 -0.247887
11 -0.272405 -0.523908 0.204271 -0.335516 -0.121220 -0.113477 0.039836 0.238236 0.375851 0.053012 -0.002598 0.415077 -0.020391 -0.197419 0.264076 -0.417667 -0.091619 -0.205578
15 -0.273514 -0.526333 0.208673 -0.369288 -0.119947 -0.085921 0.088832 0.216092 0.394411 0.052858 0.028421 0.424686 0.004661 -0.249162 0.250166 -0.430530 -0.103374 -0.235927
10 -0.265657 -0.553762 0.180648 -0.368622 -0.118436 -0.108383 0.101724 0.254240 0.471538 0.052603 0.036969 0.478537 -0.010464 -0.262772 0.232753 -0.420256 -0.082518 -0.225119
12 -0.298432 -0.563743 0.214229 -0.388182 -0.165766 -0.130161 0.050694 0.217403 0.378689 0.104470 0.030747 0.469771 -0.006785 -0.230052 0.249633 -0.409469 -0.110578 -0.213451
9 -0.259053 -0.501162 0.161991 -0.345253 -0.128752 -0.116941 0.071733 0.240310 0.415465 0.072801 0.022711 0.435602 0.005279 -0.278457 0.217093 -0.406265 -0.093802 -0.199799
7 -0.217559 -0.510186 0.166495 -0.351679 -0.157589 -0.082347 0.087662 0.240541 0.402175 0.056964 0.011592 0.417798 0.008737 -0.280933 0.258587 -0.405992 -0.068200 -0.229937
4 -0.262361 -0.505851 0.204435 -0.351199 -0.122887 -0.133791 0.051215 0.270927 0.402999 0.062184 0.037011 0.454063 0.018318 -0.262945 0.243250 -0.442788 -0.084651 -0.245688
14 -0.287643 -0.559649 0.241228 -0.397692 -0.126671 -0.106195 0.054638 0.227174 0.386272 0.094721 -0.022431 0.454927 -0.012116 -0.251909 0.254292 -0.418776 -0.075583 -0.223691
6 -0.243809 -0.539726 0.192154 -0.332148 -0.129327 -0.102230 0.107311 0.262018 0.415069 0.065791 0.046892 0.439667 -0.006004 -0.295810 0.265107 -0.438291 -0.093149 -0.268575
3 -0.288747 -0.520953 0.221525 -0.354993 -0.127584 -0.114586 0.089389 0.237592 0.368918 0.059331 0.031920 0.417368 -0.026619 -0.280125 0.224006 -0.435044 -0.058913 -0.238822
17 -0.262465 -0.513839 0.207391 -0.329860 -0.162856 -0.131291 0.078872 0.239196 0.393826 0.101017 0.017759 0.447500 0.010439 -0.212588 0.220458 -0.385347 -0.084562 -0.239721
