18 18
6 -0.297741 -0.426202 0.261779 -0.163682 0.070840 -0.025814 0.158615 0.071088 0.220140 -0.053283 0.426713 0.502309 -0.144035 -0.080044 0.323375 -0.344810 -0.369679 -0.527664
4 -0.290618 -0.392283 0.248640 -0.171372 0.078406 -0.066839 0.112646 0.084418 0.239737 -0.062050 0.436014 0.513039 -0.105991 -0.068750 0.285296 -0.324664 -0.331101 -0.509156
12 -0.309340 -0.470625 0.187093 -0.244214 0.017742 -0.200607 0.150122 0.026330 0.387615 0.009111 0.319980 0.612613 -0.125445 -0.026385 0.124565 -0.274588 -0.285649 -0.363985
1 -0.324447 -0.504982 0.211401 -0.261292 0.034520 -0.289298 0.173891 0.094326 0.519401 0.009912 0.272104 0.637204 -0.101680 -0.069271 0.066198 -0.325209 -0.234197 -0.387946
3 -0.313808 -0.440678 0.222658 -0.215909 0.038734 -0.202897 0.181786 0.072271 0.401740 -0.017093 0.325632 0.577579 -0.143635 -0.086212 0.121677 -0.334488 -0.243504 -0.430837
10 -0.298787 -0.491060 0.167422 -0.246221 0.040876 -0.223997 0.203320 0.058847 0.523252 -0.021946 0.303045 0.661495 -0.143279 -0.029652 0.083136 -0.313184 -0.252408 -0.365861
11 -0.329996 -0.501766 0.215964 -0.232025 0.043848 -0.245127 0.171024 0.097042 0.496014 -0.026718 0.326100 0.651702 -0.137061 -0.044366 0.150258 -0.366449 -0.291564 -0.434501
2 -0.260999 -0.451321 0.168089 -0.237096 0.016280 -0.223949 0.177025 0.080165 0.423498 -0.004017 0.259899 0.601787 -0.094365 -0.061264 0.079329 -0.310879 -0.243154 -0.332065
15 -0.312661 -0.428721 0.233275 -0.216076 0.061176 -0.069708 0.158117 0.031500 0.292139 -0.053397 0.365616 0.517508 -0.121030 -0.040207 0.239087 -0.333067 -0.332434 -0.447469
0 -0.307852 -0.432285 0.243606 -0.221721 0.039727 -0.051519 0.126190 0.049872 0.255359 -0.042429 0.412481 0.521776 -0.120137 -0.062191 0.290258 -0.325724 -0.317868 -0.474404
16 -0.284110 -0.386692 0.211331 -0.190155 0.045092 -0.098308 0.163616 0.041604 0.298588 -0.035418 0.319698 0.517712 -0.135476 -0.026907 0.232837 -0.342524 -0.326139 -0.447975
13 -0.276797 -0.464961 0.195989 -0.258465 0.013507 -0.243171 0.191165 0.044599 0.489154 0.020235 0.295026 0.615818 -0.107106 -0.067060 0.111800 -0.315820 -0.287351 -0.402333
5 -0.272486 -0.469675 0.145149 -0.234577 0.035189 -0.252429 0.205482 0.031281 0.495741 -0.008309 0.279511 0.618233 -0.134433 -0.041560 0.087578 -0.327757 -0.251013 -0.380245
8 -0.307489 -0.496045 0.217607 -0.242135 0.016747 -0.186960 0.178793 0.056575 0.415595 0.012031 0.297470 0.614033 -0.140764 -0.046494 0.157933 -0.329744 -0.264901 -0.395663
9 -0.297846 -0.445741 0.155065 -0.239747 0.024733 -0.223491 0.159752 0.078794 0.471942 -0.003671 0.277743 0.614423 -0.108645 -0.076401 0.077834 -0.309288 -0.250952 -0.320690
14 -0.306832 -0.443443 0.244304 -0.226804 0.066738 -0.117516 0.140401 0.050277 0.320314 -0.020654 0.327761 0.564329 -0.135009 -0.059028 0.210362 -0.332246 -0.294352 -0.448337
17 -0.282600 -0.434600 0.200229 -0.196285 0.007391 -0.196310 0.174214 0.079044 0.420859 0.012237 0.310785 0.588490 -0.099691 -0.037185 0.124154 -0.281525 -0.257497 -0.416915
7 0.025536 0.002637 -0.024458 -0.006487 -0.021911 0.018456 0.005430 0.006920 0.025711 -0.005710 -0.012468 0.004183 0.006040 -0.027377 0.019628 0.004891 0.006248 -0.002409
