18 18
0 -0.340948 -0.527362 0.286073 -0.413864 -0.068853 0.093017 0.149203 -0.008563 0.214180 0.017608 0.064785 0.308709 -0.150091 -0.172244 0.360763 -0.417777 -0.009335 -0.376316
15 -0.363229 -0.561893 0.348191 -0.418708 -0.085095 0.119650 0.200599 -0.035124 0.202098 0.054311 0.034058 0.324901 -0.176267 -0.177771 0.406121 -0.446615 -0.045781 -0.449773
1 -0.378151 -0.540912 0.319785 -0.455133 -0.027927 0.024232 0.138301 0.006652 0.225690 0.013921 0.050010 0.293582 -0.108084 -0.216290 0.306126 -0.444218 -0.013583 -0.400545
2 -0.334838 -0.540078 0.300088 -0.448472 -0.060596 0.064272 0.162196 0.009640 0.196387 0.018123 0.053443 0.348260 -0.125276 -0.219406 0.353502 -0.462714 -0.061949 -0.392115
16 -0.325993 -0.516198 0.289714 -0.353686 -0.080647 0.113753 0.187090 0.033312 0.260578 0.021269 -0.008188 0.340769 -0.206480 -0.132247 0.410421 -0.436633 -0.039467 -0.409311
5 -0.348693 -0.554042 0.258260 -0.407045 -0.022279 0.059709 0.183323 -0.011732 0.264879 -0.014365 0.075247 0.348481 -0.170658 -0.175586 0.359134 -0.460532 -0.056050 -0.403872
12 -0.374365 -0.537945 0.296724 -0.435791 -0.056067 0.055789 0.127674 -0.022155 0.195144 0.025682 0.081413 0.342652 -0.152921 -0.175357 0.345529 -0.419176 -0.059244 -0.369745
13 -0.327381 -0.520976 0.310102 -0.439585 -0.061227 0.055823 0.156503 -0.039496 0.203476 0.055930 0.037224 0.294869 -0.126408 -0.217848 0.351985 -0.413841 -0.058236 -0.403282
9 -0.354536 -0.525434 0.245063 -0.363071 -0.028656 0.102411 0.146446 0.055576 0.294211 -0.023443 0.042479 0.354028 -0.173238 -0.162359 0.338603 -0.411514 -0.041619 -0.319819
7 -0.280500 -0.511130 0.250692 -0.326679 -0.112387 0.123834 0.189363 0.049013 0.283527 0.031244 -0.009439 0.313972 -0.181423 -0.178484 0.391758 -0.392206 -0.002038 -0.382540
6 -0.319825 -0.525103 0.294502 -0.342754 -0.067786 0.091402 0.181702 0.030502 0.225693 0.036877 0.035122 0.306173 -0.173307 -0.181586 0.369144 -0.407618 -0.025242 -0.402892
3 -0.362179 -0.507533 0.320098 -0.384200 -0.046487 0.083772 0.173519 0.013168 0.198648 0.004466 0.050230 0.302133 -0.190623 -0.195507 0.347959 -0.456656 -0.005531 -0.417100
14 -0.358977 -0.550559 0.320159 -0.407221 -0.042128 0.096688 0.145138 0.004373 0.220978 0.031595 0.017210 0.351664 -0.184302 -0.169011 0.367966 -0.416731 -0.014891 -0.387340
8 -0.322290 -0.552072 0.291528 -0.344376 -0.086284 0.114326 0.193525 0.048869 0.271817 0.031561 0.004640 0.329708 -0.206140 -0.155676 0.395657 -0.438231 0.001915 -0.383610
10 -0.355190 -0.555298 0.245493 -0.361553 -0.010147 0.161704 0.170837 0.063020 0.337583 -0.070754 0.052161 0.390287 -0.224753 -0.098344 0.364572 -0.406145 -0.027809 -0.312416
17 -0.335818 -0.534842 0.291071 -0.337724 -0.095743 0.082095 0.194711 0.039822 0.285578 0.043433 0.031498 0.354663 -0.178577 -0.138843 0.366465 -0.400514 -0.020740 -0.420981
4 -0.386365 -0.554742 0.314292 -0.430186 -0.029202 0.057666 0.147562 0.044479 0.267124 -0.015430 0.095061 0.373833 -0.149484 -0.206892 0.373213 -0.491303 -0.035856 -0.443740
11 -0.375094 -0.556377 0.262622 -0.343221 -0.004937 0.119777 0.126130 0.095867 0.326730 -0.073354 0.025226 0.359430 -0.215601 -0.101952 0.383509 -0.435300 -0.034508 -0.318209
