18 18
8 -0.147615 -0.518445 0.219777 -0.299426 -0.129732 0.198156 0.261252 0.039446 0.340283 0.002687 -0.066847 0.295416 -0.201178 -0.149937 0.494416 -0.479143 -0.125593 -0.290854
2 -0.147282 -0.589638 0.257524 -0.351788 -0.133290 0.230017 0.262906 0.101610 0.352599 -0.030684 -0.087823 0.335952 -0.166582 -0.180002 0.542530 -0.537106 -0.147548 -0.312266
4 -0.226223 -0.552135 0.114547 -0.372585 -0.027445 0.095233 0.226875 -0.020720 0.450058 -0.046260 0.055660 0.431870 -0.204949 -0.199860 0.435053 -0.490054 -0.220458 -0.313261
13 -0.169957 -0.532665 0.171079 -0.352568 -0.080534 0.142001 0.245817 -0.006743 0.390572 -0.010120 -0.027592 0.339365 -0.185356 -0.195191 0.457814 -0.471525 -0.196483 -0.295187
11 -0.177888 -0.541809 0.262819 -0.310239 -0.102807 0.203762 0.228514 0.090896 0.361534 -0.044364 -0.091502 0.292141 -0.193246 -0.127083 0.538456 -0.506860 -0.135997 -0.322786
14 -0.198938 -0.615263 0.270390 -0.390582 -0.089228 0.221990 0.264525 0.027792 0.387165 -0.013886 -0.084742 0.370334 -0.223573 -0.178543 0.546794 -0.532192 -0.154287 -0.342888
7 -0.122781 -0.530103 0.243695 -0.332909 -0.155382 0.248915 0.268505 0.077364 0.369618 -0.020589 -0.117684 0.291833 -0.176067 -0.169610 0.543699 -0.481846 -0.111659 -0.324284
10 -0.125525 -0.530589 0.305079 -0.279472 -0.127533 0.279521 0.252410 0.154431 0.344231 -0.050063 -0.127155 0.244899 -0.166605 -0.103535 0.528366 -0.462233 -0.056463 -0.303936
16 -0.157698 -0.552933 0.313567 -0.343497 -0.150717 0.251581 0.292965 0.081405 0.350487 -0.008870 -0.141526 0.298091 -0.196119 -0.129800 0.581185 -0.531038 -0.145797 -0.372245
1 -0.190796 -0.546958 0.243602 -0.344806 -0.086034 0.164334 0.235222 0.064011 0.372240 -0.022579 -0.084531 0.304210 -0.164366 -0.161884 0.461619 -0.475717 -0.124196 -0.309460
5 -0.253981 -0.567645 -0.115620 -0.375906 0.064558 -0.018871 0.222697 -0.156565 0.526904 -0.079000 0.201778 0.546053 -0.263130 -0.229539 0.320962 -0.442957 -0.293944 -0.234135
12 -0.244174 -0.563850 0.033897 -0.381357 -0.038520 0.061450 0.209432 -0.091126 0.435716 -0.023215 0.110922 0.480979 -0.227478 -0.197876 0.391539 -0.430591 -0.259847 -0.251569
6 -0.140778 -0.530452 0.258507 -0.271580 -0.118990 0.223881 0.247714 0.117407 0.332106 -0.026649 -0.079759 0.266484 -0.171365 -0.155111 0.519268 -0.476463 -0.113284 -0.320955
0 -0.135264 -0.547038 0.343827 -0.320944 -0.176272 0.286135 0.227740 0.146009 0.294519 -0.018444 -0.136121 0.220216 -0.137042 -0.117423 0.575334 -0.500287 -0.050472 -0.325722
15 -0.196982 -0.536267 0.214372 -0.355785 -0.081501 0.200931 0.271801 -0.018595 0.369546 -0.028997 -0.032650 0.330528 -0.198259 -0.147206 0.487746 -0.484669 -0.191653 -0.322643
3 -0.177627 -0.510612 0.242185 -0.312410 -0.099862 0.198111 0.267350 0.042576 0.327992 -0.033099 -0.051855 0.284910 -0.217117 -0.179758 0.482176 -0.494935 -0.112803 -0.324083
9 -0.256872 -0.520187 -0.106089 -0.348543 0.040500 -0.013888 0.177320 -0.095819 0.500615 -0.063837 0.180672 0.517877 -0.221176 -0.248537 0.281048 -0.402203 -0.278051 -0.178540
17 -0.155593 -0.531715 0.259030 -0.297134 -0.146561 0.193671 0.254175 0.099781 0.367834 -0.001344 -0.080717 0.311627 -0.155304 -0.129550 0.495840 -0.460443 -0.121536 -0.335719
