18 18
0 -0.333511 -0.502364 0.430668 -0.432511 -0.006137 0.116427 0.219357 0.149823 0.025151 -0.112673 -0.052696 0.241389 0.033209 -0.265403 0.246084 -0.538160 -0.160006 -0.358178
3 -0.340807 -0.503383 0.451040 -0.407315 0.016567 0.140040 0.274743 0.153534 0.010506 -0.116705 -0.077658 0.224436 -0.002872 -0.321151 0.225316 -0.549858 -0.160314 -0.367812
6 -0.137892 -0.499715 0.305761 -0.251715 -0.023109 0.284446 0.371822 0.217683 0.046219 -0.033566 -0.131688 0.209886 -0.030501 -0.447962 0.321225 -0.493518 -0.195540 -0.306607
10 -0.307176 -0.519979 0.413089 -0.415479 0.037909 0.176744 0.282024 0.157310 0.076915 -0.133098 -0.109160 0.251638 -0.001559 -0.302551 0.230525 -0.517316 -0.182518 -0.318472
2 -0.284595 -0.486598 0.393918 -0.418315 0.015533 0.125176 0.257541 0.156885 0.009107 -0.119490 -0.105289 0.253312 0.041868 -0.293455 0.195321 -0.532261 -0.183155 -0.299170
1 -0.294117 -0.485069 0.392396 -0.382128 0.025275 0.103380 0.236561 0.179634 0.066918 -0.094554 -0.119397 0.213535 0.042701 -0.306491 0.188209 -0.491397 -0.147356 -0.306696
11 -0.363626 -0.484804 0.434580 -0.411432 0.051290 0.059075 0.177770 0.148514 0.058680 -0.149405 -0.091456 0.220359 0.016607 -0.219517 0.212491 -0.518051 -0.181236 -0.329046
5 -0.251596 -0.516009 0.346534 -0.360948 0.021935 0.173071 0.312138 0.134521 0.067665 -0.105288 -0.077363 0.248223 -0.018572 -0.320996 0.269269 -0.532671 -0.193728 -0.342177
4 -0.293793 -0.478130 0.399663 -0.376686 0.031046 0.123747 0.244793 0.193144 0.050315 -0.123911 -0.069056 0.250136 0.033841 -0.311924 0.232098 -0.536662 -0.178500 -0.354667
15 -0.284770 -0.478275 0.388156 -0.386867 0.017633 0.199233 0.280662 0.106852 0.037336 -0.096194 -0.096032 0.205952 0.007770 -0.291135 0.234308 -0.486828 -0.191174 -0.306522
16 -0.295534 -0.454812 0.396754 -0.397086 0.015044 0.114661 0.252245 0.137117 0.034301 -0.108271 -0.113786 0.239063 0.018953 -0.248653 0.219105 -0.516583 -0.189437 -0.336907
7 -0.210388 -0.525258 0.347742 -0.364230 -0.024636 0.254909 0.338976 0.179317 0.083786 -0.079218 -0.141234 0.234401 -0.001822 -0.416263 0.303372 -0.514811 -0.192035 -0.322602
17 -0.370708 -0.510886 0.466760 -0.441825 -0.000546 0.076052 0.241083 0.163671 0.057167 -0.112495 -0.075603 0.283179 0.060840 -0.235162 0.187322 -0.524480 -0.182033 -0.382741
12 -0.371402 -0.518059 0.441145 -0.447060 0.008719 0.099124 0.209971 0.118161 0.030241 -0.099919 -0.059665 0.267371 0.022216 -0.253117 0.215093 -0.496440 -0.209903 -0.332938
14 -0.295048 -0.510759 0.424396 -0.413385 0.024035 0.169030 0.259960 0.149184 0.026826 -0.086283 -0.138841 0.246403 0.009558 -0.315880 0.234483 -0.508949 -0.167232 -0.326795
9 -0.213604 -0.495628 0.320476 -0.335335 -0.008930 0.245772 0.330048 0.180607 0.064936 -0.063846 -0.114908 0.246574 -0.014509 -0.409261 0.272183 -0.512921 -0.196935 -0.280076
13 -0.318361 -0.490743 0.442445 -0.436564 0.013819 0.106510 0.233407 0.125775 0.054717 -0.093677 -0.104781 0.212453 0.035508 -0.290565 0.228351 -0.512300 -0.203642 -0.346324
8 -0.192479 -0.516174 0.347284 -0.312296 -0.028454 0.250265 0.347981 0.174553 0.041926 -0.037466 -0.133709 0.219248 -0.031317 -0.382580 0.299273 -0.517952 -0.173109 -0.295026
