18 18
1 -0.423942 -0.576567 0.330031 -0.227471 -0.168161 -0.092292 0.206478 0.119062 0.396563 0.103604 0.223123 0.469498 -0.143215 0.014438 0.283955 -0.334158 -0.017613 -0.527156
15 -0.406147 -0.546153 0.331661 -0.215715 -0.167038 -0.025632 0.217020 0.076473 0.339209 0.102707 0.245632 0.453444 -0.154654 0.022837 0.298715 -0.305903 -0.025027 -0.529188
8 -0.343183 -0.543442 0.321189 -0.143988 -0.187254 -0.046206 0.243366 0.115878 0.287417 0.141795 0.203421 0.440061 -0.191933 0.012155 0.274686 -0.301107 0.039730 -0.496443
9 -0.365136 -0.501935 0.260715 -0.197227 -0.179086 -0.053969 0.191659 0.111802 0.369793 0.099656 0.232684 0.467756 -0.140842 -0.008932 0.266365 -0.283883 -0.032091 -0.464585
0 -0.351267 -0.529921 0.316569 -0.182636 -0.197988 -0.029504 0.210152 0.094834 0.279862 0.124892 0.234079 0.429695 -0.164062 0.007498 0.300859 -0.293995 0.035183 -0.519390
7 -0.324713 -0.504481 0.263905 -0.187302 -0.205291 -0.033084 0.201804 0.105479 0.337846 0.106677 0.207316 0.427821 -0.141276 -0.025168 0.294024 -0.281037 0.009551 -0.478829
4 -0.378839 -0.508139 0.289828 -0.192376 -0.166845 -0.076591 0.179765 0.131666 0.375766 0.091490 0.265796 0.479833 -0.131852 -0.000312 0.278258 -0.303164 -0.018899 -0.516009
3 -0.383505 -0.529689 0.362100 -0.145597 -0.185804 -0.044427 0.254831 0.121796 0.265814 0.127956 0.226490 0.427279 -0.210306 -0.016545 0.266411 -0.306868 0.059782 -0.552139
6 -0.312760 -0.520711 0.329488 -0.098087 -0.181969 -0.020206 0.261116 0.134676 0.244333 0.150102 0.215430 0.423041 -0.197382 -0.027190 0.275006 -0.263608 0.047783 -0.534474
2 -0.351188 -0.563979 0.318429 -0.169499 -0.190319 -0.050288 0.259599 0.127057 0.298953 0.118832 0.223158 0.479385 -0.175700 0.000831 0.281281 -0.326543 0.005199 -0.520273
5 -0.334181 -0.544393 0.278797 -0.145137 -0.147442 -0.051720 0.258040 0.080032 0.300810 0.103732 0.234528 0.449230 -0.198884 0.010376 0.275106 -0.303296 0.008694 -0.516584
12 -0.388969 -0.516159 0.247357 -0.230575 -0.183864 -0.077332 0.158307 0.061311 0.363982 0.095628 0.274562 0.474779 -0.126583 0.035487 0.264506 -0.263314 -0.073304 -0.437786
16 -0.381711 -0.497179 0.304064 -0.193260 -0.177818 -0.077348 0.202062 0.094434 0.349285 0.094558 0.186575 0.442679 -0.158749 0.064147 0.305585 -0.321832 -0.055119 -0.516352
13 -0.364767 -0.510514 0.305221 -0.227819 -0.189683 -0.065064 0.191532 0.084927 0.365669 0.119583 0.213031 0.435043 -0.128071 -0.007398 0.293253 -0.296946 -0.047789 -0.501201
17 -0.334423 -0.500424 0.331375 -0.115540 -0.207676 -0.063105 0.242318 0.128278 0.281895 0.158347 0.201207 0.437409 -0.164528 0.020999 0.251976 -0.254955 0.038423 -0.541962
11 -0.405270 -0.552800 0.322516 -0.185177 -0.163304 -0.075307 0.185749 0.117684 0.361013 0.080983 0.208231 0.454543 -0.177922 0.059995 0.320147 -0.330619 -0.031311 -0.514027
14 -0.330640 -0.534287 0.362771 -0.126556 -0.160175 -0.016935 0.243282 0.109153 0.210510 0.161530 0.173853 0.442237 -0.216363 0.004082 0.260832 -0.253744 0.074018 -0.526904
10 -0.356675 -0.532667 0.271711 -0.180140 -0.165958 -0.029728 0.231476 0.091140 0.371604 0.086990 0.257696 0.483648 -0.175747 0.053518 0.259333 -0.259293 -0.007604 -0.471128
