18 18
16 -0.010199 -0.317879 0.451628 -0.467282 0.174579 0.090707 0.134250 0.084208 0.177692 0.074325 -0.184442 0.346545 0.030301 -0.477299 0.283917 -0.368869 -0.166411 -0.528050
13 0.024043 -0.300063 0.448412 -0.478463 0.184561 0.082579 0.106252 0.082480 0.181381 0.089451 -0.165958 0.321013 0.071054 -0.530888 0.252464 -0.332819 -0.155225 -0.504734
10 0.019336 -0.347347 0.439273 -0.499555 0.221325 0.137785 0.150163 0.087457 0.213673 0.031629 -0.150956 0.363188 0.016043 -0.516251 0.265508 -0.352454 -0.134171 -0.494798
14 0.000551 -0.304260 0.445911 -0.468844 0.209816 0.089839 0.078150 0.082305 0.158538 0.077121 -0.168282 0.338211 0.053748 -0.503306 0.243893 -0.312241 -0.123198 -0.500648
1 -0.037070 -0.353089 0.465927 -0.477311 0.189573 0.065225 0.113107 0.109370 0.192807 0.063537 -0.175626 0.316576 0.051677 -0.497763 0.250094 -0.376863 -0.129036 -0.497382
11 -0.032560 -0.350567 0.426836 -0.441997 0.181129 0.083661 0.104838 0.092184 0.181880 0.031933 -0.171740 0.313697 -0.000954 -0.443799 0.301862 -0.395793 -0.154094 -0.471795
6 0.015031 -0.331945 0.467752 -0.462752 0.210878 0.103642 0.124227 0.120524 0.177536 0.068232 -0.148972 0.339484 0.045370 -0.546710 0.276155 -0.356682 -0.146762 -0.533909
8 -0.011596 -0.377242 0.437885 -0.445739 0.135164 0.122980 0.159392 0.073733 0.156357 0.069821 -0.186096 0.296423 -0.025939 -0.446466 0.310255 -0.406924 -0.125299 -0.442579
15 -0.042555 -0.369388 0.465582 -0.471288 0.166401 0.129239 0.156480 0.051036 0.158375 0.050500 -0.159538 0.298752 0.003468 -0.442621 0.294280 -0.390935 -0.161231 -0.478737
7 0.054099 -0.339249 0.373570 -0.482464 0.170584 0.129314 0.147954 0.074326 0.222455 0.029722 -0.175449 0.337108 0.024608 -0.519846 0.305769 -0.363613 -0.149329 -0.488005
17 -0.014738 -0.346263 0.476575 -0.453834 0.159111 0.063626 0.138037 0.114432 0.214958 0.103470 -0.149268 0.377960 0.067208 -0.483361 0.241896 -0.331647 -0.148319 -0.545305
9 -0.019546 -0.325934 0.420523 -0.477634 0.176497 0.084761 0.107380 0.111827 0.207400 0.063544 -0.152380 0.359499 0.053369 -0.541477 0.255592 -0.378336 -0.150531 -0.482220
3 -0.030290 -0.352702 0.460724 -0.468838 0.185487 0.109432 0.156622 0.068871 0.143538 0.038991 -0.162626 0.289916 -0.020887 -0.503172 0.278981 -0.403754 -0.118519 -0.497997
2 0.025949 -0.348113 0.410842 -0.463298 0.160996 0.108302 0.150143 0.079360 0.144690 0.052303 -0.180752 0.324890 0.023107 -0.475547 0.279752 -0.388294 -0.158298 -0.454860
0 -0.004586 -0.315343 0.422987 -0.464485 0.154037 0.101573 0.095603 0.083321 0.158593 0.065354 -0.128140 0.307364 0.049739 -0.481434 0.272880 -0.347636 -0.113256 -0.477257
5 0.039397 -0.341050 0.361380 -0.462178 0.215954 0.092752 0.146841 0.053157 0.217493 0.023307 -0.134794 0.350691 0.019201 -0.500474 0.287257 -0.377738 -0.163984 -0.511616
4 0.012418 -0.273696 0.468027 -0.476932 0.224724 0.065535 0.063817 0.142273 0.176977 0.066957 -0.130241 0.356610 0.099805 -0.574901 0.242659 -0.351145 -0.129367 -0.551050
12 -0.026600 -0.022358 0.002765 -0.019307 -0.014582 -0.010130 -0.018079 -0.025837 -0.017080 0.018496 0.026502 0.027636 -0.006702 0.013838 0.001462 0.019107 -0.024921 0.008452
