18 18
1 -0.338083 -0.505554 0.240300 -0.234265 0.049479 -0.000879 0.027526 0.237439 0.247216 -0.075227 0.178989 0.627025 -0.283858 -0.080478 0.300633 -0.391497 0.030002 -0.290514
10 -0.304497 -0.496251 0.217829 -0.209500 0.074839 0.069231 0.034900 0.212650 0.219925 -0.096269 0.197684 0.660544 -0.355192 -0.030508 0.305475 -0.338107 0.019611 -0.230292
16 -0.332530 -0.478034 0.258377 -0.208349 0.048372 -0.006145 0.056347 0.216879 0.213758 -0.060597 0.174005 0.652874 -0.339111 -0.056649 0.340070 -0.416705 -0.032081 -0.340661
4 -0.311175 -0.435000 0.237464 -0.178667 0.075331 -0.012384 0.011492 0.249879 0.198829 -0.093890 0.219695 0.614482 -0.300960 -0.086772 0.297183 -0.392637 0.007406 -0.304993
3 -0.339632 -0.467961 0.262310 -0.195998 0.063439 0.011997 0.038897 0.250092 0.178352 -0.101655 0.209119 0.569657 -0.317997 -0.119517 0.271780 -0.400474 0.057674 -0.277535
0 -0.330668 -0.518081 0.240180 -0.252773 0.028189 0.053098 0.021910 0.217426 0.208404 -0.080946 0.218790 0.630166 -0.314482 -0.075634 0.334350 -0.389746 0.037805 -0.265139
6 -0.300344 -0.466947 0.248361 -0.161718 0.070637 0.013448 0.044928 0.242843 0.184194 -0.072395 0.192556 0.583623 -0.320437 -0.096283 0.308491 -0.376244 -0.008436 -0.294819
11 -0.336825 -0.506556 0.253373 -0.204858 0.075759 0.017871 0.006956 0.243051 0.213102 -0.094855 0.173902 0.635091 -0.340816 -0.052336 0.335656 -0.394225 0.005788 -0.275608
8 -0.313847 -0.506711 0.253201 -0.211179 0.040780 0.035274 0.037766 0.220216 0.201811 -0.055280 0.175017 0.614415 -0.328373 -0.068946 0.319165 -0.383046 0.025588 -0.260982
17 -0.315519 -0.506530 0.228072 -0.203045 0.009990 0.009101 0.053104 0.248630 0.271766 -0.049585 0.197509 0.671377 -0.291197 -0.056914 0.301576 -0.358108 0.027555 -0.303463
12 -0.346124 -0.505724 0.252493 -0.223881 0.045924 0.010202 0.012567 0.201891 0.179490 -0.056621 0.215760 0.643847 -0.331077 -0.062515 0.305732 -0.357208 -0.013981 -0.270022
14 -0.306932 -0.486970 0.238825 -0.234150 0.067072 0.058219 0.003739 0.177850 0.179864 -0.050635 0.145512 0.644675 -0.335542 -0.035340 0.308519 -0.319581 0.025427 -0.239843
13 -0.331950 -0.503210 0.289307 -0.238671 0.065227 -0.007456 0.036518 0.221298 0.198753 -0.056617 0.190666 0.630699 -0.333523 -0.114677 0.323992 -0.413785 -0.023713 -0.311551
5 -0.282824 -0.469264 0.187013 -0.196686 0.064320 0.010231 0.058148 0.177752 0.226329 -0.079342 0.192962 0.634092 -0.327663 -0.058624 0.320861 -0.384046 -0.016774 -0.299068
15 -0.342190 -0.509624 0.254284 -0.242827 0.062234 0.060751 0.039485 0.182245 0.210372 -0.081187 0.193264 0.643188 -0.325460 -0.039391 0.330484 -0.374485 -0.016175 -0.284691
2 -0.293022 -0.475818 0.229471 -0.214354 0.044245 0.012235 0.036745 0.242900 0.179572 -0.077712 0.181314 0.626267 -0.288093 -0.098441 0.296469 -0.399168 0.000590 -0.263576
7 -0.293812 -0.487563 0.206271 -0.225258 0.022489 0.044564 0.037302 0.235415 0.253598 -0.082568 0.177831 0.637222 -0.300172 -0.095404 0.330389 -0.369869 0.026050 -0.276586
9 -0.325653 -0.477507 0.214955 -0.223001 0.046033 0.014731 0.023618 0.232586 0.233364 -0.071057 0.189118 0.637614 -0.301897 -0.097083 0.298755 -0.380467 -0.003925 -0.256563
