18 18
7 -0.192246 -0.581336 0.187737 -0.282973 -0.129893 -0.008840 0.381604 0.114083 0.399205 -0.021472 0.050221 0.207288 -0.091335 -0.448120 0.213522 -0.451044 0.072923 -0.433302
1 -0.255168 -0.582250 0.233200 -0.281901 -0.099095 -0.061089 0.339902 0.133228 0.376229 -0.002554 0.055925 0.215936 -0.076392 -0.392771 0.150818 -0.430099 0.071655 -0.389637
9 -0.267917 -0.593063 0.209510 -0.282417 -0.119775 -0.051456 0.362044 0.145482 0.404198 -0.002038 0.091572 0.267116 -0.095067 -0.429264 0.155815 -0.445668 0.046726 -0.392248
2 -0.189416 -0.566315 0.201862 -0.273209 -0.111501 -0.031577 0.373205 0.120838 0.337057 -0.012076 0.049900 0.218289 -0.079157 -0.421003 0.176436 -0.453531 0.045210 -0.395895
5 -0.188350 -0.611825 0.178938 -0.285960 -0.089561 -0.026414 0.406888 0.075485 0.404274 -0.035429 0.061586 0.208794 -0.109918 -0.424269 0.224893 -0.488093 0.060511 -0.464696
3 -0.259231 -0.572039 0.238224 -0.267528 -0.098132 -0.039744 0.376286 0.118354 0.346551 -0.022116 0.087170 0.197261 -0.120779 -0.424822 0.158541 -0.456367 0.093887 -0.419735
0 -0.242890 -0.608715 0.222565 -0.301858 -0.134392 -0.016946 0.362234 0.112142 0.375717 -0.003967 0.092212 0.233861 -0.094418 -0.404400 0.200903 -0.455426 0.080596 -0.408862
8 -0.227866 -0.613986 0.232497 -0.274027 -0.133747 -0.029221 0.383507 0.125249 0.383618 0.015883 0.052106 0.226017 -0.108372 -0.414622 0.202679 -0.463607 0.071021 -0.408862
12 -0.293310 -0.617026 0.242115 -0.296172 -0.131366 -0.059256 0.353666 0.111777 0.363649 0.016711 0.116460 0.271656 -0.110774 -0.393978 0.163507 -0.425279 0.040549 -0.394258
13 -0.180357 -0.580448 0.220736 -0.299527 -0.129437 -0.030038 0.381961 0.091868 0.389625 0.015920 0.023622 0.182145 -0.076898 -0.461162 0.217368 -0.456530 0.042831 -0.445914
15 -0.239548 -0.622399 0.233920 -0.313622 -0.107085 0.003419 0.406070 0.084654 0.396547 -0.022510 0.064606 0.212135 -0.097947 -0.434509 0.216998 -0.486323 0.049932 -0.456286
10 -0.254333 -0.588616 0.209558 -0.264900 -0.099292 -0.017985 0.367315 0.123823 0.389883 -0.020957 0.102852 0.263070 -0.119806 -0.373914 0.151817 -0.412025 0.071028 -0.370813
17 -0.245459 -0.582617 0.226664 -0.251496 -0.138379 -0.059667 0.368009 0.138480 0.390887 0.021023 0.083909 0.260179 -0.079406 -0.375272 0.148333 -0.401862 0.056260 -0.414642
11 -0.275637 -0.594561 0.228985 -0.259861 -0.092168 -0.045520 0.331780 0.144314 0.383778 -0.033026 0.083467 0.244456 -0.117227 -0.365963 0.186643 -0.441875 0.054331 -0.392780
14 -0.213420 -0.603987 0.234976 -0.303432 -0.096864 -0.009348 0.364622 0.091870 0.362598 0.002011 0.022477 0.213074 -0.103413 -0.431997 0.207729 -0.450416 0.081088 -0.437828
6 -0.213894 -0.607124 0.226872 -0.265067 -0.108771 -0.019641 0.397543 0.125113 0.381078 -0.007114 0.066112 0.208079 -0.103442 -0.443821 0.212265 -0.462694 0.056868 -0.455459
16 -0.003066 0.009981 0.006043 0.000869 -0.007381 -0.001770 0.017455 -0.006904 0.000948 0.004908 -0.016488 0.011175 -0.012361 0.022003 0.021550 -0.015661 -0.025305 -0.027720
4 -0.000863 0.026536 0.000487 0.011658 0.016931 -0.018308 -0.024615 0.027506 0.003913 -0.015616 0.024595 0.006644 0.019102 -0.007194 -0.007301 -0.006238 0.005807 -0.017039
