18 18
0 -0.311232 -0.511905 0.214532 -0.266828 -0.104921 0.024285 0.019759 0.119833 0.221444 -0.010634 0.466010 0.373880 -0.127045 -0.255048 0.374566 -0.309094 0.017719 -0.449392
12 -0.302646 -0.490249 0.186995 -0.235962 -0.093468 0.011816 0.020355 0.068737 0.186308 0.005898 0.430250 0.358037 -0.138468 -0.206987 0.337992 -0.256328 -0.034864 -0.393556
3 -0.314986 -0.469900 0.232724 -0.218283 -0.073060 0.007601 0.041713 0.128974 0.190716 -0.019863 0.432279 0.327602 -0.152040 -0.277191 0.323837 -0.300229 0.033984 -0.448693
14 -0.305194 -0.498677 0.247684 -0.247791 -0.063345 0.024188 0.025916 0.103441 0.187485 0.008188 0.393738 0.352759 -0.150505 -0.257946 0.339794 -0.278980 0.023433 -0.439404
2 -0.259709 -0.470538 0.194569 -0.217232 -0.084141 0.008803 0.045518 0.131090 0.181662 -0.010840 0.394462 0.349755 -0.116164 -0.255465 0.326136 -0.296123 -0.017813 -0.403794
6 -0.308109 -0.517790 0.235017 -0.221236 -0.086017 0.022302 0.047921 0.138164 0.225825 -0.000479 0.447820 0.363482 -0.147042 -0.263293 0.368163 -0.293080 0.002315 -0.469056
11 -0.316297 -0.502861 0.218253 -0.221596 -0.066871 0.003027 0.018406 0.126536 0.228592 -0.027078 0.413302 0.350662 -0.149954 -0.222578 0.368768 -0.311487 -0.009325 -0.436032
1 -0.318902 -0.510019 0.238947 -0.254196 -0.075960 -0.007042 0.035817 0.126703 0.235162 -0.000339 0.393697 0.345082 -0.123484 -0.243484 0.323117 -0.295470 0.023715 -0.430316
17 -0.325295 -0.529414 0.231975 -0.239463 -0.119048 -0.001457 0.054502 0.143669 0.272781 0.011399 0.474832 0.416391 -0.129126 -0.250519 0.358667 -0.292874 0.010213 -0.500735
5 -0.282541 -0.497630 0.170900 -0.224171 -0.058406 0.006834 0.056592 0.084310 0.228672 -0.028238 0.431278 0.357290 -0.152574 -0.236141 0.352426 -0.308029 -0.015072 -0.435684
9 -0.340612 -0.531370 0.216596 -0.265940 -0.098203 0.011465 0.027560 0.156490 0.271641 -0.007434 0.461656 0.408203 -0.135089 -0.294886 0.361114 -0.317814 0.005915 -0.448737
4 -0.334443 -0.511254 0.236047 -0.248623 -0.079168 -0.010507 0.005329 0.167359 0.252782 -0.017898 0.491823 0.401718 -0.118499 -0.284723 0.366329 -0.318765 0.013941 -0.494630
8 -0.312152 -0.538852 0.233299 -0.239601 -0.109315 0.025511 0.049237 0.126716 0.228416 0.010602 0.431259 0.369430 -0.159822 -0.253489 0.383526 -0.322291 0.024035 -0.446631
10 -0.341025 -0.572262 0.242030 -0.273317 -0.091743 0.044812 0.061756 0.137945 0.284669 -0.020642 0.501195 0.430296 -0.173541 -0.268545 0.385926 -0.309336 0.024257 -0.486828
7 -0.270409 -0.490354 0.190996 -0.241911 -0.105436 0.032059 0.039518 0.134454 0.247785 -0.011325 0.406375 0.356466 -0.126779 -0.288030 0.357026 -0.281477 0.024259 -0.429272
13 -0.291224 -0.498751 0.229981 -0.255863 -0.093029 0.009192 0.046228 0.097003 0.228514 0.016182 0.421132 0.345026 -0.129832 -0.272611 0.358738 -0.295455 -0.012191 -0.458505
16 -0.323806 -0.512258 0.228616 -0.256493 -0.103713 0.011182 0.050471 0.117434 0.241727 -0.001216 0.438376 0.397958 -0.150922 -0.233066 0.393852 -0.326011 -0.025213 -0.489112
15 -0.336276 -0.543985 0.237595 -0.270674 -0.086870 0.051153 0.060342 0.086206 0.234540 -0.018456 0.459622 0.372055 -0.149505 -0.239793 0.387813 -0.318381 -0.022250 -0.468297
