18 18
6 -0.183205 -0.380927 0.295458 -0.243573 -0.017412 -0.172910 -0.007304 0.197974 0.190692 0.046418 0.027862 0.433555 -0.078364 -0.212072 0.389037 -0.362198 -0.403332 -0.430169
7 -0.172336 -0.387422 0.283340 -0.271940 -0.058575 -0.159391 0.013148 0.207233 0.228402 0.053368 -0.002321 0.466013 -0.071576 -0.249299 0.398060 -0.373766 -0.379410 -0.442669
16 -0.212571 -0.385648 0.326548 -0.280700 -0.040262 -0.191342 0.009937 0.184965 0.196447 0.064342 -0.003150 0.474689 -0.093931 -0.195709 0.414518 -0.403954 -0.431497 -0.475583
13 -0.171081 -0.381301 0.305487 -0.293329 -0.020764 -0.202535 -0.024042 0.176039 0.206793 0.055686 0.012001 0.438297 -0.052241 -0.224274 0.394801 -0.379467 -0.439966 -0.433220
3 -0.220976 -0.379377 0.330813 -0.265027 -0.020950 -0.186277 0.011740 0.187883 0.173516 0.042884 0.024841 0.434605 -0.106007 -0.238394 0.376303 -0.395756 -0.373529 -0.466057
10 -0.209514 -0.414117 0.313671 -0.291243 -0.002678 -0.179436 -0.012609 0.200110 0.238988 0.022851 0.038082 0.499151 -0.096545 -0.198488 0.405319 -0.379608 -0.417914 -0.451369
4 -0.190761 -0.364648 0.304715 -0.269445 0.004661 -0.217373 -0.056400 0.223722 0.207461 0.024964 0.048230 0.460477 -0.045858 -0.221970 0.389498 -0.390611 -0.416319 -0.451137
0 -0.213616 -0.414128 0.310116 -0.303134 -0.042472 -0.166527 -0.019168 0.178687 0.200820 0.048505 0.046285 0.466733 -0.084323 -0.212040 0.424342 -0.392317 -0.383625 -0.457870
11 -0.198132 -0.383114 0.295451 -0.258816 0.007548 -0.208963 -0.057375 0.208469 0.206897 0.013080 0.014292 0.436583 -0.072466 -0.181654 0.404488 -0.395597 -0.427898 -0.409424
9 -0.191994 -0.386932 0.253731 -0.262617 -0.014548 -0.178539 -0.006916 0.216618 0.253181 0.032147 0.036774 0.488053 -0.073878 -0.238043 0.377383 -0.382017 -0.412281 -0.405875
12 -0.204241 -0.385867 0.287361 -0.287543 -0.018316 -0.202976 -0.058706 0.153423 0.165325 0.049394 0.051391 0.451926 -0.063545 -0.178397 0.372568 -0.343391 -0.427372 -0.393072
5 -0.183800 -0.411104 0.270292 -0.275344 0.014529 -0.209202 -0.004921 0.174794 0.231563 0.012807 0.048661 0.483717 -0.087452 -0.202932 0.409196 -0.408382 -0.435828 -0.460574
2 -0.169458 -0.397357 0.292706 -0.283987 -0.007855 -0.206725 -0.026692 0.227256 0.194023 0.025199 0.018865 0.486854 -0.046071 -0.225797 0.389420 -0.413804 -0.446969 -0.413646
1 -0.225431 -0.417072 0.333427 -0.288255 -0.017912 -0.208379 -0.010227 0.223048 0.231620 0.053734 0.000056 0.451963 -0.057196 -0.233081 0.374073 -0.401679 -0.370214 -0.456266
14 -0.235731 -0.446011 0.367683 -0.326471 -0.016042 -0.187956 -0.022684 0.193554 0.202599 0.069514 -0.009819 0.511956 -0.100810 -0.227737 0.432680 -0.404275 -0.413803 -0.492551
17 -0.214054 -0.414381 0.319114 -0.261371 -0.047693 -0.203034 0.004538 0.217095 0.240990 0.069670 0.037341 0.502603 -0.069803 -0.205806 0.388360 -0.369742 -0.402148 -0.482869
8 -0.180721 -0.412692 0.304141 -0.258321 -0.049052 -0.162865 0.014984 0.207804 0.215387 0.070598 0.004510 0.456000 -0.091151 -0.224280 0.410335 -0.396356 -0.371664 -0.432944
15 -0.025404 -0.016269 0.019351 -0.021953 0.006735 0.026510 0.013636 -0.025312 0.000633 -0.010033 0.011049 -0.002501 0.001724 0.010837 0.011554 -0.010070 -0.020449 -0.014280
