18 18
0 -0.170847 -0.483343 0.238921 -0.484789 -0.060202 0.307552 0.272275 0.062743 0.264388 -0.095937 0.275809 0.486650 -0.011905 -0.225374 0.273677 -0.339395 -0.284443 -0.236953
12 -0.179494 -0.481876 0.293346 -0.513905 -0.061956 0.237418 0.218766 -0.014924 0.158751 -0.024166 0.231847 0.439932 0.006452 -0.256825 0.261528 -0.296481 -0.344195 -0.244682
1 -0.182253 -0.489265 0.287725 -0.501124 -0.026549 0.260595 0.257891 0.051805 0.254640 -0.068733 0.202571 0.445250 0.014627 -0.258677 0.259144 -0.354263 -0.305160 -0.260220
2 -0.136349 -0.459748 0.250833 -0.481179 -0.047579 0.277763 0.271637 0.047326 0.199964 -0.073466 0.221798 0.455206 0.009062 -0.265112 0.247850 -0.338567 -0.324712 -0.219607
14 -0.166468 -0.500568 0.335401 -0.547683 -0.032582 0.276706 0.214167 -0.025946 0.168851 -0.018093 0.162899 0.441101 0.010602 -0.280645 0.294737 -0.317080 -0.336353 -0.262840
10 -0.136301 -0.465421 0.199747 -0.444061 -0.041458 0.359604 0.330447 0.087101 0.329113 -0.119746 0.264320 0.525703 -0.047700 -0.210073 0.255417 -0.311143 -0.307255 -0.197967
16 -0.163183 -0.471500 0.257367 -0.489496 -0.066170 0.323751 0.328074 0.064974 0.279507 -0.087800 0.249933 0.535669 -0.032379 -0.227483 0.307735 -0.371434 -0.374018 -0.280778
6 -0.131017 -0.434189 0.245569 -0.423234 -0.036352 0.287308 0.275994 0.041305 0.211433 -0.063836 0.223060 0.427415 -0.018191 -0.249233 0.263727 -0.307208 -0.323545 -0.247069
17 -0.151475 -0.464621 0.243033 -0.442579 -0.073256 0.272116 0.300071 0.085233 0.299988 -0.063706 0.254670 0.512659 0.005633 -0.217913 0.250406 -0.315454 -0.320671 -0.271079
3 -0.185777 -0.467237 0.284338 -0.478029 -0.035007 0.277799 0.297052 0.046105 0.219961 -0.086515 0.261084 0.458559 -0.032609 -0.281356 0.253922 -0.364916 -0.309122 -0.279231
8 -0.140180 -0.479849 0.227228 -0.427419 -0.075025 0.308789 0.298802 0.109687 0.288919 -0.077935 0.238758 0.500709 -0.035218 -0.230156 0.276189 -0.350666 -0.282664 -0.202428
9 -0.163160 -0.473165 0.199953 -0.453804 -0.049395 0.320529 0.292580 0.105855 0.335442 -0.098925 0.242026 0.524157 -0.025642 -0.254829 0.256799 -0.345002 -0.316142 -0.184577
7 -0.127986 -0.465009 0.251380 -0.496049 -0.064031 0.305584 0.260905 0.029795 0.239881 -0.066656 0.194623 0.452049 0.006351 -0.277921 0.298386 -0.320432 -0.322604 -0.251753
11 -0.162628 -0.488485 0.261544 -0.458954 -0.033510 0.278654 0.255951 0.078367 0.270836 -0.100284 0.214293 0.474081 -0.020211 -0.225162 0.294580 -0.347898 -0.327538 -0.241406
13 -0.141934 -0.464007 0.312225 -0.537437 -0.049719 0.252698 0.237631 -0.027347 0.186393 -0.017454 0.182011 0.400884 0.036122 -0.298508 0.287070 -0.334774 -0.367152 -0.273055
5 -0.146207 -0.459226 0.230067 -0.456424 -0.016965 0.240170 0.259104 0.001304 0.225790 -0.075161 0.230472 0.433386 -0.010445 -0.230275 0.261122 -0.330251 -0.315934 -0.262529
4 -0.169102 -0.456657 0.268916 -0.475115 -0.029863 0.249482 0.236359 0.083295 0.240859 -0.091848 0.273201 0.481819 0.023162 -0.249334 0.255739 -0.347276 -0.313155 -0.266598
15 -0.205073 -0.529276 0.354259 -0.591933 -0.041865 0.319124 0.265564 -0.043353 0.198292 -0.044438 0.220668 0.459151 0.023190 -0.286893 0.319796 -0.372742 -0.402251 -0.293870
