18 18
16 -0.143257 -0.489081 0.127862 -0.308977 -0.040610 0.323955 0.302035 -0.000211 0.301560 -0.177263 -0.005529 0.295139 -0.210963 -0.153593 0.499217 -0.431214 -0.160966 -0.308906
11 -0.161802 -0.535055 0.141666 -0.317571 -0.011873 0.321541 0.277395 0.029895 0.333927 -0.207917 -0.001795 0.298264 -0.202171 -0.173825 0.498669 -0.439831 -0.152343 -0.299794
1 -0.159208 -0.561158 0.161001 -0.360771 -0.022977 0.304534 0.307590 0.016526 0.335981 -0.177515 -0.015803 0.287837 -0.164731 -0.220290 0.460687 -0.450131 -0.121822 -0.316298
7 -0.112563 -0.539198 0.109453 -0.365111 -0.047599 0.349872 0.299868 -0.022200 0.311315 -0.182311 -0.025740 0.267403 -0.177579 -0.244146 0.499417 -0.437482 -0.123330 -0.293144
2 -0.115839 -0.534321 0.132415 -0.347388 -0.021106 0.332087 0.316932 0.015950 0.290816 -0.198187 0.004157 0.306934 -0.163789 -0.218569 0.460156 -0.449350 -0.157960 -0.290976
15 -0.154682 -0.551679 0.154434 -0.367258 -0.021460 0.354755 0.311207 -0.031297 0.304588 -0.185309 -0.003036 0.276977 -0.172804 -0.205377 0.483230 -0.440944 -0.155586 -0.306697
6 -0.137268 -0.544337 0.149387 -0.301010 -0.023788 0.339077 0.334086 0.039969 0.347179 -0.189480 0.030211 0.318288 -0.200842 -0.214968 0.508915 -0.450350 -0.164933 -0.350312
14 -0.143769 -0.539566 0.157971 -0.363241 -0.004695 0.334499 0.278525 -0.028838 0.274276 -0.163340 -0.035927 0.273084 -0.185780 -0.207038 0.458174 -0.411876 -0.117172 -0.284062
8 -0.125747 -0.520890 0.149374 -0.298813 -0.042225 0.312570 0.301192 0.022926 0.310054 -0.148145 -0.004989 0.288094 -0.187433 -0.186727 0.470865 -0.424327 -0.128518 -0.296743
13 -0.119358 -0.524835 0.161383 -0.320606 -0.032642 0.311158 0.330105 0.023405 0.375329 -0.158466 0.028773 0.323906 -0.166656 -0.209224 0.478144 -0.418324 -0.182406 -0.352956
17 -0.126672 -0.490726 0.146983 -0.261642 -0.054167 0.273672 0.309562 0.061744 0.363152 -0.141135 0.052287 0.345288 -0.146108 -0.162538 0.424219 -0.368281 -0.150222 -0.345575
4 -0.127007 -0.484512 0.146004 -0.281886 -0.016319 0.290763 0.294101 0.075762 0.370223 -0.189653 0.064482 0.344752 -0.149752 -0.200240 0.461288 -0.420256 -0.157450 -0.360096
5 -0.141473 -0.572913 0.115265 -0.355635 -0.000718 0.333775 0.333101 -0.034822 0.334946 -0.207248 0.020339 0.311033 -0.209932 -0.206425 0.501899 -0.470661 -0.155414 -0.327833
3 -0.174093 -0.543894 0.168849 -0.348721 -0.021874 0.341487 0.322775 -0.009401 0.285880 -0.196971 0.016805 0.278004 -0.219358 -0.227017 0.477663 -0.461112 -0.114946 -0.327270
10 -0.125622 -0.509378 0.130932 -0.281214 -0.021699 0.338111 0.330614 0.046532 0.390013 -0.193067 0.064621 0.357999 -0.190963 -0.160948 0.455467 -0.376501 -0.144736 -0.313878
0 -0.154433 -0.549312 0.140022 -0.365237 -0.042140 0.346042 0.289603 -0.012303 0.302210 -0.184521 0.032050 0.288790 -0.186254 -0.196351 0.493117 -0.440178 -0.111300 -0.297259
9 -0.142882 -0.519190 0.107073 -0.336704 -0.026977 0.332707 0.299243 0.010392 0.335332 -0.188595 0.003751 0.309819 -0.189615 -0.224722 0.474323 -0.440490 -0.151879 -0.279815
12 -0.165072 -0.524697 0.133736 -0.333703 -0.041064 0.309069 0.270403 -0.015566 0.288631 -0.161890 0.034509 0.317442 -0.192624 -0.168890 0.464416 -0.394433 -0.160224 -0.279444
