18 18
7 -0.249628 -0.454571 0.431049 -0.106431 -0.095334 0.023623 0.153442 0.268539 -0.031890 0.063118 0.255221 0.375100 -0.140594 -0.291673 0.267829 -0.326603 0.074532 -0.541876
0 -0.273326 -0.452944 0.448886 -0.129409 -0.061405 0.017688 0.122498 0.255719 -0.097075 0.038029 0.314812 0.352698 -0.142386 -0.297328 0.274647 -0.379363 0.090117 -0.559462
3 -0.293238 -0.415372 0.454688 -0.066460 -0.033650 -0.017777 0.167820 0.274729 -0.098301 0.016190 0.342298 0.348151 -0.165701 -0.300981 0.209410 -0.371353 0.101074 -0.602602
14 -0.286380 -0.465344 0.471081 -0.127104 -0.042213 0.012176 0.125859 0.250017 -0.078331 0.063736 0.251508 0.379436 -0.159837 -0.281973 0.251619 -0.339947 0.077523 -0.543813
8 -0.265666 -0.483740 0.463624 -0.112627 -0.078079 0.018064 0.142735 0.267639 -0.076491 0.075401 0.248566 0.356370 -0.160021 -0.283534 0.276541 -0.368318 0.085187 -0.515000
2 -0.243303 -0.452241 0.447589 -0.111725 -0.056159 0.008697 0.154132 0.284782 -0.111925 0.036523 0.288622 0.364780 -0.130601 -0.317761 0.247318 -0.388750 0.070905 -0.543828
4 -0.265097 -0.378438 0.430364 -0.053960 -0.010573 -0.039548 0.135890 0.297406 -0.086078 0.001310 0.356455 0.360738 -0.125304 -0.286296 0.209639 -0.373555 0.076923 -0.606689
1 -0.285425 -0.477023 0.471236 -0.140935 -0.036019 -0.006221 0.120551 0.276997 -0.057979 0.048430 0.247933 0.340579 -0.131426 -0.311205 0.246981 -0.377107 0.100319 -0.540032
15 -0.288098 -0.453038 0.461023 -0.131346 -0.038220 0.034796 0.150654 0.221808 -0.089157 0.030675 0.295376 0.338403 -0.136762 -0.280649 0.249484 -0.362746 0.053535 -0.547393
16 -0.266834 -0.379931 0.421871 -0.053149 -0.050029 -0.029395 0.181334 0.257270 -0.062598 0.037112 0.295643 0.370953 -0.146543 -0.227170 0.226226 -0.351045 0.033202 -0.608478
11 -0.293326 -0.465013 0.459793 -0.095513 -0.038656 -0.001437 0.124254 0.282876 -0.060952 0.023149 0.285761 0.368416 -0.162386 -0.269703 0.275010 -0.379047 0.061203 -0.557086
13 -0.246407 -0.449233 0.460532 -0.135848 -0.065163 0.006651 0.140160 0.242046 -0.072619 0.071811 0.254149 0.335363 -0.136307 -0.322025 0.263802 -0.355152 0.056068 -0.543631
12 -0.292411 -0.478508 0.450402 -0.131880 -0.081667 0.000881 0.116914 0.228883 -0.083502 0.079353 0.291656 0.385506 -0.145949 -0.258636 0.258674 -0.322634 0.045076 -0.529368
9 -0.264709 -0.411537 0.385404 -0.100618 -0.044661 0.002972 0.144690 0.282544 -0.023553 0.022377 0.281235 0.385055 -0.136332 -0.294059 0.225824 -0.356129 0.048968 -0.506289
10 -0.263952 -0.442217 0.426005 -0.088851 -0.043733 0.034617 0.158728 0.261116 -0.032772 0.025982 0.301248 0.379816 -0.165513 -0.254976 0.228700 -0.315606 0.091821 -0.541639
5 -0.276293 -0.449741 0.414497 -0.058177 -0.027505 -0.034815 0.205780 0.271060 -0.035884 0.008029 0.371746 0.419324 -0.168446 -0.271289 0.245630 -0.397309 0.054726 -0.655480
6 -0.260678 -0.444170 0.445742 -0.068760 -0.040062 0.010944 0.159464 0.279400 -0.078949 0.037198 0.317215 0.353976 -0.155374 -0.301634 0.252354 -0.352019 0.073645 -0.582022
17 -0.277308 -0.420358 0.425952 -0.023164 -0.086404 -0.044312 0.192432 0.293807 -0.003216 0.066328 0.337226 0.421893 -0.130689 -0.219493 0.199311 -0.300146 0.065096 -0.633582
