18 18
17 -0.283922 -0.566858 0.102677 -0.168916 -0.229781 0.000815 0.211613 0.007571 0.536543 0.027756 0.276329 0.577383 -0.121110 0.162693 0.333005 -0.175690 -0.151487 -0.435775
11 -0.359865 -0.585597 0.125155 -0.214086 -0.181763 -0.025901 0.123896 0.034389 0.512829 -0.016964 0.291810 0.562011 -0.116553 0.137239 0.335449 -0.219644 -0.162348 -0.389690
0 -0.318431 -0.558726 0.103332 -0.244934 -0.217970 0.013058 0.150737 -0.018399 0.467189 0.009899 0.313724 0.524967 -0.096422 0.104906 0.325234 -0.204781 -0.135469 -0.374590
10 -0.302923 -0.544369 0.075636 -0.192835 -0.202849 0.021612 0.187627 0.003111 0.523793 -0.012997 0.300057 0.564014 -0.120768 0.157706 0.300577 -0.161826 -0.154448 -0.366191
16 -0.260175 -0.489819 0.086027 -0.175655 -0.206981 0.020940 0.196023 -0.011883 0.474339 0.009640 0.232851 0.520778 -0.122357 0.167149 0.334104 -0.185618 -0.172804 -0.398945
12 -0.424837 -0.613197 0.136626 -0.288313 -0.221214 -0.045450 0.110111 -0.023701 0.471762 0.027155 0.368381 0.588992 -0.090115 0.091606 0.295841 -0.198246 -0.196656 -0.378272
3 -0.424714 -0.595403 0.161742 -0.263220 -0.202510 -0.028926 0.172086 -0.010752 0.474794 -0.002913 0.359828 0.551049 -0.121810 0.052025 0.282191 -0.232996 -0.156738 -0.421330
5 -0.278787 -0.546353 0.064008 -0.190355 -0.162637 -0.007873 0.193456 -0.025626 0.502428 -0.016131 0.285756 0.534148 -0.127751 0.122091 0.314804 -0.208284 -0.165304 -0.390715
8 -0.291361 -0.582179 0.110720 -0.194809 -0.222603 0.026434 0.210392 -0.008197 0.502680 0.024790 0.271916 0.543645 -0.145074 0.130216 0.354940 -0.219881 -0.139388 -0.400784
15 -0.312261 -0.541482 0.107263 -0.210444 -0.185802 0.030219 0.187002 -0.024351 0.489114 -0.012560 0.284517 0.520448 -0.110150 0.135443 0.318196 -0.196512 -0.171855 -0.392071
14 -0.275994 -0.550430 0.144405 -0.213651 -0.134150 0.029521 0.146230 -0.013100 0.471130 0.009243 0.208350 0.534129 -0.143971 0.134022 0.349207 -0.197150 -0.113474 -0.414313
1 -0.406253 -0.616943 0.152854 -0.272690 -0.192520 -0.061667 0.135443 0.020560 0.519764 0.014362 0.311062 0.560409 -0.075665 0.075728 0.281418 -0.223089 -0.154573 -0.402048
4 -0.353767 -0.574050 0.134041 -0.231012 -0.172436 -0.028404 0.133454 0.028353 0.528218 -0.010593 0.330505 0.590832 -0.097236 0.107962 0.326699 -0.221880 -0.150989 -0.443389
13 -0.323312 -0.560732 0.124070 -0.251730 -0.206599 -0.009930 0.166017 -0.026689 0.486757 0.022834 0.295691 0.524189 -0.092509 0.077273 0.311717 -0.204413 -0.183264 -0.388904
2 -0.314302 -0.551068 0.111906 -0.240532 -0.199554 -0.006016 0.160341 0.005057 0.439660 0.003918 0.288387 0.539215 -0.084489 0.076699 0.291715 -0.218752 -0.174535 -0.358798
9 -0.384138 -0.599171 0.102012 -0.256417 -0.212058 -0.014547 0.162787 0.012355 0.551723 0.000274 0.345685 0.613396 -0.099366 0.083449 0.307714 -0.219770 -0.187733 -0.395818
7 -0.266150 -0.562003 0.070349 -0.203621 -0.232512 0.030964 0.199219 -0.000189 0.540036 0.002551 0.268805 0.560868 -0.121739 0.114911 0.361063 -0.195453 -0.150154 -0.409113
6 0.007299 -0.006988 0.006429 0.025394 0.003018 0.008962 0.013628 0.017139 -0.003415 0.002961 0.009307 -0.005691 -0.008572 -0.012634 0.015137 0.000585 -0.007433 -0.019036
