18 18
10 -0.036654 -0.543057 0.082836 -0.449398 0.106485 0.346172 0.306049 -0.001584 0.452406 -0.238817 0.181426 0.347954 -0.132393 -0.246748 0.394463 -0.447230 0.025496 -0.286724
0 -0.056882 -0.548951 0.112893 -0.478607 0.057955 0.339384 0.270801 -0.041298 0.385250 -0.187360 0.171979 0.310468 -0.123945 -0.248302 0.413339 -0.451328 0.051030 -0.281426
13 -0.015867 -0.520289 0.105275 -0.465197 0.086759 0.309510 0.292676 -0.022143 0.412310 -0.190771 0.142726 0.301399 -0.096339 -0.293692 0.395877 -0.450977 -0.011488 -0.299256
15 -0.069044 -0.546858 0.114070 -0.471915 0.103406 0.346320 0.296998 -0.031685 0.420523 -0.228411 0.178510 0.327043 -0.116479 -0.256042 0.411529 -0.471136 -0.004540 -0.311750
1 -0.070851 -0.584651 0.121931 -0.498127 0.116952 0.299955 0.296639 0.019517 0.470354 -0.230219 0.154656 0.339047 -0.095792 -0.296626 0.397411 -0.500137 0.021832 -0.325728
2 -0.027159 -0.580414 0.091672 -0.488353 0.095343 0.342412 0.322385 0.014022 0.421406 -0.237409 0.166170 0.368474 -0.114887 -0.294945 0.407810 -0.503631 0.012127 -0.296429
9 -0.069655 -0.597832 0.097143 -0.514401 0.108668 0.349019 0.308834 0.014041 0.491293 -0.238993 0.178630 0.384859 -0.126955 -0.330212 0.429640 -0.524425 0.014958 -0.311528
11 -0.064511 -0.536617 0.106846 -0.431351 0.104143 0.290403 0.255636 0.024368 0.418195 -0.224371 0.148115 0.321741 -0.121501 -0.245895 0.401397 -0.469256 0.011248 -0.287307
16 -0.042867 -0.517002 0.105368 -0.445511 0.077393 0.313968 0.300192 -0.019213 0.403279 -0.194886 0.134962 0.326357 -0.130613 -0.238703 0.410202 -0.460849 -0.004179 -0.309539
5 -0.034128 -0.529100 0.057562 -0.425980 0.108182 0.288481 0.294233 -0.022633 0.419096 -0.219960 0.169078 0.335103 -0.130878 -0.245721 0.388057 -0.457572 0.000955 -0.299682
7 -0.013177 -0.536347 0.072076 -0.457532 0.073151 0.339277 0.298397 0.013256 0.447059 -0.221634 0.147025 0.337740 -0.112902 -0.303518 0.422060 -0.460365 0.025048 -0.302259
14 -0.058871 -0.562477 0.121798 -0.475891 0.113061 0.329927 0.274607 -0.007837 0.407030 -0.204037 0.138629 0.345487 -0.127947 -0.270872 0.393669 -0.452905 0.034474 -0.293912
6 -0.020066 -0.520575 0.093097 -0.408416 0.095940 0.317934 0.304140 0.032657 0.408131 -0.214960 0.164868 0.315122 -0.114428 -0.293146 0.399497 -0.450378 0.001436 -0.310657
8 -0.052535 -0.568374 0.125279 -0.456096 0.066560 0.328769 0.294333 -0.014117 0.398883 -0.173800 0.137367 0.320813 -0.140699 -0.261862 0.404264 -0.466377 0.051851 -0.278107
4 -0.042279 -0.543621 0.100532 -0.470195 0.125315 0.314817 0.286008 0.054080 0.470623 -0.258855 0.197987 0.366012 -0.092608 -0.307661 0.418911 -0.511906 0.019040 -0.347672
3 -0.073136 -0.532271 0.134392 -0.450059 0.089907 0.318027 0.299977 -0.017283 0.375282 -0.206215 0.161974 0.298732 -0.153171 -0.291235 0.381956 -0.472845 0.053389 -0.306563
12 -0.026600 -0.022358 0.002765 -0.019307 -0.014582 -0.010130 -0.018079 -0.025837 -0.017080 0.018496 0.026502 0.027636 -0.006702 0.013838 0.001462 0.019107 -0.024921 0.008452
17 -0.002915 -0.006397 0.005624 0.018021 -0.026928 -0.018564 0.015689 0.014203 0.025956 0.022864 0.010492 0.027524 0.013101 0.016295 -0.014503 0.021066 0.000664 -0.026546
