18 18
11 -0.426647 -0.632380 0.499100 -0.402192 0.020387 0.130709 0.088523 0.262436 0.386038 -0.145258 0.043038 0.569041 -0.330897 -0.221801 0.608887 -0.561870 0.134723 -0.744918
16 -0.362057 -0.596580 0.455693 -0.424976 -0.003282 0.197729 0.120718 0.203445 0.373326 -0.114761 -0.008427 0.570542 -0.319852 -0.211372 0.592075 -0.485680 0.134425 -0.701281
17 -0.412908 -0.672604 0.508767 -0.413654 -0.037834 0.134608 0.151183 0.267619 0.427659 -0.101602 0.071335 0.670697 -0.333438 -0.244304 0.638568 -0.568127 0.167496 -0.841945
10 0.598878 -0.408716 -0.091397 -1.144012 0.011660 1.783572 -0.012270 -0.390288 0.676474 -0.159768 -1.183147 0.653083 -0.251549 -0.554812 0.485009 0.911582 0.790863 0.359091
7 0.589291 -0.425670 -0.076059 -1.170036 -0.023979 1.765904 -0.022293 -0.371521 0.683873 -0.148137 -1.194521 0.656379 -0.236972 -0.607200 0.537703 0.849951 0.784209 0.297758
13 -0.360421 -0.588875 0.470727 -0.418508 0.003904 0.148462 0.107831 0.215084 0.362759 -0.106693 0.018986 0.533193 -0.292458 -0.260045 0.567989 -0.509544 0.135183 -0.715439
0 -0.373834 -0.608908 0.453811 -0.414084 -0.022777 0.165786 0.103671 0.220216 0.348147 -0.113905 0.063825 0.559329 -0.302954 -0.222517 0.599180 -0.522746 0.160569 -0.715719
6 -0.406036 -0.641698 0.496342 -0.385549 0.005750 0.143453 0.129165 0.270333 0.379404 -0.126852 0.073708 0.597355 -0.334728 -0.249113 0.624004 -0.556018 0.142186 -0.798094
3 -0.389785 -0.592686 0.486494 -0.406360 0.007549 0.165976 0.123780 0.232109 0.339877 -0.129111 0.038473 0.546490 -0.329655 -0.270855 0.554407 -0.521426 0.190942 -0.731410
4 -0.384429 -0.593748 0.470731 -0.405575 0.022509 0.151432 0.088451 0.262107 0.380818 -0.143357 0.061475 0.596731 -0.302096 -0.252362 0.586458 -0.527611 0.178792 -0.755458
15 0.499648 -0.446842 -0.013625 -1.136553 0.011829 1.693346 0.001971 -0.378809 0.645969 -0.155882 -1.109822 0.634732 -0.244879 -0.540730 0.516791 0.778923 0.721152 0.250667
2 -0.387073 -0.644050 0.496620 -0.431672 -0.009651 0.148998 0.133125 0.268143 0.355767 -0.124742 0.042712 0.607197 -0.304886 -0.262057 0.581421 -0.569457 0.139801 -0.746514
14 0.524672 -0.382176 -0.045128 -1.066703 0.018529 1.600337 -0.044382 -0.372582 0.572234 -0.109249 -1.122104 0.583440 -0.220568 -0.516680 0.445750 0.817900 0.717158 0.320094
8 -0.335462 -0.594926 0.439048 -0.385768 -0.018503 0.177917 0.119240 0.216224 0.352523 -0.088625 0.002919 0.535523 -0.304790 -0.228909 0.560043 -0.481369 0.162535 -0.653673
5 -0.351256 -0.622403 0.421000 -0.403026 0.013505 0.162266 0.138660 0.194816 0.392640 -0.131946 0.042232 0.585934 -0.328237 -0.229124 0.593026 -0.517603 0.150109 -0.724032
1 -0.388686 -0.611504 0.469645 -0.428504 0.025420 0.150083 0.088981 0.239798 0.385716 -0.122756 -0.000193 0.540532 -0.282505 -0.239768 0.534329 -0.486484 0.170384 -0.683973
9 -0.328713 -0.553710 0.388579 -0.412444 0.008438 0.204900 0.089280 0.212729 0.384839 -0.123188 -0.005670 0.553823 -0.283031 -0.255599 0.528164 -0.435408 0.149742 -0.612348
12 -0.372488 -0.582761 0.425415 -0.399597 -0.012069 0.137707 0.084663 0.179882 0.324061 -0.092500 0.059491 0.550075 -0.287507 -0.198952 0.528342 -0.444497 0.111514 -0.644166
