18 18
2 -0.003642 -0.526873 0.116854 -0.156633 -0.148614 -0.109212 0.305437 0.365570 0.234762 0.016212 0.146445 0.607529 0.100334 -0.243092 0.117107 -0.466783 -0.059049 -0.351575
11 -0.174466 -0.592910 0.215087 -0.242712 -0.042934 0.017506 0.169094 0.277201 0.309220 -0.027551 0.076944 0.640703 -0.061219 -0.093832 0.244491 -0.391859 -0.162829 -0.226382
10 -0.172651 -0.611647 0.203842 -0.263525 -0.039972 0.070594 0.188792 0.257806 0.335958 -0.028430 0.090831 0.679506 -0.076948 -0.066557 0.232551 -0.352506 -0.163617 -0.191139
15 -0.158140 -0.599267 0.208575 -0.249398 -0.070842 0.011327 0.230280 0.261707 0.283715 -0.013718 0.121733 0.619699 -0.003623 -0.134852 0.200559 -0.416341 -0.135182 -0.284529
0 -0.138065 -0.617839 0.197703 -0.254837 -0.103912 0.003301 0.216216 0.288772 0.297849 -0.000176 0.133411 0.658178 -0.014565 -0.144504 0.226809 -0.420757 -0.101279 -0.284285
12 -0.136935 -0.590385 0.179441 -0.236067 -0.096788 -0.030815 0.207991 0.264991 0.270707 0.017808 0.131452 0.641934 -0.007357 -0.140502 0.186042 -0.378657 -0.137068 -0.261435
17 -0.110544 -0.592865 0.185035 -0.189432 -0.123721 -0.057738 0.273793 0.325881 0.319826 0.024762 0.139295 0.671472 0.019690 -0.150068 0.172638 -0.416461 -0.107095 -0.343542
8 -0.074502 -0.558717 0.170633 -0.173481 -0.126280 -0.047275 0.261296 0.305788 0.254118 0.033350 0.111160 0.578926 0.014689 -0.177571 0.167275 -0.414136 -0.064627 -0.296967
5 -0.066793 -0.570594 0.123626 -0.179759 -0.094139 -0.068529 0.289322 0.287699 0.294441 -0.007401 0.148692 0.610814 0.013849 -0.180183 0.168933 -0.440325 -0.084225 -0.337602
1 -0.076846 -0.537406 0.159076 -0.173666 -0.106079 -0.101066 0.255703 0.327652 0.272759 0.016963 0.114916 0.555140 0.064493 -0.196392 0.119988 -0.414145 -0.045810 -0.323147
9 -0.125956 -0.553718 0.158834 -0.229733 -0.075504 -0.018430 0.202662 0.295832 0.304485 -0.005733 0.102303 0.635311 -0.001952 -0.163760 0.179203 -0.395492 -0.133301 -0.232619
16 -0.137051 -0.576536 0.193204 -0.240524 -0.077081 0.003234 0.233173 0.263817 0.302547 -0.003413 0.084677 0.647064 -0.042350 -0.116073 0.236821 -0.418574 -0.157381 -0.287659
14 -0.170332 -0.653103 0.243088 -0.280702 -0.054573 0.022795 0.196396 0.277848 0.304209 0.009040 0.070844 0.692216 -0.050196 -0.128289 0.234953 -0.400120 -0.130819 -0.260778
3 -0.088294 -0.583187 0.184379 -0.174054 -0.121391 -0.083214 0.311931 0.340456 0.256960 0.007828 0.160129 0.603860 0.025513 -0.244971 0.133019 -0.462950 -0.033650 -0.377839
4 -0.063595 -0.514489 0.145755 -0.162508 -0.096905 -0.094412 0.245282 0.346634 0.273993 -0.004323 0.159891 0.600935 0.067778 -0.202290 0.137229 -0.429904 -0.063349 -0.348644
13 -0.133023 -0.588378 0.210432 -0.274072 -0.060258 0.018418 0.203403 0.244154 0.310030 0.007870 0.068664 0.623776 -0.032178 -0.138480 0.227697 -0.381275 -0.172479 -0.237124
7 -0.050388 -0.566480 0.136120 -0.186711 -0.140663 -0.055345 0.277539 0.332776 0.304774 0.009438 0.126328 0.610020 0.045828 -0.226934 0.169504 -0.418255 -0.057889 -0.336474
6 -0.074427 -0.576658 0.168631 -0.167901 -0.110152 -0.045613 0.276708 0.332438 0.274513 0.011336 0.144908 0.606811 0.020552 -0.206153 0.185580 -0.426707 -0.081695 -0.351147
