18 18
1 -0.269927 -0.436726 0.086116 -0.209446 0.037176 0.057561 0.221035 0.144553 0.367840 -0.212244 0.245238 0.399150 -0.275822 -0.273158 0.316642 -0.521177 0.052963 -0.361367
0 -0.238606 -0.404617 0.062418 -0.200987 -0.009147 0.095373 0.208928 0.106211 0.311612 -0.189245 0.271710 0.375667 -0.276399 -0.251556 0.337475 -0.500818 0.058792 -0.339821
3 -0.274666 -0.405490 0.099996 -0.172638 0.034172 0.064083 0.245485 0.127973 0.285076 -0.215983 0.287378 0.369517 -0.334481 -0.311511 0.305931 -0.542343 0.089526 -0.374784
2 -0.212503 -0.400088 0.051875 -0.198096 0.011952 0.071123 0.222807 0.138135 0.305449 -0.201494 0.251756 0.418350 -0.262167 -0.286253 0.322687 -0.529078 0.016733 -0.334848
8 -0.240110 -0.451324 0.067878 -0.177696 -0.000321 0.092223 0.252822 0.138074 0.345370 -0.195645 0.262800 0.401522 -0.319096 -0.277309 0.355684 -0.548059 0.058122 -0.344764
9 -0.231517 -0.416597 -0.010702 -0.175905 0.005524 0.097975 0.247564 0.165429 0.420629 -0.247445 0.297385 0.441913 -0.314678 -0.306815 0.345104 -0.542555 0.027678 -0.313064
7 -0.203949 -0.406977 0.015520 -0.184096 -0.004324 0.106056 0.239168 0.152698 0.390137 -0.235405 0.257303 0.418318 -0.299685 -0.305578 0.366581 -0.530081 0.052397 -0.349441
11 -0.258724 -0.430352 0.055709 -0.170540 0.035785 0.072741 0.204565 0.156228 0.369878 -0.240674 0.259351 0.407697 -0.309783 -0.245440 0.355140 -0.532888 0.026759 -0.336019
10 -0.235583 -0.436430 0.022103 -0.182110 0.022076 0.109822 0.260038 0.138938 0.397250 -0.243342 0.306450 0.439983 -0.317852 -0.261353 0.330090 -0.504373 0.041572 -0.326241
12 -0.266405 -0.436671 0.048919 -0.200502 0.003231 0.062659 0.214978 0.103690 0.328647 -0.193879 0.313480 0.425010 -0.293260 -0.260513 0.325230 -0.496909 0.011094 -0.337757
16 -0.230623 -0.388152 0.048760 -0.182079 0.009188 0.088432 0.235660 0.127322 0.354042 -0.212152 0.239285 0.412289 -0.299608 -0.240633 0.357607 -0.524652 0.013061 -0.362180
15 -0.240876 -0.412474 0.056467 -0.205786 0.021739 0.104691 0.232470 0.101686 0.353063 -0.213585 0.262047 0.397195 -0.261128 -0.244056 0.333280 -0.496301 -0.001021 -0.344607
14 -0.263102 -0.433046 0.096894 -0.220320 0.033998 0.088218 0.202713 0.116012 0.313819 -0.188383 0.241253 0.415302 -0.295368 -0.273216 0.333568 -0.507689 0.051747 -0.352475
5 -0.232337 -0.437797 0.022207 -0.186534 0.040590 0.070615 0.251980 0.114158 0.378286 -0.237374 0.296610 0.431588 -0.314207 -0.276848 0.351099 -0.549263 0.028963 -0.375371
6 -0.223003 -0.408573 0.055029 -0.157752 0.013489 0.093470 0.232949 0.141857 0.338250 -0.199641 0.260299 0.387707 -0.289294 -0.267263 0.345682 -0.503463 0.025966 -0.356648
13 -0.210537 -0.401717 0.054671 -0.205167 0.003407 0.078109 0.230950 0.108929 0.352240 -0.187393 0.255016 0.392179 -0.269491 -0.289698 0.345288 -0.515447 0.003785 -0.358401
4 -0.256630 -0.390147 0.060158 -0.157242 0.050807 0.034251 0.209922 0.161882 0.325513 -0.238793 0.342408 0.409180 -0.295913 -0.306213 0.298884 -0.537056 0.067993 -0.378939
17 -0.241425 -0.424040 0.054193 -0.167718 -0.009691 0.059508 0.243528 0.143558 0.372969 -0.187246 0.287290 0.436501 -0.277145 -0.250938 0.315090 -0.489821 0.028370 -0.368761
