18 18
0 -0.333526 -0.395637 0.360478 -0.347964 -0.133830 -0.033041 0.058392 0.059721 0.173968 0.142854 0.277136 0.382410 0.032053 -0.177452 0.279087 -0.343694 -0.046954 -0.523497
8 -0.344829 -0.427865 0.364884 -0.322666 -0.138438 -0.014376 0.085220 0.030279 0.214660 0.165108 0.287416 0.417302 -0.005526 -0.112045 0.327227 -0.331904 -0.123052 -0.525866
4 -0.329471 -0.355331 0.360154 -0.315006 -0.071070 -0.048078 0.040655 0.088709 0.185983 0.099643 0.304540 0.373451 0.048780 -0.194930 0.258671 -0.345993 -0.080338 -0.549759
9 -0.393456 -0.422665 0.379487 -0.358620 -0.118449 -0.049688 0.068396 0.074716 0.222848 0.145973 0.304110 0.435869 0.030680 -0.187767 0.271273 -0.348364 -0.109637 -0.543511
1 -0.390796 -0.424179 0.429750 -0.340011 -0.088654 -0.092871 0.069834 0.107953 0.186750 0.133027 0.240154 0.355505 0.046459 -0.192328 0.217548 -0.359153 -0.037679 -0.534861
3 -0.351065 -0.369714 0.400788 -0.309030 -0.094587 -0.048824 0.092206 0.082381 0.140019 0.120760 0.261603 0.337905 0.001522 -0.223865 0.233995 -0.368084 -0.018603 -0.552564
7 -0.344127 -0.416465 0.395195 -0.352985 -0.144580 -0.041502 0.092302 0.102980 0.197941 0.143917 0.252935 0.393385 0.039745 -0.246080 0.272441 -0.370813 -0.036813 -0.559681
16 -0.349614 -0.384532 0.354633 -0.313351 -0.135002 -0.039620 0.091465 0.031562 0.215972 0.160940 0.274286 0.425634 0.004704 -0.098908 0.310681 -0.322996 -0.148239 -0.561652
13 -0.298715 -0.382828 0.341678 -0.328483 -0.109925 -0.022555 0.082637 0.015220 0.211975 0.150949 0.266496 0.369480 0.021254 -0.157851 0.299884 -0.316820 -0.134916 -0.533216
14 -0.356430 -0.432171 0.416083 -0.370612 -0.091411 -0.025386 0.065211 0.050782 0.191228 0.159479 0.266575 0.422810 0.014846 -0.197353 0.305073 -0.362431 -0.083993 -0.597990
15 -0.366299 -0.405831 0.368304 -0.340744 -0.085613 -0.002545 0.076286 0.011915 0.212103 0.119023 0.302286 0.390526 0.017888 -0.120879 0.297392 -0.320612 -0.145325 -0.551036
10 -0.350231 -0.430107 0.347476 -0.346491 -0.094692 0.009066 0.087488 0.020287 0.262910 0.124218 0.341562 0.457769 -0.002770 -0.112148 0.322374 -0.313614 -0.142919 -0.556262
2 -0.334501 -0.411646 0.407534 -0.350157 -0.113017 -0.049744 0.092472 0.113853 0.140959 0.132141 0.266075 0.396493 0.045767 -0.246444 0.253256 -0.407891 -0.051435 -0.551515
12 -0.385767 -0.435245 0.375463 -0.359308 -0.116615 -0.041041 0.054595 0.017420 0.201038 0.151184 0.336438 0.442115 0.013367 -0.133369 0.302349 -0.320313 -0.151683 -0.553338
5 -0.326390 -0.414033 0.326038 -0.323979 -0.086045 -0.036574 0.090747 0.027820 0.227045 0.116330 0.314235 0.418391 0.006555 -0.151405 0.304038 -0.356151 -0.119778 -0.568893
6 -0.341754 -0.410336 0.379090 -0.311633 -0.117229 -0.028416 0.085888 0.073935 0.196280 0.152334 0.300006 0.409092 0.017248 -0.180031 0.308327 -0.345469 -0.107023 -0.582038
17 -0.353420 -0.406553 0.359633 -0.300517 -0.153640 -0.054917 0.091241 0.050939 0.238673 0.174920 0.303967 0.442178 0.024912 -0.101961 0.281244 -0.294027 -0.117953 -0.567485
11 -0.355345 -0.407270 0.357278 -0.304858 -0.085351 -0.039551 0.056649 0.062878 0.223983 0.108402 0.278702 0.395295 -0.005401 -0.118505 0.310588 -0.342096 -0.121226 -0.532875
