18 18
11 -0.395306 -0.399223 0.261047 -0.147401 0.060879 -0.028012 0.045563 0.390747 0.419474 -0.215505 -0.002149 0.422354 -0.035440 -0.023223 0.263151 -0.412357 -0.156186 -0.360195
9 -0.367924 -0.431019 0.214594 -0.159175 0.034891 -0.016254 0.103135 0.385548 0.484702 -0.186758 0.035136 0.474514 -0.025148 -0.076644 0.252875 -0.398373 -0.167972 -0.375122
1 -0.335022 -0.436153 0.243314 -0.145431 0.038235 -0.063062 0.107756 0.372090 0.469680 -0.145877 0.022857 0.428805 0.001502 -0.065296 0.219599 -0.362986 -0.118331 -0.407791
17 -0.246039 -0.486041 0.186558 -0.097280 -0.018019 -0.066054 0.195437 0.360094 0.554922 -0.089844 0.100819 0.502023 -0.001492 -0.088348 0.248138 -0.316292 -0.138003 -0.491388
14 -0.328090 -0.449152 0.239886 -0.163858 0.038283 -0.015103 0.104329 0.356889 0.457784 -0.148034 0.020754 0.465245 -0.028345 -0.075785 0.257528 -0.362034 -0.128157 -0.405250
15 -0.358576 -0.425730 0.243312 -0.160306 0.038478 0.000125 0.111745 0.332221 0.436755 -0.178006 0.055102 0.425304 -0.017869 -0.043385 0.252277 -0.376337 -0.154160 -0.398107
6 -0.204380 -0.515170 0.158080 -0.084225 -0.009028 -0.027975 0.226714 0.352812 0.566055 -0.097709 0.140090 0.483908 -0.026393 -0.141000 0.300148 -0.326523 -0.140562 -0.514304
4 -0.349619 -0.435187 0.243303 -0.136493 0.049084 -0.056175 0.094266 0.425025 0.501445 -0.186178 0.063563 0.485793 0.001753 -0.083497 0.262478 -0.405831 -0.146950 -0.454979
10 -0.307801 -0.464689 0.200979 -0.137153 0.032532 -0.005223 0.156368 0.372988 0.534589 -0.179756 0.082770 0.493311 -0.034586 -0.063669 0.263896 -0.361171 -0.139319 -0.428531
0 -0.299180 -0.488791 0.205196 -0.160584 -0.004805 -0.021521 0.145577 0.367583 0.522405 -0.152785 0.102001 0.479713 -0.014352 -0.100828 0.306222 -0.393756 -0.130167 -0.467403
5 -0.148134 -0.527594 0.093396 -0.092155 0.000292 -0.057939 0.268295 0.274443 0.602188 -0.087777 0.158905 0.485028 -0.043101 -0.148507 0.308383 -0.334755 -0.162750 -0.534075
2 -0.339963 -0.445110 0.237831 -0.156631 0.030260 -0.024619 0.121331 0.403684 0.452334 -0.185908 0.032407 0.481932 -0.009793 -0.078765 0.255129 -0.416900 -0.164764 -0.401854
13 -0.178456 -0.489243 0.157620 -0.129839 -0.019471 -0.054447 0.222562 0.311127 0.569642 -0.075680 0.095694 0.452749 -0.005142 -0.166772 0.300967 -0.344269 -0.173837 -0.506383
3 -0.385047 -0.408592 0.258549 -0.147876 0.045430 -0.013535 0.107233 0.378536 0.420649 -0.202056 0.039882 0.428605 -0.052890 -0.084853 0.244025 -0.412797 -0.129229 -0.399180
16 -0.302045 -0.439243 0.211970 -0.132426 0.015170 -0.034680 0.163026 0.344093 0.494286 -0.144344 0.051020 0.468258 -0.035803 -0.054668 0.283925 -0.382219 -0.173826 -0.460274
7 -0.298838 -0.475760 0.196646 -0.149198 0.002709 -0.010726 0.152599 0.389421 0.546502 -0.170092 0.051601 0.493195 -0.018284 -0.112479 0.306506 -0.390704 -0.156322 -0.459583
12 -0.026600 -0.022358 0.002765 -0.019307 -0.014582 -0.010130 -0.018079 -0.025837 -0.017080 0.018496 0.026502 0.027636 -0.006702 0.013838 0.001462 0.019107 -0.024921 0.008452
8 0.003889 -0.024784 0.014791 0.006068 -0.018192 0.009774 0.013932 0.005426 -0.001505 0.020585 -0.012265 0.000073 -0.017512 0.000480 0.021614 -0.017675 0.015234 0.001164
