18 18
1 -0.302913 -0.603799 0.284971 -0.305187 -0.108119 -0.043182 0.195009 0.303921 0.543728 0.068034 0.068940 0.296699 -0.020447 -0.395383 0.187632 -0.384060 0.051091 -0.293423
11 -0.330621 -0.604038 0.284502 -0.334126 -0.082559 -0.014009 0.156677 0.192388 0.481590 0.065468 0.104589 0.320282 -0.087535 -0.358268 0.280074 -0.398951 -0.074660 -0.306526
3 -0.291837 -0.554450 0.309129 -0.305007 -0.062807 -0.028478 0.249324 0.221819 0.458516 0.069777 0.121300 0.274370 -0.091532 -0.485835 0.206475 -0.426080 -0.002023 -0.378416
13 -0.298094 -0.520734 0.302702 -0.407844 -0.045574 -0.001871 0.173545 -0.050347 0.336113 0.142162 0.110812 0.253079 -0.099665 -0.384494 0.278567 -0.348381 -0.213330 -0.352395
12 -0.358281 -0.558410 0.290183 -0.384278 -0.082083 -0.016853 0.123387 0.009334 0.345344 0.131105 0.144669 0.309647 -0.100741 -0.317907 0.263420 -0.315949 -0.170462 -0.308285
17 -0.283556 -0.549501 0.284612 -0.290030 -0.111560 -0.039297 0.216926 0.213542 0.489788 0.103424 0.111337 0.312908 -0.050122 -0.381737 0.212894 -0.360071 -0.031814 -0.359657
6 -0.263014 -0.567069 0.279492 -0.279781 -0.090655 -0.008449 0.235225 0.273701 0.495736 0.071459 0.117180 0.289750 -0.059007 -0.457982 0.228209 -0.403290 -0.004567 -0.346949
0 -0.306501 -0.604989 0.282545 -0.342143 -0.133118 -0.001109 0.181423 0.245576 0.507961 0.076614 0.118156 0.306183 -0.043769 -0.395342 0.252797 -0.400187 0.018958 -0.308418
2 -0.246036 -0.563110 0.254588 -0.310090 -0.096730 -0.006683 0.224479 0.253484 0.475459 0.060011 0.092454 0.314728 -0.043621 -0.428168 0.218059 -0.412088 -0.025771 -0.294429
9 -0.303078 -0.554255 0.246219 -0.334067 -0.078017 -0.015691 0.185181 0.179615 0.479331 0.077064 0.111535 0.312593 -0.064467 -0.410214 0.223912 -0.381701 -0.069392 -0.295153
5 -0.290396 -0.540332 0.250255 -0.348787 -0.018430 -0.018469 0.207595 0.026377 0.400517 0.081840 0.142804 0.298936 -0.117106 -0.372303 0.262167 -0.381980 -0.154698 -0.367515
14 -0.335645 -0.570373 0.320085 -0.391500 -0.044471 0.000855 0.157824 0.042870 0.377848 0.124501 0.097716 0.306094 -0.108377 -0.368120 0.262393 -0.349274 -0.123970 -0.341181
15 -0.353860 -0.542475 0.289769 -0.397649 -0.044228 0.029518 0.146528 -0.042014 0.341999 0.100197 0.128032 0.278535 -0.103742 -0.289336 0.279191 -0.331136 -0.194974 -0.315956
7 -0.246058 -0.534588 0.241416 -0.320743 -0.099055 -0.000605 0.211685 0.184029 0.485491 0.077246 0.091169 0.292810 -0.053046 -0.428462 0.236677 -0.367302 -0.039287 -0.329567
10 -0.249170 -0.562436 0.236216 -0.264669 -0.086608 0.007919 0.220978 0.298801 0.545287 0.028015 0.098388 0.316739 -0.063651 -0.374402 0.192683 -0.364565 0.051096 -0.265683
16 -0.315148 -0.548357 0.287990 -0.343528 -0.092480 -0.009924 0.182452 0.124602 0.427120 0.101140 0.093465 0.300776 -0.087014 -0.345496 0.272680 -0.378598 -0.108228 -0.337855
8 -0.279693 -0.622149 0.280608 -0.299651 -0.123338 0.005753 0.216363 0.288182 0.524232 0.076946 0.081783 0.313469 -0.069576 -0.400945 0.242151 -0.411357 0.039562 -0.280348
4 -0.275692 -0.515136 0.278228 -0.307503 -0.047179 -0.036996 0.193770 0.206432 0.466268 0.063592 0.133657 0.294268 -0.051569 -0.433887 0.219551 -0.398969 -0.046925 -0.367045
