18 18
3 -0.453278 -0.381874 0.284946 -0.034124 0.015237 -0.307311 0.068979 0.198992 0.367254 -0.063629 0.293032 0.420907 -0.236616 -0.019686 0.264449 -0.474122 -0.187601 -0.529652
17 -0.408927 -0.375884 0.243333 -0.013172 -0.015851 -0.318386 0.072490 0.209602 0.427805 -0.026249 0.272472 0.448986 -0.180612 0.013035 0.230324 -0.391140 -0.195127 -0.499194
4 -0.428985 -0.352587 0.261034 -0.021528 0.031002 -0.329805 0.027486 0.234516 0.406671 -0.074305 0.292105 0.435981 -0.179073 -0.001099 0.246228 -0.435040 -0.194400 -0.511490
16 -0.423547 -0.371823 0.269096 -0.033301 -0.002160 -0.318837 0.079652 0.191368 0.402163 -0.037183 0.244102 0.431656 -0.214791 0.020369 0.280190 -0.448655 -0.230964 -0.525053
11 -0.408194 -0.370062 0.246958 -0.025401 0.017054 -0.286374 0.035021 0.205016 0.383135 -0.070520 0.243276 0.397667 -0.199123 0.022970 0.276181 -0.427219 -0.201034 -0.464987
5 -0.388556 -0.381779 0.210067 -0.033356 0.030640 -0.290736 0.077554 0.165634 0.409558 -0.070640 0.271097 0.421208 -0.211426 0.009955 0.267442 -0.437302 -0.206720 -0.484260
13 -0.396612 -0.373160 0.262038 -0.058881 -0.000611 -0.306365 0.060937 0.178872 0.392086 -0.030900 0.255465 0.405347 -0.187496 -0.029783 0.262570 -0.434280 -0.215557 -0.490652
2 -0.386060 -0.377276 0.240692 -0.046762 0.003322 -0.289034 0.065982 0.206388 0.358140 -0.056690 0.250564 0.433906 -0.187106 -0.010992 0.256797 -0.449446 -0.218577 -0.458873
15 -0.441330 -0.391774 0.267336 -0.057035 0.025168 -0.266945 0.072266 0.176307 0.393271 -0.073187 0.273185 0.422362 -0.194719 0.012432 0.270969 -0.446007 -0.223553 -0.497363
8 -0.414436 -0.404757 0.271156 -0.035664 -0.005062 -0.290202 0.067625 0.194928 0.379336 -0.034083 0.261581 0.428987 -0.227955 0.000439 0.291197 -0.462979 -0.194974 -0.491544
14 -0.428434 -0.391777 0.281728 -0.060487 0.025216 -0.290310 0.040111 0.191331 0.373299 -0.039640 0.237217 0.437493 -0.210759 -0.004237 0.263121 -0.434710 -0.189246 -0.492497
0 -0.421841 -0.388579 0.251484 -0.065264 -0.013150 -0.279626 0.038080 0.189532 0.370277 -0.056012 0.298492 0.431530 -0.192212 0.005353 0.283438 -0.447974 -0.185802 -0.490021
9 -0.425947 -0.372479 0.233747 -0.045639 0.011235 -0.305767 0.056490 0.214787 0.421737 -0.054585 0.269736 0.451461 -0.196754 -0.029163 0.249423 -0.446704 -0.219788 -0.474011
12 -0.424243 -0.383826 0.249738 -0.055324 -0.008537 -0.301005 0.040792 0.158683 0.345720 -0.026196 0.289265 0.443696 -0.215230 0.010658 0.256107 -0.410301 -0.227721 -0.466118
1 -0.427269 -0.395924 0.269803 -0.058912 0.012845 -0.309291 0.055075 0.203986 0.397895 -0.044174 0.240688 0.402863 -0.182745 -0.013183 0.246516 -0.443708 -0.184881 -0.484904
10 -0.387899 -0.363191 0.224402 -0.033274 0.026249 -0.256581 0.073569 0.190804 0.412558 -0.075385 0.263579 0.420963 -0.201886 0.017548 0.239675 -0.398028 -0.185015 -0.447549
7 0.025536 0.002637 -0.024458 -0.006487 -0.021911 0.018456 0.005430 0.006920 0.025711 -0.005710 -0.012468 0.004183 0.006040 -0.027377 0.019628 0.004891 0.006248 -0.002409
6 0.007299 -0.006988 0.006429 0.025394 0.003018 0.008962 0.013628 0.017139 -0.003415 0.002961 0.009307 -0.005691 -0.008572 -0.012634 0.015137 0.000585 -0.007433 -0.019036
