18 18
4 -0.208803 -0.182728 0.341768 -0.020291 -0.276357 -0.050303 0.377480 0.178889 0.202086 0.147982 0.122975 0.446661 -0.095533 -0.035596 0.221667 -0.292020 -0.136529 -0.693515
12 -0.239553 -0.247020 0.355779 -0.082566 -0.325510 -0.048013 0.368932 0.116915 0.165856 0.194837 0.121306 0.463716 -0.100627 -0.035580 0.249575 -0.278974 -0.165670 -0.688159
0 -0.232862 -0.262298 0.386008 -0.115580 -0.346227 -0.020622 0.384485 0.130284 0.167295 0.191234 0.114619 0.450250 -0.093235 -0.059728 0.293110 -0.323333 -0.124726 -0.742362
2 -0.184077 -0.217280 0.336713 -0.062237 -0.319895 -0.027646 0.413776 0.175644 0.165569 0.164193 0.096682 0.474810 -0.082240 -0.076116 0.236708 -0.323005 -0.152576 -0.686460
15 -0.252915 -0.241175 0.397941 -0.075149 -0.305655 -0.023409 0.413029 0.140294 0.182083 0.173118 0.105163 0.448347 -0.096220 -0.042704 0.255941 -0.319528 -0.164309 -0.742836
3 -0.240522 -0.219435 0.388476 -0.044688 -0.299892 -0.039184 0.418422 0.160636 0.159214 0.164422 0.110267 0.436809 -0.135275 -0.074505 0.227628 -0.319962 -0.115318 -0.726636
9 -0.217596 -0.233414 0.320887 -0.048904 -0.350838 -0.002138 0.439208 0.206205 0.277460 0.173510 0.107653 0.535284 -0.125022 -0.073886 0.254822 -0.320966 -0.151547 -0.677876
11 -0.242951 -0.237552 0.369512 -0.024865 -0.297176 -0.037584 0.396795 0.194525 0.229306 0.150602 0.090653 0.469686 -0.139626 -0.021687 0.264893 -0.321794 -0.153003 -0.698871
8 -0.173841 -0.222437 0.307750 -0.013115 -0.317726 0.006640 0.410444 0.173714 0.237200 0.172240 0.073499 0.450614 -0.138047 -0.026387 0.246035 -0.283739 -0.116048 -0.607802
10 -0.193273 -0.217483 0.312906 -0.028967 -0.295505 0.005209 0.421130 0.158831 0.232223 0.146060 0.108259 0.469174 -0.135224 -0.015706 0.216526 -0.262844 -0.125566 -0.631582
1 -0.244133 -0.254845 0.393416 -0.086607 -0.299110 -0.071781 0.386929 0.161658 0.192890 0.185494 0.080118 0.434004 -0.076208 -0.066102 0.238688 -0.319052 -0.133359 -0.734083
6 -0.193439 -0.206593 0.345468 -0.018393 -0.264630 -0.029167 0.362835 0.161627 0.144701 0.158865 0.100905 0.391074 -0.102144 -0.058426 0.228640 -0.266463 -0.130080 -0.658589
7 -0.176388 -0.231361 0.310006 -0.090558 -0.352065 0.015374 0.387677 0.141159 0.220623 0.170777 0.091212 0.459058 -0.089600 -0.079712 0.294408 -0.288122 -0.135468 -0.685921
14 -0.233605 -0.246124 0.392977 -0.089070 -0.291145 -0.027116 0.367353 0.136266 0.164699 0.191616 0.061314 0.443631 -0.103625 -0.053415 0.250397 -0.286529 -0.131037 -0.703515
13 -0.190787 -0.220026 0.356509 -0.077746 -0.308608 -0.039318 0.382135 0.126035 0.187887 0.194400 0.068244 0.404902 -0.083207 -0.068540 0.251751 -0.287317 -0.160917 -0.683313
17 -0.199297 -0.217501 0.338196 -0.037497 -0.327189 -0.057356 0.398605 0.161569 0.208927 0.189031 0.103474 0.457169 -0.075058 -0.036567 0.219799 -0.268113 -0.131223 -0.706025
16 -0.208702 -0.201469 0.343314 -0.057063 -0.323183 -0.038010 0.406408 0.136012 0.187443 0.179901 0.082799 0.458364 -0.106759 -0.026219 0.271165 -0.310777 -0.171760 -0.722673
5 -0.180336 -0.234345 0.283243 -0.065870 -0.291500 -0.039684 0.406408 0.106903 0.223188 0.150812 0.112167 0.458772 -0.105102 -0.037300 0.264292 -0.312063 -0.162054 -0.690298
