18 18
7 -0.058080 -0.393298 0.030349 -0.305212 -0.269113 0.320815 0.326994 0.138729 0.521039 0.107075 -0.137709 0.538766 -0.279261 -0.435873 0.386340 -0.238227 -0.023573 -0.207701
3 -0.221618 -0.344488 0.388987 -0.162425 -0.049379 0.117061 0.444813 0.278964 0.209608 0.064223 -0.075512 0.343793 -0.296967 -0.564994 0.166798 -0.405960 0.188267 -0.594966
14 -0.142356 -0.353579 0.274051 -0.237005 -0.126530 0.195066 0.339222 0.179463 0.269539 0.122239 -0.140415 0.390086 -0.242499 -0.449152 0.219319 -0.262582 0.107757 -0.397139
0 -0.125332 -0.396919 0.203167 -0.292035 -0.223244 0.257265 0.356042 0.160999 0.358273 0.129698 -0.108170 0.448904 -0.243156 -0.442336 0.303049 -0.278195 0.062874 -0.344615
9 -0.083094 -0.334053 -0.038522 -0.184300 -0.123514 0.240803 0.303060 0.190325 0.535076 -0.000638 -0.065666 0.504927 -0.314433 -0.380823 0.316930 -0.295070 -0.006153 -0.165940
15 -0.181210 -0.375876 0.352663 -0.266083 -0.146322 0.209678 0.411826 0.186363 0.260923 0.133567 -0.136289 0.396283 -0.214222 -0.476500 0.217154 -0.305132 0.102947 -0.506415
1 -0.193641 -0.400454 0.324648 -0.227592 -0.102185 0.143538 0.412564 0.266893 0.333875 0.098230 -0.126499 0.420607 -0.259004 -0.522647 0.209901 -0.364833 0.139521 -0.507276
2 -0.116225 -0.361504 0.243274 -0.235581 -0.158668 0.192553 0.375469 0.206137 0.283837 0.112054 -0.134649 0.420741 -0.223609 -0.457792 0.225267 -0.298219 0.071492 -0.394872
10 -0.073727 -0.368738 -0.010810 -0.233131 -0.174746 0.296582 0.315289 0.136968 0.522899 0.033991 -0.065509 0.520616 -0.318316 -0.347182 0.336152 -0.234214 -0.015478 -0.153810
4 -0.187550 -0.331074 0.317450 -0.150517 -0.043402 0.113600 0.407631 0.313647 0.301240 0.042782 -0.060117 0.410530 -0.265910 -0.535663 0.193901 -0.401226 0.159975 -0.571319
5 -0.126213 -0.349078 0.102506 -0.141141 -0.036258 0.166100 0.379246 0.203599 0.416697 -0.017631 -0.038324 0.435540 -0.327100 -0.416026 0.267175 -0.369257 0.067759 -0.373448
11 -0.130796 -0.359681 0.049842 -0.142772 -0.069491 0.190997 0.311543 0.238000 0.494947 -0.037710 -0.045507 0.474898 -0.352229 -0.393591 0.336205 -0.365786 0.024045 -0.277627
16 -0.115605 -0.350130 0.192062 -0.245700 -0.179705 0.217644 0.368517 0.165691 0.361947 0.115920 -0.148391 0.447690 -0.252095 -0.400794 0.286183 -0.282165 0.023946 -0.362654
12 -0.133722 -0.463249 0.107908 -0.354460 -0.280569 0.299176 0.346690 0.114256 0.480746 0.152100 -0.099593 0.582107 -0.310586 -0.458152 0.389774 -0.262285 -0.055817 -0.259774
8 -0.075165 -0.363972 0.035736 -0.199555 -0.180701 0.261526 0.314488 0.165297 0.466541 0.059654 -0.088663 0.469713 -0.311282 -0.373429 0.341036 -0.278083 0.015102 -0.192363
17 -0.167032 -0.400923 0.325934 -0.236905 -0.180262 0.181240 0.435410 0.237118 0.333591 0.154946 -0.130193 0.464820 -0.240492 -0.494974 0.221035 -0.299962 0.113435 -0.518553
6 -0.151951 -0.344241 0.296809 -0.174988 -0.110440 0.166230 0.395573 0.237961 0.261869 0.100954 -0.088313 0.362861 -0.242299 -0.486216 0.209073 -0.308979 0.106646 -0.477017
13 -0.096698 -0.389197 0.160668 -0.314470 -0.232409 0.244518 0.344232 0.121287 0.408187 0.152578 -0.125022 0.462815 -0.242327 -0.464610 0.316749 -0.255033 -0.023273 -0.306028
