18 18
16 -0.218458 -0.363595 0.238800 -0.291430 -0.067835 0.361266 0.392127 -0.088126 0.185791 -0.010421 0.214029 0.354129 -0.286581 -0.311706 0.390675 -0.336753 -0.200164 -0.446912
9 -0.230436 -0.392223 0.197362 -0.344621 -0.024080 0.372514 0.360804 -0.080108 0.210845 -0.038903 0.245877 0.425263 -0.286768 -0.415655 0.331121 -0.319457 -0.218388 -0.363790
13 -0.211233 -0.358814 0.221444 -0.329104 -0.068576 0.367268 0.366288 -0.129078 0.166949 0.010971 0.250137 0.338892 -0.267197 -0.421487 0.342978 -0.294242 -0.221869 -0.399896
14 -0.203029 -0.403030 0.234879 -0.355311 0.014612 0.362674 0.339186 -0.069024 0.193203 -0.042863 0.178178 0.426322 -0.289222 -0.373710 0.345867 -0.325484 -0.182525 -0.376904
10 -0.197191 -0.381676 0.207414 -0.294972 -0.024941 0.385856 0.377881 -0.069604 0.216470 -0.054338 0.244703 0.387812 -0.284849 -0.315358 0.341564 -0.290584 -0.167725 -0.373542
4 -0.162890 -0.365574 0.181685 -0.337810 0.031046 0.321967 0.319068 -0.018420 0.245719 -0.076530 0.203592 0.455886 -0.252716 -0.414712 0.336875 -0.345291 -0.216783 -0.383889
2 -0.139288 -0.400527 0.182005 -0.373545 0.011401 0.357684 0.363093 -0.037592 0.216181 -0.072111 0.176751 0.470987 -0.260873 -0.433138 0.345501 -0.360711 -0.232122 -0.357596
11 -0.230898 -0.407302 0.230563 -0.303383 -0.016190 0.348876 0.342476 -0.043235 0.220898 -0.063371 0.222253 0.390880 -0.293145 -0.338941 0.391239 -0.352873 -0.202199 -0.407357
8 -0.219408 -0.386487 0.240286 -0.287724 -0.069275 0.357152 0.358629 -0.077381 0.157749 0.006130 0.226089 0.344724 -0.288626 -0.357711 0.367161 -0.326174 -0.167266 -0.390635
7 -0.141473 -0.376133 0.158906 -0.357673 -0.025039 0.374948 0.358186 -0.064148 0.252094 -0.058399 0.192981 0.431531 -0.261249 -0.452864 0.366598 -0.320686 -0.215661 -0.381017
12 -0.238606 -0.397443 0.207468 -0.349967 -0.039737 0.354891 0.336553 -0.123838 0.160920 -0.015104 0.270751 0.411712 -0.283492 -0.389133 0.331910 -0.287654 -0.240631 -0.365395
15 -0.277133 -0.371368 0.269112 -0.279940 -0.073610 0.397398 0.373601 -0.133389 0.123170 -0.014922 0.309852 0.293334 -0.266909 -0.297205 0.358474 -0.293225 -0.172237 -0.432080
6 -0.270272 -0.357979 0.269542 -0.228799 -0.117102 0.392825 0.386260 -0.109857 0.092817 0.022850 0.331474 0.257687 -0.274667 -0.330859 0.363793 -0.276078 -0.157100 -0.451314
0 -0.274768 -0.378048 0.275671 -0.287066 -0.133864 0.411769 0.377837 -0.126561 0.101339 0.014761 0.341660 0.286675 -0.274623 -0.330400 0.406426 -0.321751 -0.135542 -0.468240
5 -0.152928 -0.389584 0.154157 -0.326244 0.023442 0.323734 0.355511 -0.070080 0.244119 -0.075822 0.198722 0.430365 -0.273683 -0.365237 0.343439 -0.338299 -0.212684 -0.376349
3 -0.280657 -0.359093 0.275787 -0.277591 -0.083903 0.379882 0.389185 -0.118163 0.097404 -0.005518 0.307987 0.284025 -0.295919 -0.365769 0.339618 -0.311513 -0.147074 -0.442961
1 -0.239708 -0.415722 0.249152 -0.338085 -0.019353 0.333633 0.359694 -0.046400 0.223868 -0.039707 0.223951 0.389073 -0.258759 -0.384821 0.348842 -0.349124 -0.183587 -0.425704
17 -0.261674 -0.363182 0.263958 -0.242776 -0.121321 0.363914 0.387414 -0.096906 0.144633 0.025583 0.315484 0.320279 -0.258672 -0.306112 0.343467 -0.269485 -0.153349 -0.460570
