18 18
12 -0.495595 -0.592760 0.478541 -0.417652 -0.022060 0.043055 0.106888 0.047454 0.086686 -0.008694 0.177481 0.333515 -0.123008 -0.155837 0.248614 -0.373359 0.079429 -0.495663
6 -0.453352 -0.539818 0.477963 -0.337620 0.007551 0.049365 0.127182 0.117521 0.087771 -0.033380 0.160800 0.284443 -0.136390 -0.184921 0.233628 -0.384362 0.118910 -0.501136
14 -0.457681 -0.532570 0.477457 -0.383335 0.013372 0.050311 0.086279 0.082386 0.077653 -0.016080 0.118849 0.305990 -0.125153 -0.160127 0.220432 -0.358919 0.127366 -0.468658
1 -0.498983 -0.566972 0.514716 -0.381609 0.026859 -0.000746 0.107472 0.140352 0.112339 -0.034814 0.132687 0.288374 -0.117044 -0.196699 0.195401 -0.407267 0.158885 -0.505557
3 -0.492696 -0.522945 0.503244 -0.345648 0.023446 0.025240 0.124205 0.132056 0.076939 -0.054059 0.164568 0.276950 -0.158264 -0.205437 0.187790 -0.405989 0.173660 -0.500149
4 -0.488141 -0.538597 0.499441 -0.376463 0.022077 0.016218 0.087649 0.149809 0.113833 -0.053347 0.179124 0.325745 -0.113752 -0.195893 0.222091 -0.414631 0.146679 -0.528522
11 -0.493032 -0.536794 0.475263 -0.334929 0.046786 0.000036 0.080301 0.175933 0.141536 -0.082530 0.156417 0.328556 -0.156595 -0.164888 0.220782 -0.426654 0.150451 -0.497112
9 -0.451015 -0.488015 0.422323 -0.330011 0.024925 0.015426 0.090071 0.166276 0.140663 -0.059359 0.147224 0.320470 -0.122030 -0.200889 0.177696 -0.385265 0.139197 -0.441992
2 -0.415743 -0.517332 0.450454 -0.364205 -0.000956 0.038532 0.116297 0.123592 0.071145 -0.041193 0.133515 0.294025 -0.104755 -0.202192 0.207558 -0.404625 0.120360 -0.456610
0 -0.439332 -0.511086 0.445334 -0.378578 -0.012444 0.046820 0.081866 0.101181 0.092042 -0.036899 0.163158 0.287702 -0.105358 -0.161578 0.226748 -0.384961 0.149893 -0.461231
5 -0.425014 -0.533222 0.422154 -0.357183 0.021646 0.026297 0.129826 0.076918 0.119900 -0.049226 0.165057 0.312694 -0.135179 -0.177016 0.229653 -0.407756 0.113705 -0.505666
13 -0.415664 -0.528747 0.459372 -0.406093 -0.030484 0.058882 0.116430 0.028911 0.083331 0.007277 0.125904 0.257663 -0.088089 -0.182665 0.242578 -0.356394 0.070000 -0.469039
17 -0.461422 -0.526259 0.479198 -0.347974 -0.017115 0.019438 0.113297 0.128036 0.118387 -0.014457 0.151185 0.318773 -0.105677 -0.155661 0.198433 -0.363577 0.136521 -0.502074
15 -0.482431 -0.553494 0.483263 -0.414311 0.002103 0.076008 0.117573 0.046623 0.092821 -0.036373 0.155740 0.296656 -0.101830 -0.141920 0.242251 -0.395130 0.088784 -0.497137
10 -0.432467 -0.522515 0.441657 -0.353943 0.010974 0.060450 0.120822 0.105652 0.120134 -0.048745 0.152951 0.304970 -0.130814 -0.159491 0.202014 -0.354083 0.137017 -0.450633
7 -0.429647 -0.566559 0.461247 -0.406297 -0.032387 0.077462 0.132525 0.089440 0.122404 -0.029285 0.136275 0.311973 -0.120136 -0.220041 0.273341 -0.399321 0.125616 -0.519545
16 -0.455144 -0.526132 0.470667 -0.377138 -0.006036 0.040968 0.126623 0.087523 0.098218 -0.025928 0.131307 0.308471 -0.128757 -0.150869 0.248168 -0.401572 0.096856 -0.514620
8 -0.420165 -0.541103 0.461046 -0.352211 -0.023795 0.057870 0.127935 0.088008 0.083101 -0.003791 0.127786 0.277682 -0.133315 -0.174979 0.247607 -0.385266 0.121361 -0.466153
