18 18
9 -0.330287 -0.348933 0.201510 -0.281856 -0.019623 0.126340 0.287612 0.103871 0.164995 -0.180710 0.355611 0.254391 -0.151038 -0.547177 0.178854 -0.516578 -0.116298 -0.326790
3 -0.323802 -0.332519 0.262280 -0.250644 0.003671 0.101041 0.300527 0.101013 0.098707 -0.177995 0.345803 0.206414 -0.174963 -0.556005 0.173454 -0.550192 -0.090897 -0.406840
11 -0.346810 -0.382248 0.252190 -0.259871 -0.001678 0.129852 0.283444 0.108327 0.153564 -0.202916 0.341222 0.225527 -0.188326 -0.498337 0.234586 -0.551727 -0.121508 -0.386086
7 -0.290702 -0.366282 0.206937 -0.282756 -0.036146 0.149756 0.316071 0.094537 0.177243 -0.179893 0.353506 0.254829 -0.152679 -0.553785 0.219599 -0.512648 -0.126969 -0.382073
13 -0.253986 -0.358821 0.231610 -0.260330 -0.010388 0.089160 0.328411 0.108213 0.178022 -0.150901 0.349284 0.257994 -0.128695 -0.553643 0.201715 -0.528945 -0.169698 -0.418959
8 -0.314467 -0.380906 0.247531 -0.262452 -0.038777 0.142332 0.318894 0.104388 0.137635 -0.159784 0.332199 0.222033 -0.175850 -0.529676 0.219079 -0.552109 -0.095227 -0.362027
14 -0.300006 -0.374755 0.263617 -0.268086 0.007127 0.104219 0.298345 0.110065 0.135086 -0.147862 0.319486 0.263683 -0.154124 -0.535150 0.190170 -0.523821 -0.119303 -0.402182
12 -0.314947 -0.358726 0.217046 -0.262157 -0.027195 0.095183 0.270456 0.066497 0.125319 -0.139729 0.362138 0.254963 -0.153174 -0.480802 0.184479 -0.471948 -0.142519 -0.358414
5 -0.233153 -0.360815 0.162864 -0.220947 0.010642 0.085447 0.344402 0.098661 0.193961 -0.178494 0.374766 0.287674 -0.154115 -0.505862 0.206625 -0.534746 -0.161678 -0.413764
6 -0.192169 -0.338947 0.191939 -0.178174 0.002858 0.089217 0.340364 0.160093 0.172396 -0.156190 0.354812 0.276213 -0.127464 -0.530732 0.205832 -0.512436 -0.173971 -0.425994
0 -0.328202 -0.374411 0.223830 -0.298841 -0.046176 0.139555 0.286661 0.076149 0.145378 -0.167659 0.377806 0.240621 -0.153692 -0.516477 0.219359 -0.524057 -0.094044 -0.370574
15 -0.343129 -0.364647 0.249802 -0.283085 -0.006097 0.142528 0.303530 0.058702 0.135108 -0.176747 0.351121 0.221098 -0.157810 -0.498506 0.201712 -0.521430 -0.138507 -0.385147
2 -0.211047 -0.351994 0.199873 -0.228764 -0.004456 0.096544 0.342857 0.159374 0.149305 -0.181025 0.347916 0.291302 -0.120414 -0.552759 0.188336 -0.552338 -0.168855 -0.393372
4 -0.270489 -0.315898 0.209537 -0.229102 0.011145 0.083491 0.270787 0.131717 0.152946 -0.179044 0.363412 0.256835 -0.121676 -0.507398 0.179171 -0.503934 -0.130759 -0.392723
10 -0.262977 -0.363676 0.199641 -0.239071 0.004549 0.141148 0.353477 0.112956 0.193736 -0.200215 0.386639 0.281433 -0.168745 -0.515902 0.190192 -0.514832 -0.135668 -0.387810
1 -0.349775 -0.377684 0.269433 -0.288571 0.006530 0.072053 0.285017 0.114883 0.148329 -0.164122 0.331843 0.230443 -0.134219 -0.545409 0.161103 -0.542173 -0.101077 -0.397062
17 -0.257292 -0.363099 0.216797 -0.215820 -0.033573 0.069881 0.343678 0.141207 0.201121 -0.142446 0.373363 0.302716 -0.120903 -0.516609 0.180979 -0.509611 -0.147969 -0.442372
16 -0.003066 0.009981 0.006043 0.000869 -0.007381 -0.001770 0.017455 -0.006904 0.000948 0.004908 -0.016488 0.011175 -0.012361 0.022003 0.021550 -0.015661 -0.025305 -0.027720
