18 18
14 -0.136898 -0.398019 0.166879 -0.233882 -0.193686 0.247976 0.370836 0.043793 0.159777 0.018739 0.021284 0.423119 -0.261605 -0.212044 0.346712 -0.327924 -0.144356 -0.314743
16 -0.136633 -0.378863 0.131485 -0.184609 -0.224728 0.209567 0.412885 0.058813 0.207605 0.002573 0.055126 0.469410 -0.271351 -0.151601 0.377477 -0.353973 -0.171673 -0.399506
6 -0.115483 -0.410557 0.141226 -0.190875 -0.211410 0.263037 0.426976 0.078168 0.200496 -0.003011 0.061137 0.434145 -0.273692 -0.229608 0.388757 -0.349855 -0.185465 -0.356484
13 -0.104966 -0.392826 0.147150 -0.238327 -0.209702 0.255728 0.410286 0.037641 0.194413 0.007410 0.039102 0.396227 -0.251554 -0.248366 0.381312 -0.353410 -0.203649 -0.332263
7 -0.100567 -0.406347 0.114690 -0.244490 -0.234446 0.296648 0.410886 0.063103 0.226951 -0.020299 0.032937 0.424786 -0.266042 -0.260727 0.408418 -0.353787 -0.171067 -0.321216
12 -0.151973 -0.418180 0.144003 -0.239696 -0.223745 0.249870 0.378003 0.026768 0.171090 0.016085 0.065744 0.433695 -0.271154 -0.206220 0.376167 -0.327821 -0.197030 -0.309492
17 -0.135393 -0.403252 0.123858 -0.152253 -0.258993 0.177485 0.441544 0.079135 0.245150 0.029877 0.106036 0.527466 -0.252433 -0.134295 0.347242 -0.323421 -0.165531 -0.436254
0 -0.121783 -0.418395 0.135615 -0.245169 -0.243581 0.279132 0.406581 0.063396 0.201044 -0.003017 0.082918 0.450111 -0.254862 -0.223078 0.397532 -0.365964 -0.154548 -0.337416
10 -0.132899 -0.457267 0.141741 -0.240141 -0.228882 0.327802 0.487984 0.072445 0.250098 -0.027515 0.073220 0.513956 -0.321990 -0.237010 0.413275 -0.375556 -0.193837 -0.359557
15 -0.139943 -0.385458 0.143897 -0.219381 -0.197401 0.260019 0.401105 0.035655 0.188552 -0.013358 0.062647 0.414593 -0.245854 -0.188645 0.357262 -0.340225 -0.180679 -0.335544
2 -0.110153 -0.423069 0.138283 -0.229126 -0.233954 0.270806 0.449730 0.087663 0.186751 -0.011132 0.057864 0.489347 -0.265040 -0.239529 0.386919 -0.394809 -0.199447 -0.348895
9 -0.141259 -0.420142 0.128096 -0.236129 -0.222566 0.273150 0.421488 0.079689 0.230560 -0.006527 0.047336 0.469044 -0.280254 -0.261416 0.384539 -0.375586 -0.189347 -0.325403
1 -0.167008 -0.466837 0.179155 -0.260313 -0.224395 0.243686 0.431144 0.085214 0.232575 0.001447 0.041975 0.474074 -0.270527 -0.245883 0.389789 -0.399682 -0.161362 -0.381714
11 -0.156380 -0.434844 0.155739 -0.221534 -0.212964 0.257436 0.397962 0.078479 0.222909 -0.024098 0.045917 0.443309 -0.290788 -0.206714 0.414809 -0.382001 -0.182945 -0.349096
8 -0.117433 -0.420110 0.157250 -0.211976 -0.228850 0.265197 0.410561 0.064895 0.190009 0.021519 0.030194 0.414811 -0.277444 -0.224357 0.389226 -0.357543 -0.155084 -0.318896
5 -0.131236 -0.394858 0.079309 -0.141107 -0.198258 0.155780 0.437921 0.037676 0.241454 -0.016775 0.135637 0.528353 -0.273102 -0.106693 0.353486 -0.349827 -0.170536 -0.450333
4 -0.129052 -0.353488 0.108349 -0.142929 -0.199773 0.167589 0.392053 0.087318 0.222101 -0.017280 0.132827 0.504628 -0.237052 -0.137844 0.343421 -0.333701 -0.161004 -0.428105
3 -0.156832 -0.413194 0.167581 -0.216610 -0.219186 0.258140 0.442517 0.064499 0.182330 -0.011254 0.068643 0.443094 -0.303821 -0.250515 0.373993 -0.382659 -0.151728 -0.380312
