18 18
4 -0.332158 -0.577350 0.400355 -0.206406 -0.163319 -0.044392 0.080013 -0.011627 -0.004998 0.196790 0.192117 0.431545 -0.247569 0.010443 0.487389 -0.299218 -0.277117 -0.473587
2 -0.283928 -0.565336 0.326395 -0.228067 -0.202590 -0.046425 0.136068 -0.066821 -0.025052 0.213133 0.201435 0.454518 -0.242870 0.001675 0.413623 -0.261316 -0.272117 -0.421957
8 -0.314445 -0.605785 0.386696 -0.206281 -0.196409 -0.007197 0.114359 -0.043877 -0.022489 0.225663 0.172834 0.419529 -0.286954 0.009627 0.483563 -0.278085 -0.239578 -0.430390
6 -0.311510 -0.610809 0.374315 -0.203320 -0.195345 -0.003349 0.126530 -0.049956 -0.024210 0.223962 0.212891 0.440450 -0.296522 -0.007066 0.499175 -0.264093 -0.267734 -0.463244
12 -0.362761 -0.655037 0.354432 -0.249419 -0.225338 -0.051112 0.112163 -0.110050 -0.023125 0.247238 0.258562 0.505134 -0.298369 0.033873 0.443021 -0.219233 -0.276126 -0.435003
3 -0.317067 -0.550779 0.350524 -0.207507 -0.179579 -0.009753 0.119578 -0.066195 -0.043828 0.188257 0.223185 0.396265 -0.295904 -0.029508 0.422741 -0.249283 -0.199527 -0.427353
11 -0.335130 -0.590941 0.386782 -0.201546 -0.153945 0.002862 0.069766 -0.018689 -0.001318 0.164279 0.158445 0.394708 -0.288302 0.026815 0.507890 -0.292065 -0.246082 -0.419819
7 -0.300323 -0.603055 0.350506 -0.234260 -0.217387 0.015790 0.115143 -0.057350 0.003330 0.204399 0.195747 0.435808 -0.286125 -0.023723 0.510682 -0.264531 -0.246579 -0.449144
16 -0.311453 -0.554373 0.358391 -0.226697 -0.204993 -0.034692 0.120959 -0.088769 -0.035429 0.236197 0.176223 0.436206 -0.273018 0.035754 0.444563 -0.243952 -0.278348 -0.434536
15 -0.323758 -0.569570 0.367892 -0.228560 -0.160741 -0.004985 0.122482 -0.073639 0.001263 0.180502 0.180266 0.392608 -0.245645 0.015059 0.434534 -0.265922 -0.254222 -0.429412
13 -0.297182 -0.602165 0.372874 -0.258018 -0.214858 -0.031522 0.123963 -0.096582 -0.011019 0.245418 0.187572 0.416425 -0.257775 -0.022326 0.453990 -0.246949 -0.279815 -0.435269
5 -0.325093 -0.642211 0.307446 -0.226167 -0.179805 -0.089830 0.176863 -0.111056 0.050851 0.207717 0.236857 0.494752 -0.286514 0.029319 0.392546 -0.255060 -0.251864 -0.466619
14 -0.348986 -0.638481 0.412425 -0.249125 -0.184258 0.005576 0.082886 -0.067488 -0.048443 0.235423 0.177992 0.460355 -0.314571 0.005448 0.491827 -0.248197 -0.235831 -0.435645
1 -0.329741 -0.591640 0.380930 -0.240126 -0.163170 -0.061477 0.103249 -0.046481 0.014528 0.209070 0.141946 0.386365 -0.231524 -0.001109 0.387078 -0.252490 -0.217692 -0.400904
0 -0.277999 -0.531597 0.308120 -0.231227 -0.202146 0.003804 0.093159 -0.081556 -0.019839 0.193769 0.215596 0.391652 -0.237726 0.007817 0.434186 -0.231568 -0.214528 -0.392316
10 -0.303132 -0.591834 0.340415 -0.225910 -0.187628 0.027079 0.127921 -0.073599 0.006111 0.188808 0.224389 0.443030 -0.299561 0.015224 0.457513 -0.229286 -0.233124 -0.410273
17 -0.309439 -0.590783 0.317124 -0.211433 -0.222682 -0.102524 0.165136 -0.084146 0.045696 0.246462 0.212367 0.478459 -0.235264 0.029606 0.329249 -0.189520 -0.231551 -0.443759
9 -0.008402 0.003844 -0.023332 -0.006576 0.000593 0.000225 -0.003692 0.013429 0.026437 -0.004111 0.005667 0.021814 0.003016 -0.025362 -0.007905 -0.006482 -0.012628 0.018993
