18 18
12 -0.281152 -0.580349 0.271309 -0.449946 -0.069829 0.137134 0.220422 -0.123484 0.067226 0.009081 0.093011 0.483333 -0.149486 0.052736 0.299595 -0.319830 -0.255153 -0.251833
6 -0.273874 -0.617040 0.318498 -0.435577 -0.050861 0.165634 0.275763 -0.099875 0.061272 0.008121 0.061300 0.468180 -0.168142 0.043239 0.319014 -0.346660 -0.255241 -0.292505
11 -0.275666 -0.590028 0.264982 -0.427409 -0.039917 0.150912 0.231295 -0.082701 0.125274 -0.045081 0.083512 0.489775 -0.175954 0.062837 0.355247 -0.390477 -0.259505 -0.279257
5 -0.260005 -0.638023 0.217790 -0.461614 -0.043560 0.156803 0.284327 -0.143362 0.152054 -0.040925 0.133432 0.555446 -0.190671 0.061698 0.364220 -0.404527 -0.281809 -0.302815
16 -0.251612 -0.527581 0.307447 -0.410271 -0.045760 0.149283 0.255558 -0.118897 0.035411 0.016777 0.014547 0.407727 -0.155328 0.067184 0.279595 -0.317938 -0.228324 -0.260079
1 -0.301954 -0.600124 0.346376 -0.463629 -0.022170 0.125121 0.245125 -0.083313 0.062826 0.001875 0.023330 0.426913 -0.120190 0.020808 0.246020 -0.343701 -0.197668 -0.260960
15 -0.265875 -0.530122 0.326973 -0.438383 -0.019926 0.178630 0.258971 -0.129996 0.032514 -0.006128 0.032418 0.397675 -0.136885 0.038841 0.262418 -0.330398 -0.216591 -0.249745
8 -0.247595 -0.589975 0.313472 -0.427567 -0.062834 0.178198 0.277793 -0.116644 0.056850 0.023295 0.029651 0.437987 -0.179042 0.049318 0.318764 -0.360646 -0.217269 -0.253726
17 -0.275862 -0.605315 0.287407 -0.434537 -0.077712 0.140322 0.283050 -0.101586 0.122783 0.011418 0.087571 0.514404 -0.150597 0.063015 0.303654 -0.345778 -0.251184 -0.306569
9 -0.275257 -0.581568 0.220366 -0.463521 -0.064553 0.159822 0.251296 -0.088198 0.165742 -0.034904 0.111416 0.540192 -0.161741 0.007046 0.352504 -0.398360 -0.284691 -0.280652
0 -0.259030 -0.587424 0.253551 -0.459059 -0.081430 0.166462 0.240994 -0.108653 0.103478 -0.017842 0.109202 0.482568 -0.148648 0.038250 0.350620 -0.374539 -0.237726 -0.281624
10 -0.243440 -0.575905 0.255290 -0.425019 -0.052768 0.176971 0.263608 -0.112787 0.099099 -0.017780 0.082455 0.474012 -0.168843 0.067608 0.298280 -0.316865 -0.236940 -0.242818
14 -0.270424 -0.553864 0.339942 -0.443515 -0.019819 0.166416 0.224266 -0.117520 0.007174 0.022806 0.001841 0.416462 -0.150233 0.044076 0.247454 -0.293896 -0.183950 -0.225922
13 -0.243477 -0.575630 0.304405 -0.463316 -0.053461 0.152930 0.258629 -0.130946 0.080359 0.013896 0.040269 0.437408 -0.143415 0.023582 0.313409 -0.350119 -0.258183 -0.276402
2 -0.251214 -0.576844 0.303429 -0.454595 -0.054969 0.147915 0.267145 -0.097547 0.023628 -0.000159 0.044632 0.460215 -0.131519 0.024442 0.278118 -0.363665 -0.245164 -0.249406
7 -0.228375 -0.557167 0.226725 -0.433146 -0.074589 0.155522 0.243686 -0.088044 0.124204 -0.023766 0.070529 0.468435 -0.137052 0.006662 0.324728 -0.346885 -0.234476 -0.269569
3 -0.280930 -0.541882 0.318477 -0.421879 -0.033597 0.146321 0.265960 -0.110936 0.031559 -0.008196 0.062478 0.416416 -0.170979 0.013939 0.261297 -0.344522 -0.194857 -0.275777
4 -0.279211 -0.587443 0.272848 -0.460477 -0.042535 0.144814 0.243198 -0.080516 0.121022 -0.034428 0.118037 0.527942 -0.145550 0.026910 0.333734 -0.391825 -0.258269 -0.310431
