18 18
0 -0.338112 -0.482960 0.140745 -0.270288 -0.113752 0.062718 0.096141 0.177778 0.442462 -0.151027 0.402756 0.543626 -0.027608 0.085503 0.343098 -0.330406 -0.057903 -0.431268
6 -0.301236 -0.454244 0.138375 -0.203710 -0.098105 0.090202 0.128550 0.176368 0.437414 -0.130488 0.377162 0.505876 -0.045119 0.066323 0.332470 -0.274833 -0.079110 -0.417010
9 -0.321816 -0.449641 0.111358 -0.243731 -0.102871 0.071252 0.115747 0.187904 0.479537 -0.147765 0.380291 0.549799 -0.029633 0.058772 0.322141 -0.312634 -0.090403 -0.397048
2 -0.311569 -0.477219 0.138288 -0.238152 -0.094640 0.046693 0.139584 0.195513 0.388256 -0.158250 0.373949 0.570185 -0.043962 0.069878 0.329671 -0.361964 -0.105365 -0.424782
4 -0.337855 -0.457613 0.151221 -0.223406 -0.072541 0.021142 0.094032 0.208641 0.419283 -0.163892 0.407503 0.560964 -0.032403 0.074746 0.322635 -0.342307 -0.078343 -0.457051
10 -0.300431 -0.436851 0.115174 -0.222331 -0.077300 0.088606 0.120753 0.161347 0.452855 -0.157162 0.354256 0.500147 -0.051060 0.096243 0.295873 -0.263979 -0.061276 -0.372608
8 -0.295528 -0.458262 0.140716 -0.211846 -0.110408 0.067853 0.122482 0.169795 0.433381 -0.107139 0.328990 0.480180 -0.048407 0.078749 0.319658 -0.289918 -0.055161 -0.388250
1 -0.377454 -0.517710 0.186609 -0.263295 -0.077034 0.002775 0.117637 0.198663 0.445703 -0.144570 0.367893 0.554603 -0.028288 0.079209 0.315032 -0.357573 -0.078746 -0.472233
15 -0.337543 -0.468054 0.154175 -0.257467 -0.098536 0.102945 0.133353 0.139215 0.445541 -0.143449 0.371835 0.498779 -0.031721 0.089336 0.331165 -0.296229 -0.091258 -0.421521
17 -0.311130 -0.449161 0.129468 -0.219094 -0.128814 0.053445 0.132990 0.191240 0.484407 -0.126970 0.375375 0.552121 -0.016290 0.097367 0.312873 -0.286444 -0.075925 -0.433706
5 -0.269065 -0.437268 0.085475 -0.199195 -0.070462 0.058233 0.137842 0.123325 0.420436 -0.138004 0.339232 0.479363 -0.055833 0.082038 0.305997 -0.284162 -0.085254 -0.384790
16 -0.341388 -0.480940 0.154683 -0.244522 -0.102224 0.049470 0.143357 0.174820 0.443872 -0.146150 0.375999 0.571502 -0.057218 0.107142 0.360227 -0.350229 -0.110506 -0.480285
11 -0.304408 -0.425835 0.128497 -0.205667 -0.076701 0.049212 0.073827 0.176573 0.418478 -0.147660 0.326445 0.476217 -0.044377 0.089250 0.318882 -0.292601 -0.076505 -0.371412
3 -0.387746 -0.506423 0.185590 -0.251092 -0.093752 0.044591 0.141970 0.198602 0.436004 -0.170375 0.431222 0.573872 -0.073206 0.060268 0.350017 -0.383714 -0.065599 -0.505791
13 -0.304748 -0.475367 0.146860 -0.254973 -0.108193 0.061656 0.136709 0.149980 0.460504 -0.118865 0.360431 0.517484 -0.027467 0.058354 0.341950 -0.312618 -0.105314 -0.443533
7 -0.291838 -0.450068 0.107131 -0.243572 -0.127903 0.098047 0.117449 0.182889 0.492501 -0.148505 0.351337 0.520987 -0.028179 0.053981 0.349150 -0.291194 -0.061199 -0.404881
14 -0.325882 -0.483529 0.158539 -0.253012 -0.082389 0.070519 0.102764 0.151946 0.418408 -0.120270 0.340587 0.536380 -0.049876 0.081589 0.322401 -0.288014 -0.066099 -0.416220
12 -0.311431 -0.440491 0.120480 -0.223176 -0.105697 0.043440 0.086541 0.131596 0.387683 -0.104118 0.369027 0.527569 -0.045491 0.093843 0.301530 -0.256597 -0.103368 -0.370176
