18 18
0 -0.197961 -0.413049 0.217369 -0.368433 -0.357637 0.080379 0.278397 0.034040 0.499625 0.159039 0.121557 0.338466 0.059237 -0.199197 0.278061 -0.192783 -0.069231 -0.473402
10 -0.213310 -0.457444 0.225594 -0.379098 -0.384698 0.104815 0.346662 0.024389 0.584693 0.174678 0.111669 0.388462 0.038248 -0.175094 0.276420 -0.175966 -0.087403 -0.488929
11 -0.251256 -0.461779 0.262829 -0.346379 -0.296541 0.052295 0.255141 0.101269 0.529859 0.113314 0.120091 0.391786 0.013799 -0.215691 0.311072 -0.240821 -0.096138 -0.518767
12 -0.252612 -0.452658 0.254467 -0.365878 -0.330367 0.037658 0.250748 0.047651 0.485293 0.160809 0.151277 0.396312 0.026435 -0.213127 0.279665 -0.194000 -0.103688 -0.507400
2 -0.182438 -0.422845 0.218017 -0.338913 -0.324811 0.066222 0.288847 0.080903 0.461727 0.137316 0.104313 0.363933 0.048259 -0.231252 0.260455 -0.221927 -0.094721 -0.454926
16 -0.185472 -0.387188 0.210479 -0.349261 -0.397462 0.078150 0.343953 0.000353 0.528779 0.207489 0.048103 0.339473 0.053614 -0.139676 0.266507 -0.175642 -0.115511 -0.469990
4 -0.220229 -0.403256 0.248908 -0.321694 -0.258283 0.029500 0.221585 0.133675 0.491562 0.089936 0.159461 0.378287 0.049732 -0.257451 0.272004 -0.231341 -0.071416 -0.527253
3 -0.244537 -0.432569 0.269858 -0.358561 -0.333371 0.065467 0.308913 0.054372 0.489447 0.147456 0.119453 0.347558 0.008470 -0.248325 0.266157 -0.223752 -0.058906 -0.521535
6 -0.209135 -0.450749 0.247178 -0.338250 -0.332014 0.077860 0.303279 0.070563 0.494968 0.156244 0.134645 0.355965 0.032507 -0.245877 0.293190 -0.204486 -0.095789 -0.519480
17 -0.185701 -0.414867 0.214176 -0.351941 -0.451636 0.077508 0.367338 0.011870 0.590117 0.245174 0.060663 0.350536 0.091945 -0.141500 0.239454 -0.134611 -0.081163 -0.480190
8 -0.186546 -0.434846 0.223585 -0.350240 -0.412992 0.092347 0.336157 0.010195 0.523852 0.219941 0.064693 0.333338 0.039443 -0.160058 0.278754 -0.182798 -0.067987 -0.449191
1 -0.207532 -0.427920 0.230020 -0.363828 -0.364368 0.061867 0.309277 0.036038 0.526006 0.185695 0.057539 0.309396 0.071089 -0.187951 0.234077 -0.182880 -0.062322 -0.440277
9 -0.178088 -0.391817 0.169134 -0.356568 -0.410676 0.092785 0.340403 0.015801 0.566650 0.208542 0.057602 0.345152 0.071366 -0.182693 0.244651 -0.167621 -0.105447 -0.416448
15 -0.202447 -0.409935 0.224931 -0.364455 -0.362583 0.105850 0.320563 -0.007207 0.501110 0.175336 0.086495 0.316124 0.057941 -0.167842 0.259669 -0.175989 -0.101270 -0.451877
13 -0.168722 -0.399978 0.224115 -0.366893 -0.378121 0.066001 0.311134 0.023074 0.524377 0.193870 0.075075 0.313379 0.071534 -0.221517 0.262859 -0.184119 -0.090258 -0.471660
7 -0.157217 -0.403706 0.191572 -0.354996 -0.400662 0.098475 0.321791 0.036787 0.536165 0.184647 0.065278 0.325526 0.073089 -0.218055 0.267228 -0.163574 -0.072278 -0.453561
14 -0.261978 -0.467105 0.296765 -0.383096 -0.254396 0.053055 0.223864 0.088373 0.484480 0.121504 0.121488 0.420094 0.006866 -0.248243 0.298629 -0.233528 -0.080265 -0.534893
5 -0.206136 -0.438042 0.202186 -0.337577 -0.298714 0.050410 0.302795 0.024391 0.510265 0.127658 0.130212 0.372777 0.010773 -0.189893 0.278709 -0.220877 -0.098620 -0.500006
