18 18
14 -0.355242 -0.506745 0.270669 -0.275594 0.203659 0.218336 0.250892 -0.026275 0.317786 -0.113938 0.120889 0.353917 -0.197787 -0.088618 0.185190 -0.280278 -0.060700 -0.330153
9 -0.340291 -0.480822 0.196604 -0.236685 0.198617 0.214255 0.276464 -0.002826 0.375076 -0.143461 0.177572 0.389839 -0.198874 -0.111327 0.184646 -0.292605 -0.112451 -0.321788
10 -0.329335 -0.504357 0.193145 -0.229176 0.232368 0.244336 0.306217 -0.019172 0.392359 -0.189197 0.218854 0.396727 -0.226394 -0.073260 0.190056 -0.281588 -0.099015 -0.336856
1 -0.386245 -0.550880 0.278281 -0.276060 0.219528 0.195697 0.279624 0.012693 0.379298 -0.147142 0.149673 0.364223 -0.192436 -0.103425 0.186955 -0.328750 -0.064004 -0.356083
2 -0.344806 -0.551263 0.238533 -0.251351 0.233505 0.228085 0.330579 0.027372 0.362340 -0.193856 0.210693 0.407140 -0.213524 -0.148335 0.211389 -0.372172 -0.091541 -0.388533
16 -0.374569 -0.520689 0.259470 -0.261347 0.203281 0.223370 0.306659 -0.024373 0.371515 -0.143874 0.165120 0.397848 -0.223717 -0.054581 0.222050 -0.325330 -0.119755 -0.382552
12 -0.373074 -0.527483 0.227197 -0.249435 0.191472 0.200056 0.273430 -0.035653 0.341855 -0.140354 0.225588 0.402248 -0.217180 -0.076636 0.202417 -0.295512 -0.119323 -0.357957
5 -0.288882 -0.484560 0.138559 -0.199305 0.240735 0.192153 0.312767 -0.041995 0.380434 -0.196354 0.240927 0.383697 -0.224512 -0.096933 0.210378 -0.321561 -0.120038 -0.383268
8 -0.369274 -0.566521 0.275397 -0.263276 0.191015 0.235069 0.307412 -0.004436 0.372076 -0.125332 0.164016 0.391278 -0.229094 -0.092526 0.227716 -0.337983 -0.069362 -0.362009
3 -0.393360 -0.548848 0.269480 -0.236815 0.241109 0.217640 0.334728 0.013687 0.361581 -0.198967 0.232395 0.379479 -0.255607 -0.157767 0.206897 -0.378005 -0.055114 -0.426429
15 -0.380870 -0.530717 0.254398 -0.273451 0.213544 0.251870 0.294952 -0.046585 0.364108 -0.157654 0.184865 0.375239 -0.208212 -0.065712 0.210664 -0.307278 -0.118365 -0.352408
17 -0.377510 -0.548073 0.257259 -0.251633 0.190112 0.212353 0.315113 -0.002752 0.405277 -0.130727 0.195051 0.425774 -0.204022 -0.078523 0.193508 -0.303303 -0.095444 -0.397503
11 -0.368591 -0.537092 0.241534 -0.238382 0.229511 0.209670 0.270927 0.013685 0.389196 -0.179237 0.177057 0.383972 -0.226774 -0.085345 0.228480 -0.335533 -0.099281 -0.362244
0 -0.366497 -0.530311 0.253215 -0.284219 0.180434 0.226388 0.270360 -0.017877 0.340628 -0.141128 0.190201 0.369202 -0.198961 -0.098200 0.218323 -0.326909 -0.064566 -0.356667
13 -0.339625 -0.522488 0.252005 -0.279343 0.205443 0.219179 0.309164 -0.038083 0.381005 -0.128957 0.166109 0.374697 -0.199452 -0.116184 0.211474 -0.316467 -0.119696 -0.378485
4 -0.350429 -0.517559 0.214145 -0.219325 0.261241 0.195608 0.307858 0.033453 0.402749 -0.218206 0.274239 0.410400 -0.212739 -0.143985 0.211769 -0.365132 -0.085101 -0.434294
6 -0.318189 -0.514513 0.202354 -0.189168 0.247109 0.225984 0.331992 0.022996 0.383361 -0.199995 0.248874 0.378864 -0.232707 -0.149939 0.225752 -0.337019 -0.095849 -0.421635
7 -0.337078 -0.533840 0.221874 -0.256374 0.198667 0.233898 0.317258 0.017512 0.412548 -0.174146 0.191812 0.401992 -0.211116 -0.149751 0.225470 -0.334710 -0.073431 -0.387291
