18 18
1 -0.257132 -0.524677 0.145478 -0.314796 -0.089392 -0.138296 0.209847 0.149852 0.510542 0.057983 0.165691 0.505676 0.011118 -0.155143 0.118205 -0.317351 -0.174944 -0.269408
2 -0.209807 -0.493894 0.092674 -0.304893 -0.112438 -0.110748 0.221921 0.140432 0.475781 0.044326 0.197174 0.543493 0.006114 -0.152886 0.119221 -0.304185 -0.217697 -0.231992
0 -0.246977 -0.546653 0.125013 -0.344174 -0.150735 -0.090392 0.223354 0.108782 0.527193 0.071312 0.244529 0.560934 -0.006729 -0.116452 0.176332 -0.305920 -0.194664 -0.287241
8 -0.229198 -0.526168 0.120403 -0.280295 -0.122636 -0.076826 0.217909 0.114475 0.517817 0.072898 0.200101 0.543179 -0.048609 -0.072520 0.175427 -0.287940 -0.191287 -0.252780
12 -0.258000 -0.512911 0.097043 -0.310175 -0.113901 -0.108608 0.184782 0.085969 0.504187 0.067605 0.241562 0.568094 -0.032325 -0.084368 0.141774 -0.253219 -0.234891 -0.240443
4 -0.232120 -0.480089 0.099330 -0.288608 -0.091555 -0.125322 0.194436 0.150545 0.531097 0.036042 0.245102 0.563519 -0.001106 -0.124238 0.132422 -0.298551 -0.203814 -0.271121
5 -0.217974 -0.508222 0.063499 -0.283475 -0.065333 -0.101716 0.223644 0.096831 0.538944 0.019943 0.225500 0.547489 -0.046285 -0.102982 0.149541 -0.296970 -0.206858 -0.260375
13 -0.220027 -0.509258 0.118293 -0.330686 -0.125160 -0.099189 0.225552 0.077313 0.528619 0.083196 0.206989 0.530124 -0.006380 -0.116323 0.160093 -0.280139 -0.239239 -0.283771
3 -0.260987 -0.500559 0.130166 -0.293606 -0.095369 -0.103160 0.225629 0.118664 0.482866 0.039560 0.227458 0.519576 -0.050862 -0.145252 0.124263 -0.297375 -0.177587 -0.266533
10 -0.245771 -0.527103 0.044902 -0.279740 -0.079209 -0.062523 0.214046 0.121218 0.630924 -0.000093 0.288958 0.633802 -0.087663 -0.044192 0.155367 -0.255424 -0.213650 -0.219086
9 -0.240324 -0.495145 0.050579 -0.284649 -0.095303 -0.084527 0.190628 0.124637 0.585886 0.029784 0.249386 0.595215 -0.059723 -0.093444 0.157965 -0.280960 -0.224338 -0.221031
16 -0.255080 -0.523903 0.114237 -0.307003 -0.118872 -0.101335 0.239504 0.111058 0.553005 0.055292 0.224441 0.587601 -0.046402 -0.073058 0.178777 -0.308019 -0.238694 -0.300730
15 -0.254614 -0.504440 0.127972 -0.307747 -0.104302 -0.062890 0.221822 0.085412 0.492177 0.047456 0.235263 0.543443 -0.004316 -0.065445 0.151768 -0.277350 -0.223632 -0.281592
14 -0.232210 -0.497331 0.132180 -0.311536 -0.090060 -0.093177 0.188824 0.099191 0.470228 0.070328 0.172701 0.529203 -0.027192 -0.106642 0.142630 -0.268892 -0.190300 -0.258055
17 -0.234261 -0.507886 0.117682 -0.281695 -0.137157 -0.113186 0.235031 0.117857 0.541193 0.081375 0.230787 0.557759 -0.002353 -0.081722 0.132521 -0.255631 -0.199957 -0.296997
6 -0.241809 -0.542715 0.132886 -0.292668 -0.109237 -0.096116 0.237672 0.140572 0.531729 0.063687 0.221497 0.552559 -0.026383 -0.127616 0.166258 -0.298618 -0.214171 -0.292955
11 -0.264488 -0.532484 0.071265 -0.264350 -0.078194 -0.087385 0.176441 0.143518 0.612832 -0.003765 0.253964 0.601610 -0.100242 -0.041459 0.200360 -0.299439 -0.218849 -0.237474
7 -0.216508 -0.508383 0.090553 -0.311534 -0.130141 -0.093754 0.222614 0.146037 0.535376 0.043791 0.202635 0.551430 -0.007218 -0.168599 0.147678 -0.290027 -0.187037 -0.253930
