18 18
15 -0.166094 -0.569718 0.019458 -0.157034 0.019137 0.228703 0.330863 0.065611 0.456637 -0.239069 0.179432 0.367993 -0.236289 -0.096018 0.404002 -0.299202 -0.216513 -0.323152
6 -0.115020 -0.527110 -0.051876 -0.099927 0.048391 0.233898 0.289077 0.110770 0.480498 -0.255922 0.189175 0.383814 -0.242075 -0.074528 0.411178 -0.254385 -0.181277 -0.250293
11 -0.130768 -0.539377 -0.036214 -0.117608 0.054270 0.200341 0.252732 0.118396 0.479668 -0.257717 0.140332 0.388394 -0.236564 -0.044327 0.414380 -0.275967 -0.191511 -0.240927
10 -0.094014 -0.514215 -0.087925 -0.120549 0.072653 0.251298 0.268818 0.098352 0.494627 -0.277553 0.164977 0.417091 -0.244972 -0.024293 0.392650 -0.227251 -0.162716 -0.183019
0 -0.120174 -0.524693 -0.039112 -0.152598 0.003531 0.226009 0.267608 0.085194 0.464473 -0.230832 0.189603 0.393037 -0.223467 -0.067500 0.417955 -0.257597 -0.151241 -0.251456
7 -0.080537 -0.509279 -0.078474 -0.126327 0.020579 0.228525 0.272120 0.102908 0.477763 -0.245459 0.139377 0.382395 -0.220919 -0.089338 0.408162 -0.251971 -0.164793 -0.228717
12 -0.157561 -0.580923 -0.009253 -0.159964 0.019851 0.200825 0.295902 0.077137 0.461582 -0.225248 0.180368 0.420493 -0.242677 -0.081545 0.398859 -0.263383 -0.219255 -0.275927
2 -0.109011 -0.594371 -0.016757 -0.152616 0.013601 0.218999 0.357591 0.121479 0.479354 -0.252317 0.167577 0.424641 -0.233086 -0.136526 0.416185 -0.317737 -0.234081 -0.308733
16 -0.118807 -0.535045 0.002436 -0.134385 0.003233 0.193157 0.334803 0.089776 0.449583 -0.209614 0.132371 0.385199 -0.232184 -0.085412 0.397841 -0.285861 -0.223089 -0.320905
8 -0.113091 -0.549689 -0.000728 -0.123838 0.002890 0.200815 0.298725 0.100143 0.422249 -0.194814 0.124798 0.363823 -0.232423 -0.083317 0.391989 -0.282822 -0.172302 -0.258881
1 -0.140998 -0.545786 -0.017666 -0.142337 0.061774 0.190705 0.277526 0.125643 0.496785 -0.245504 0.130773 0.390428 -0.211422 -0.065078 0.378515 -0.277560 -0.168614 -0.249829
14 -0.127581 -0.548803 -0.020201 -0.150651 0.057040 0.227408 0.267112 0.089774 0.464405 -0.236613 0.138658 0.406714 -0.241009 -0.070492 0.403148 -0.253583 -0.171270 -0.246305
13 -0.130332 -0.610191 0.066304 -0.169448 -0.029942 0.181459 0.425314 0.087016 0.503070 -0.199703 0.164652 0.379230 -0.237497 -0.206086 0.414515 -0.328629 -0.272130 -0.435397
3 -0.180875 -0.596044 0.106203 -0.150787 -0.034373 0.170059 0.444523 0.086817 0.446904 -0.209043 0.196583 0.354521 -0.275054 -0.233141 0.379880 -0.344298 -0.227501 -0.471876
5 -0.105884 -0.529172 -0.087560 -0.123006 0.063620 0.214501 0.285479 0.070446 0.489178 -0.266276 0.188803 0.403912 -0.246802 -0.050244 0.409819 -0.273668 -0.181326 -0.241637
9 -0.139920 -0.548970 -0.033112 -0.147206 0.012547 0.210764 0.324454 0.105251 0.505754 -0.238351 0.188234 0.421678 -0.238266 -0.132231 0.392846 -0.282826 -0.209994 -0.285472
17 -0.148951 -0.597500 0.079359 -0.133977 -0.064250 0.153117 0.434237 0.108592 0.502240 -0.177210 0.190433 0.411232 -0.230231 -0.185639 0.375777 -0.298359 -0.251762 -0.463798
4 -0.000863 0.026536 0.000487 0.011658 0.016931 -0.018308 -0.024615 0.027506 0.003913 -0.015616 0.024595 0.006644 0.019102 -0.007194 -0.007301 -0.006238 0.005807 -0.017039
