18 18
4 -0.428678 -0.449288 0.312683 -0.334395 0.280838 -0.143499 -0.073595 0.111794 0.226032 -0.152325 0.362553 0.526684 -0.217959 -0.042800 0.054323 -0.280131 0.139711 -0.305154
1 -0.425530 -0.469810 0.317589 -0.349569 0.257314 -0.140553 -0.056526 0.104668 0.238262 -0.126087 0.295142 0.485118 -0.202510 -0.054260 0.047638 -0.273189 0.137234 -0.278096
12 -0.481178 -0.536790 0.322581 -0.401032 0.263920 -0.125236 -0.063452 0.059726 0.235816 -0.140090 0.395240 0.594222 -0.270921 -0.040567 0.084663 -0.284076 0.122514 -0.303585
0 -0.425913 -0.488268 0.305373 -0.376551 0.238515 -0.101691 -0.067459 0.084654 0.221396 -0.144324 0.365676 0.530801 -0.231082 -0.045501 0.103093 -0.295476 0.155703 -0.297889
16 -0.451310 -0.491783 0.329025 -0.374790 0.269406 -0.130651 -0.035002 0.085534 0.252141 -0.140421 0.333501 0.567063 -0.260093 -0.026847 0.095740 -0.311983 0.111450 -0.333955
5 -0.431183 -0.532277 0.261668 -0.386510 0.283796 -0.117631 -0.023428 0.062839 0.299228 -0.185677 0.392045 0.586502 -0.273167 -0.053073 0.115725 -0.331473 0.120879 -0.326717
3 -0.473306 -0.497950 0.339057 -0.365699 0.283228 -0.113520 -0.024365 0.076610 0.218241 -0.160285 0.372016 0.535887 -0.292813 -0.078406 0.060893 -0.308192 0.168273 -0.320726
10 -0.440926 -0.518582 0.314098 -0.374322 0.283283 -0.094241 -0.043226 0.092870 0.264199 -0.165856 0.370874 0.573992 -0.262674 -0.029178 0.070603 -0.273344 0.162046 -0.285967
13 -0.391197 -0.463556 0.298223 -0.361976 0.244293 -0.117069 -0.033510 0.065370 0.238036 -0.124500 0.326355 0.499890 -0.223576 -0.066256 0.082551 -0.282759 0.108479 -0.292942
14 -0.437926 -0.488645 0.341871 -0.369471 0.275155 -0.114422 -0.066185 0.079704 0.209002 -0.119097 0.300606 0.527112 -0.242839 -0.046966 0.067080 -0.267327 0.153378 -0.293411
8 -0.474259 -0.553715 0.358312 -0.381198 0.280381 -0.126479 -0.039330 0.103124 0.253583 -0.139903 0.366393 0.583362 -0.284266 -0.048684 0.093332 -0.329071 0.170533 -0.325913
7 -0.382819 -0.472212 0.257803 -0.362386 0.230675 -0.089554 -0.037852 0.087642 0.268679 -0.154636 0.327280 0.531950 -0.233539 -0.081631 0.110515 -0.286018 0.133301 -0.293364
9 -0.473964 -0.504413 0.307401 -0.391048 0.284449 -0.127866 -0.054437 0.099437 0.268735 -0.152243 0.371984 0.589496 -0.256087 -0.084929 0.054195 -0.302414 0.121390 -0.284396
2 -0.446118 -0.520927 0.334254 -0.390788 0.278678 -0.133527 -0.048148 0.111363 0.223388 -0.152040 0.354210 0.583708 -0.240237 -0.063975 0.067958 -0.321593 0.131653 -0.301716
11 -0.438066 -0.491733 0.306014 -0.343343 0.267941 -0.122957 -0.075968 0.109720 0.247276 -0.167577 0.345825 0.532360 -0.247513 -0.028280 0.107133 -0.303004 0.125717 -0.292883
15 -0.025404 -0.016269 0.019351 -0.021953 0.006735 0.026510 0.013636 -0.025312 0.000633 -0.010033 0.011049 -0.002501 0.001724 0.010837 0.011554 -0.010070 -0.020449 -0.014280
17 -0.002915 -0.006397 0.005624 0.018021 -0.026928 -0.018564 0.015689 0.014203 0.025956 0.022864 0.010492 0.027524 0.013101 0.016295 -0.014503 0.021066 0.000664 -0.026546
6 0.007299 -0.006988 0.006429 0.025394 0.003018 0.008962 0.013628 0.017139 -0.003415 0.002961 0.009307 -0.005691 -0.008572 -0.012634 0.015137 0.000585 -0.007433 -0.019036
