18 18
17 -0.349201 -0.512749 0.088995 -0.245136 -0.099428 -0.094255 0.109367 0.227307 0.654298 -0.065956 0.283867 0.592193 -0.045632 -0.200744 0.154663 -0.257330 -0.146880 -0.286019
9 -0.396093 -0.482927 0.056184 -0.228697 -0.051575 -0.131970 0.061304 0.262190 0.617624 -0.120166 0.331871 0.596287 -0.060185 -0.218972 0.138270 -0.324672 -0.171437 -0.231337
2 -0.396595 -0.547720 0.087606 -0.262996 -0.073063 -0.131193 0.095428 0.269462 0.630167 -0.112439 0.335270 0.635546 -0.051676 -0.235665 0.157653 -0.355411 -0.182504 -0.269174
1 -0.418206 -0.524654 0.105886 -0.261727 -0.042425 -0.149004 0.061825 0.246136 0.615784 -0.107753 0.306583 0.568207 -0.050199 -0.220316 0.140575 -0.329319 -0.143509 -0.271763
11 -0.440492 -0.525729 0.096648 -0.206663 -0.036438 -0.171868 0.052498 0.286164 0.608322 -0.147358 0.349390 0.590550 -0.082148 -0.185791 0.170351 -0.377679 -0.172898 -0.278928
4 -0.399800 -0.485046 0.092386 -0.231459 -0.040989 -0.148371 0.049863 0.259934 0.606087 -0.120238 0.348145 0.582987 -0.044967 -0.212138 0.142591 -0.320354 -0.150380 -0.286840
7 -0.225631 -0.490156 0.040567 -0.305074 -0.102496 0.029394 0.127121 0.185603 0.724421 -0.070237 0.155817 0.546375 -0.042729 -0.268440 0.238891 -0.235215 -0.152384 -0.241202
12 -0.391559 -0.495535 0.087831 -0.262238 -0.066145 -0.121732 0.043016 0.184684 0.562405 -0.076465 0.321797 0.568171 -0.061295 -0.193836 0.149011 -0.264949 -0.176390 -0.242041
0 -0.419258 -0.510230 0.088392 -0.263477 -0.077474 -0.134439 0.041238 0.235986 0.576457 -0.111449 0.364212 0.581352 -0.050893 -0.211198 0.162852 -0.333174 -0.138261 -0.270521
5 -0.364626 -0.496253 0.054856 -0.225800 -0.034372 -0.134440 0.090388 0.200395 0.589475 -0.119250 0.324757 0.559094 -0.076181 -0.191290 0.160998 -0.329171 -0.166522 -0.274891
8 -0.260388 -0.565775 0.093838 -0.306421 -0.121759 0.033131 0.172623 0.197737 0.771095 -0.042868 0.183256 0.584645 -0.076208 -0.252574 0.265365 -0.274909 -0.151966 -0.273077
10 -0.221086 -0.535005 0.053707 -0.337008 -0.091393 0.097411 0.169344 0.170212 0.809765 -0.070320 0.155661 0.599421 -0.071135 -0.247009 0.243677 -0.201045 -0.158753 -0.227185
13 -0.171494 -0.520765 0.072672 -0.384380 -0.112646 0.095943 0.166793 0.124568 0.805831 -0.021908 0.088260 0.536132 -0.029520 -0.298956 0.278513 -0.200020 -0.186550 -0.252045
15 -0.335389 -0.514374 0.093653 -0.301017 -0.060015 -0.015545 0.115647 0.174208 0.661920 -0.093044 0.242448 0.551123 -0.053014 -0.219546 0.200624 -0.277541 -0.175715 -0.262919
14 -0.288874 -0.511579 0.095532 -0.323204 -0.064991 -0.002876 0.088573 0.173073 0.665753 -0.054511 0.169897 0.557355 -0.057167 -0.244898 0.210112 -0.238130 -0.143304 -0.241635
3 -0.403985 -0.449244 0.101004 -0.211332 -0.045307 -0.141515 0.063710 0.211839 0.495522 -0.108987 0.336955 0.514641 -0.081747 -0.214043 0.110157 -0.306309 -0.121225 -0.261114
16 -0.003066 0.009981 0.006043 0.000869 -0.007381 -0.001770 0.017455 -0.006904 0.000948 0.004908 -0.016488 0.011175 -0.012361 0.022003 0.021550 -0.015661 -0.025305 -0.027720
6 0.007299 -0.006988 0.006429 0.025394 0.003018 0.008962 0.013628 0.017139 -0.003415 0.002961 0.009307 -0.005691 -0.008572 -0.012634 0.015137 0.000585 -0.007433 -0.019036
