18 18
1 -0.349140 -0.504527 0.255003 -0.289585 0.083778 0.072518 0.310552 0.093163 0.321557 -0.119974 0.192366 0.291844 -0.220455 -0.384947 0.195853 -0.457871 0.116476 -0.472813
7 -0.282248 -0.489093 0.193498 -0.304505 -0.001690 0.148927 0.295305 0.036881 0.325217 -0.083056 0.183650 0.319906 -0.209229 -0.336304 0.256074 -0.403903 0.076981 -0.426420
15 -0.343790 -0.557378 0.253695 -0.356341 -0.000780 0.193021 0.295852 -0.032099 0.294207 -0.060340 0.196139 0.316930 -0.214550 -0.269164 0.281301 -0.401142 0.045571 -0.419715
2 -0.291877 -0.453826 0.229490 -0.243761 0.089793 0.065427 0.335806 0.122295 0.261188 -0.133328 0.196428 0.297298 -0.221744 -0.409143 0.176522 -0.471801 0.099826 -0.469950
16 -0.309165 -0.495176 0.238288 -0.310449 0.007785 0.139134 0.310502 0.006189 0.290213 -0.062189 0.165789 0.321720 -0.236419 -0.281820 0.277750 -0.429203 0.046330 -0.464209
8 -0.315693 -0.555864 0.257476 -0.323114 -0.012914 0.172220 0.303507 0.005989 0.299951 -0.037882 0.165107 0.322477 -0.249779 -0.287997 0.293186 -0.420772 0.086988 -0.415905
0 -0.306705 -0.501291 0.232476 -0.308430 0.022670 0.143429 0.276620 0.027922 0.262477 -0.080784 0.198550 0.278774 -0.214817 -0.313314 0.240410 -0.399432 0.113727 -0.403969
11 -0.338143 -0.544351 0.249508 -0.313399 0.026347 0.143892 0.285671 0.034818 0.323765 -0.086592 0.182610 0.333424 -0.246445 -0.291301 0.288660 -0.437516 0.060255 -0.440981
9 -0.310630 -0.456249 0.201160 -0.271226 0.053836 0.099723 0.292070 0.077990 0.316672 -0.104375 0.195748 0.311574 -0.217541 -0.368715 0.201394 -0.425429 0.078532 -0.418939
13 -0.288904 -0.506695 0.244580 -0.326493 0.023506 0.126516 0.315221 0.020534 0.314500 -0.063046 0.173521 0.307175 -0.218235 -0.362149 0.256519 -0.430129 0.055623 -0.454774
5 -0.302715 -0.456232 0.206870 -0.231785 0.119168 0.057243 0.339045 0.076915 0.296439 -0.148689 0.219192 0.288763 -0.252581 -0.386218 0.187428 -0.465498 0.099725 -0.493940
12 -0.328048 -0.528318 0.229459 -0.330432 -0.001647 0.138595 0.270027 -0.009049 0.274089 -0.045410 0.210524 0.343822 -0.223546 -0.282829 0.250381 -0.375654 0.044694 -0.402190
3 -0.345607 -0.381875 0.257520 -0.169916 0.172737 0.000720 0.347971 0.171718 0.237939 -0.199323 0.239645 0.227050 -0.269323 -0.494088 0.097524 -0.500342 0.177970 -0.537579
14 -0.310936 -0.514192 0.262602 -0.327715 0.021099 0.157662 0.268021 -0.003700 0.266037 -0.039902 0.144405 0.310437 -0.231686 -0.294292 0.252775 -0.378315 0.093470 -0.412162
10 -0.314433 -0.507278 0.223387 -0.297124 0.044001 0.160611 0.310840 0.034502 0.317241 -0.098596 0.205912 0.331431 -0.242178 -0.297975 0.221903 -0.388685 0.097982 -0.411886
17 -0.318637 -0.478067 0.244353 -0.251948 0.043033 0.073886 0.318718 0.089578 0.308152 -0.085120 0.209223 0.312642 -0.211212 -0.349771 0.186258 -0.410592 0.111047 -0.481345
4 -0.330143 -0.362595 0.241888 -0.159916 0.203123 -0.031669 0.328766 0.221757 0.268448 -0.223594 0.269838 0.255774 -0.229271 -0.511287 0.088369 -0.510189 0.164040 -0.556255
6 -0.313431 -0.467362 0.245421 -0.221115 0.096400 0.079214 0.330940 0.116822 0.274124 -0.124450 0.213916 0.272507 -0.239535 -0.409523 0.193376 -0.443836 0.110018 -0.492893
