18 18
16 -0.196955 -0.546985 0.232945 -0.504158 -0.018319 0.181480 0.086339 -0.051799 0.191220 0.054453 -0.173197 0.477175 -0.160269 -0.164675 0.404549 -0.311484 -0.084253 -0.266008
0 -0.183688 -0.561881 0.212984 -0.508694 -0.032975 0.190134 0.061373 -0.045503 0.184490 0.048012 -0.125390 0.465564 -0.142633 -0.187362 0.397378 -0.304110 -0.042593 -0.240305
14 -0.192717 -0.580998 0.254118 -0.526676 0.004498 0.212911 0.057537 -0.047951 0.176753 0.068971 -0.193579 0.476363 -0.145490 -0.194654 0.378667 -0.271693 -0.038338 -0.231601
1 -0.208241 -0.606591 0.252869 -0.531736 -0.003281 0.167850 0.083762 -0.012063 0.222058 0.058763 -0.180637 0.475711 -0.123437 -0.236700 0.367992 -0.328513 -0.039822 -0.257684
9 -0.190641 -0.550615 0.191828 -0.492575 -0.000047 0.173535 0.080496 -0.010486 0.209164 0.041245 -0.140747 0.479886 -0.139962 -0.240852 0.345057 -0.312682 -0.065376 -0.211770
2 -0.168278 -0.581935 0.227073 -0.514631 -0.017016 0.172056 0.090840 -0.002158 0.152834 0.053298 -0.168222 0.494863 -0.124039 -0.242917 0.358459 -0.340992 -0.057268 -0.230094
6 -0.178085 -0.571481 0.225009 -0.484005 -0.000140 0.198224 0.095631 -0.012932 0.198131 0.049704 -0.157073 0.469992 -0.145448 -0.230485 0.393909 -0.310732 -0.077658 -0.257655
17 -0.206199 -0.617269 0.240622 -0.526605 -0.038194 0.188433 0.091662 -0.043056 0.250016 0.076244 -0.139924 0.542446 -0.151920 -0.186747 0.406832 -0.284314 -0.073153 -0.293188
13 -0.171722 -0.572774 0.236849 -0.544313 -0.018821 0.197374 0.075882 -0.077107 0.216950 0.070060 -0.173998 0.459883 -0.135670 -0.217290 0.409659 -0.291540 -0.100315 -0.256976
12 -0.217458 -0.584024 0.214091 -0.514216 -0.036199 0.172141 0.047432 -0.079673 0.190498 0.069625 -0.106228 0.517533 -0.167925 -0.161157 0.398035 -0.271910 -0.092994 -0.247545
4 -0.208906 -0.581219 0.237592 -0.530986 0.006941 0.165439 0.051422 -0.014011 0.213623 0.033185 -0.122710 0.523731 -0.147134 -0.228193 0.399560 -0.338529 -0.055133 -0.291962
10 -0.188116 -0.578369 0.211849 -0.510673 0.003891 0.213299 0.088117 -0.051846 0.234803 0.031737 -0.134006 0.502143 -0.172150 -0.170750 0.385138 -0.277931 -0.061797 -0.235700
3 -0.221400 -0.593520 0.260724 -0.534692 0.004760 0.194301 0.094017 -0.034542 0.171849 0.032306 -0.145721 0.478038 -0.179004 -0.255290 0.387118 -0.351159 -0.034544 -0.277583
5 -0.197953 -0.620563 0.205749 -0.532594 0.020181 0.182506 0.103812 -0.074092 0.234524 0.021169 -0.119203 0.519979 -0.180642 -0.204350 0.415197 -0.345918 -0.075450 -0.296051
11 -0.216303 -0.594505 0.233928 -0.509543 -0.001598 0.182541 0.044071 -0.022061 0.221587 0.029578 -0.153174 0.500312 -0.171106 -0.178789 0.421223 -0.314901 -0.073078 -0.248550
7 -0.151592 -0.563504 0.201819 -0.529550 -0.028720 0.225354 0.082483 -0.038690 0.218689 0.046285 -0.179144 0.468400 -0.128980 -0.245979 0.398783 -0.291177 -0.054092 -0.238717
8 -0.182362 -0.608103 0.244356 -0.507427 -0.030925 0.193657 0.090990 -0.032552 0.194078 0.075298 -0.168067 0.484830 -0.164877 -0.209140 0.408500 -0.329314 -0.039619 -0.251601
15 -0.197300 -0.565988 0.232761 -0.523605 -0.000261 0.230608 0.087406 -0.069472 0.199460 0.031056 -0.148238 0.444465 -0.130575 -0.196988 0.391742 -0.296455 -0.083659 -0.245937
