18 18
2 0.041880 -0.491522 0.202145 -0.215121 -0.239221 0.079954 0.277194 0.256011 0.128389 0.168410 -0.048178 0.375972 -0.036676 -0.474767 0.379297 -0.403672 -0.219113 -0.278944
13 -0.007868 -0.550252 0.272582 -0.299234 -0.341853 0.097374 0.227731 0.167774 0.157594 0.312679 -0.099923 0.404256 -0.028658 -0.397741 0.440576 -0.316184 -0.270543 -0.287869
0 -0.034756 -0.561819 0.289283 -0.342361 -0.431356 0.154347 0.178801 0.125247 0.123390 0.394643 -0.121932 0.434442 -0.021286 -0.315458 0.470522 -0.252583 -0.239218 -0.247361
8 -0.008998 -0.516973 0.247961 -0.244762 -0.322920 0.113698 0.214328 0.172388 0.132868 0.299106 -0.114287 0.378907 -0.059842 -0.348069 0.420647 -0.304314 -0.210680 -0.233801
9 -0.030381 -0.544456 0.227236 -0.260571 -0.311862 0.091195 0.215224 0.216640 0.178861 0.266657 -0.070202 0.426231 -0.047308 -0.411022 0.412345 -0.326054 -0.249938 -0.243348
10 -0.016773 -0.557870 0.235984 -0.254109 -0.313042 0.112501 0.236181 0.202131 0.176233 0.265239 -0.051652 0.436628 -0.058797 -0.369907 0.403493 -0.293652 -0.235553 -0.247025
14 -0.042594 -0.488645 0.291398 -0.308098 -0.338544 0.145175 0.156490 0.102308 0.086080 0.352250 -0.171559 0.374561 -0.035205 -0.274187 0.391219 -0.210299 -0.199355 -0.210413
1 -0.056812 -0.560435 0.278110 -0.284476 -0.311145 0.067268 0.211011 0.208415 0.176143 0.284572 -0.099307 0.399345 -0.029593 -0.385857 0.406514 -0.329554 -0.224529 -0.282208
4 0.039186 -0.497206 0.187642 -0.166974 -0.142300 0.018615 0.309200 0.344076 0.184461 0.051118 0.053163 0.376020 -0.048686 -0.592620 0.388671 -0.522813 -0.198619 -0.387964
3 -0.014305 -0.504116 0.223823 -0.189630 -0.196006 0.048590 0.296497 0.266250 0.142409 0.118577 0.008969 0.343284 -0.085573 -0.515755 0.371111 -0.445511 -0.180004 -0.341749
16 -0.031581 -0.471813 0.274425 -0.289583 -0.360778 0.135922 0.196335 0.103198 0.112341 0.341905 -0.155007 0.383380 -0.037252 -0.252422 0.421620 -0.235716 -0.249991 -0.260424
17 -0.047903 -0.544953 0.274258 -0.273575 -0.413363 0.087714 0.187002 0.167714 0.171904 0.380889 -0.108638 0.445191 -0.010753 -0.286365 0.400558 -0.212125 -0.246658 -0.249430
11 -0.070950 -0.551238 0.265585 -0.257555 -0.324644 0.075911 0.161617 0.190933 0.167274 0.286788 -0.090238 0.413426 -0.051369 -0.298495 0.424211 -0.277405 -0.257112 -0.237407
12 -0.094475 -0.563941 0.278427 -0.310137 -0.386555 0.090050 0.130400 0.101160 0.115215 0.377016 -0.081517 0.425453 -0.038575 -0.254882 0.408116 -0.187635 -0.272973 -0.207236
5 0.004708 -0.558356 0.181389 -0.207842 -0.180317 0.035019 0.313250 0.257855 0.201936 0.106375 0.020798 0.406061 -0.080531 -0.500675 0.405295 -0.474458 -0.229190 -0.355028
7 0.005406 -0.482305 0.207584 -0.245151 -0.321035 0.110072 0.199524 0.173462 0.164790 0.260438 -0.098007 0.366181 -0.035222 -0.359128 0.405664 -0.268963 -0.214160 -0.240742
6 -0.003832 -0.522915 0.241277 -0.214292 -0.282871 0.092282 0.240467 0.220947 0.150942 0.245098 -0.059217 0.373797 -0.054617 -0.407961 0.418888 -0.329312 -0.238488 -0.292149
15 -0.051468 -0.484593 0.278375 -0.302036 -0.331219 0.152701 0.189730 0.090530 0.106639 0.309295 -0.118841 0.358672 -0.021505 -0.266098 0.396564 -0.234720 -0.237298 -0.239279
