18 18
12 -0.150731 -0.480520 0.315746 -0.371479 -0.224403 0.128345 0.157381 -0.155750 -0.003736 0.233602 0.022225 0.290410 -0.197865 -0.123081 0.518100 -0.313420 -0.306676 -0.338771
11 -0.164551 -0.500922 0.362277 -0.361390 -0.203546 0.142298 0.160250 -0.095049 0.037054 0.199674 -0.041760 0.263311 -0.221334 -0.131912 0.592488 -0.395703 -0.297971 -0.372978
13 -0.111305 -0.462351 0.349279 -0.386451 -0.222178 0.143983 0.186851 -0.152538 0.002032 0.241759 -0.033210 0.240066 -0.185573 -0.161604 0.538707 -0.349879 -0.300901 -0.369134
0 -0.148240 -0.524922 0.368378 -0.422676 -0.251521 0.178484 0.180001 -0.148696 -0.006756 0.235574 -0.004546 0.271259 -0.204072 -0.149762 0.596726 -0.391724 -0.275663 -0.379206
14 -0.145088 -0.460054 0.352199 -0.375571 -0.182529 0.149307 0.150724 -0.127912 -0.009513 0.214514 -0.047445 0.239787 -0.190883 -0.143562 0.485080 -0.316221 -0.233139 -0.326615
9 -0.142862 -0.453043 0.305430 -0.357837 -0.204522 0.136402 0.164686 -0.093631 0.050062 0.203089 -0.019808 0.263936 -0.182527 -0.171004 0.506651 -0.350406 -0.279862 -0.325217
1 -0.164498 -0.480679 0.351433 -0.372780 -0.190004 0.110885 0.162298 -0.092583 0.041083 0.205895 -0.034835 0.228654 -0.165042 -0.164397 0.486867 -0.350800 -0.245285 -0.344193
6 -0.129652 -0.466693 0.329017 -0.321646 -0.205504 0.139458 0.180585 -0.097083 0.024171 0.215404 -0.007060 0.249584 -0.200318 -0.153594 0.553159 -0.352066 -0.291659 -0.382208
10 -0.127770 -0.482285 0.318471 -0.372331 -0.206982 0.175626 0.197442 -0.130103 0.044977 0.198571 0.009126 0.287969 -0.220199 -0.131346 0.537304 -0.336296 -0.278031 -0.344417
17 -0.117987 -0.439101 0.300616 -0.311393 -0.225454 0.114204 0.185425 -0.107490 0.034623 0.222992 0.010252 0.278691 -0.168687 -0.112512 0.481043 -0.301215 -0.266990 -0.366541
15 -0.146372 -0.447209 0.332768 -0.371185 -0.191024 0.175232 0.176864 -0.147015 -0.004392 0.189746 -0.019547 0.236027 -0.185614 -0.120954 0.510328 -0.337045 -0.276796 -0.333043
8 -0.132171 -0.498239 0.347198 -0.354981 -0.231255 0.156506 0.188737 -0.118555 0.014305 0.238532 -0.029550 0.266899 -0.216861 -0.139419 0.567039 -0.370681 -0.275265 -0.355853
2 -0.101504 -0.493037 0.323760 -0.380237 -0.232828 0.157485 0.203580 -0.128471 -0.021026 0.226939 -0.017699 0.308229 -0.192286 -0.151973 0.549743 -0.373690 -0.319337 -0.362689
7 -0.108612 -0.469218 0.308292 -0.372716 -0.230151 0.165565 0.183560 -0.107343 0.046947 0.204150 -0.038722 0.257918 -0.188637 -0.186076 0.557589 -0.354932 -0.276820 -0.363892
5 -0.117711 -0.458967 0.279299 -0.343915 -0.175463 0.136589 0.192639 -0.146706 0.034860 0.179653 0.009090 0.268627 -0.211931 -0.133088 0.526588 -0.358583 -0.282402 -0.364812
3 -0.165041 -0.476071 0.371274 -0.378740 -0.210145 0.151337 0.192647 -0.134560 -0.022224 0.209783 -0.004454 0.234759 -0.221171 -0.175676 0.519924 -0.368542 -0.256960 -0.370102
4 -0.133415 -0.454998 0.336953 -0.363416 -0.202740 0.131966 0.169230 -0.111728 0.020170 0.208255 0.023070 0.283576 -0.192193 -0.158604 0.552301 -0.374978 -0.293972 -0.399354
16 -0.157569 -0.487482 0.370016 -0.385323 -0.229255 0.148757 0.193174 -0.138979 0.005168 0.231024 -0.039652 0.269455 -0.217897 -0.122586 0.580320 -0.384612 -0.309344 -0.392900
