18 18
4 -0.134209 -0.292439 0.393487 -0.199343 0.159728 -0.076280 0.486863 0.058841 -0.102566 -0.078159 0.329485 0.186219 0.119697 -0.363140 0.077779 -0.557140 -0.151956 -0.865779
13 -0.119966 -0.329951 0.407532 -0.237560 0.132817 -0.055258 0.501038 -0.005420 -0.098751 -0.035665 0.283850 0.157652 0.107869 -0.360293 0.112086 -0.542817 -0.185267 -0.860675
2 -0.121136 -0.343485 0.379298 -0.226007 0.126326 -0.046735 0.492161 0.055410 -0.110542 -0.066599 0.278218 0.218323 0.105184 -0.362376 0.107396 -0.575248 -0.186116 -0.806449
0 -0.194087 -0.406897 0.344378 -0.240627 0.069540 -0.023426 0.361321 0.074897 -0.009324 -0.061683 0.260783 0.272400 0.049609 -0.276690 0.198671 -0.525468 -0.182958 -0.690551
8 -0.431112 -0.657235 0.281165 -0.253682 -0.058882 0.042826 0.088298 0.305940 0.267368 -0.077495 0.086661 0.635837 -0.153387 -0.105069 0.425897 -0.556729 -0.344030 -0.215010
9 -0.426378 -0.588091 0.260168 -0.267596 -0.016803 0.045848 0.145068 0.289247 0.262420 -0.110651 0.149498 0.635565 -0.121121 -0.169863 0.362779 -0.573696 -0.370405 -0.276478
1 -0.181235 -0.373128 0.390090 -0.229445 0.123849 -0.070626 0.426853 0.066601 -0.042054 -0.056689 0.247489 0.208694 0.084359 -0.317535 0.118559 -0.540795 -0.158966 -0.770498
6 -0.132742 -0.321648 0.371887 -0.172817 0.134308 -0.041510 0.475520 0.045410 -0.086688 -0.060176 0.298596 0.179908 0.072745 -0.327660 0.115467 -0.518385 -0.174324 -0.819355
15 -0.187983 -0.357679 0.364335 -0.221928 0.112832 -0.007007 0.413641 0.031275 -0.043392 -0.068866 0.259700 0.221448 0.058384 -0.269170 0.140945 -0.503176 -0.192587 -0.702641
14 -0.107528 -0.312247 0.434450 -0.230949 0.174450 -0.054370 0.524367 -0.012527 -0.148007 -0.035497 0.287151 0.143868 0.112720 -0.378502 0.077633 -0.540546 -0.128880 -0.924577
7 -0.271570 -0.501043 0.283866 -0.249629 0.005438 0.012238 0.241279 0.185782 0.153811 -0.079150 0.159427 0.445912 -0.024238 -0.225789 0.302949 -0.522877 -0.277564 -0.475070
3 -0.182694 -0.318972 0.375595 -0.192892 0.126422 -0.045772 0.441993 0.052001 -0.091787 -0.076741 0.280898 0.195552 0.033029 -0.325928 0.106052 -0.536947 -0.149010 -0.764432
11 -0.512371 -0.732779 0.266482 -0.273707 -0.055776 0.019477 -0.033419 0.391963 0.347193 -0.124152 0.060110 0.752846 -0.166151 -0.057347 0.494181 -0.581634 -0.434472 -0.135565
16 -0.254447 -0.401306 0.296548 -0.205501 0.042513 0.000718 0.311562 0.131150 0.064877 -0.073900 0.184434 0.384182 -0.040191 -0.191414 0.235196 -0.516825 -0.263095 -0.531232
17 -0.083902 -0.264067 0.392968 -0.170503 0.131794 -0.079359 0.543969 0.000584 -0.125846 -0.028061 0.316806 0.126150 0.133274 -0.340302 0.036393 -0.492169 -0.119687 -0.909491
10 -0.326222 -0.514454 0.282114 -0.238726 0.032767 0.053090 0.251462 0.200857 0.183950 -0.110744 0.189656 0.514172 -0.086468 -0.169712 0.289273 -0.521044 -0.291675 -0.403461
5 -0.129123 -0.312399 0.293568 -0.173073 0.139294 -0.054685 0.429367 0.005240 -0.045333 -0.077947 0.272205 0.193570 0.034284 -0.268558 0.118388 -0.496659 -0.172285 -0.734377
12 -0.518944 -0.747108 0.255111 -0.302942 -0.094473 0.025457 -0.036748 0.343758 0.317325 -0.082903 0.082123 0.783305 -0.168817 -0.052634 0.484867 -0.544458 -0.453045 -0.118988
