18 18
17 0.011597 -0.497411 0.084183 -0.131281 -0.210634 0.205773 0.341890 0.149017 0.223207 -0.067098 0.198218 0.500368 -0.155685 -0.128030 0.358358 -0.216991 -0.115683 -0.387806
1 -0.061713 -0.637407 0.126760 -0.346492 -0.191278 0.039823 0.208103 0.162168 0.240188 -0.068598 0.137000 0.450218 -0.079144 -0.336597 0.426192 -0.486787 -0.006429 -0.367165
14 -0.040517 -0.607121 0.141193 -0.300091 -0.194981 0.155009 0.250818 0.134303 0.193532 -0.058680 0.140505 0.483249 -0.137564 -0.265841 0.427688 -0.378416 -0.039843 -0.374468
6 0.044899 -0.558619 0.092702 -0.096786 -0.214392 0.332667 0.439902 0.189885 0.247743 -0.111386 0.244826 0.587659 -0.236580 -0.132907 0.457268 -0.213153 -0.168235 -0.452118
5 -0.005781 -0.601183 0.063659 -0.262275 -0.186923 0.131507 0.294588 0.124389 0.247121 -0.098574 0.192976 0.497771 -0.144021 -0.246639 0.438653 -0.401886 -0.080433 -0.384212
2 0.015241 -0.568941 0.081538 -0.299511 -0.219742 0.096458 0.245458 0.169189 0.180690 -0.081707 0.156815 0.440117 -0.075470 -0.338461 0.419145 -0.453572 -0.046458 -0.334010
4 -0.029033 -0.596262 0.101502 -0.296087 -0.189494 0.089170 0.219628 0.179112 0.234047 -0.096428 0.192978 0.489141 -0.096864 -0.305619 0.431669 -0.442278 -0.030681 -0.383632
7 0.021645 -0.550271 0.059742 -0.291122 -0.240577 0.132012 0.240378 0.151614 0.231094 -0.078054 0.154378 0.440522 -0.092049 -0.331902 0.440911 -0.399493 -0.036384 -0.335737
12 -0.032944 -0.592297 0.096611 -0.260109 -0.222224 0.161249 0.269906 0.128268 0.211621 -0.068404 0.209615 0.523890 -0.147641 -0.223425 0.425285 -0.331085 -0.096719 -0.362421
11 -0.046090 -0.609675 0.116903 -0.293716 -0.195261 0.096317 0.224208 0.171110 0.227229 -0.094146 0.160724 0.467297 -0.119006 -0.293456 0.456551 -0.453088 -0.047043 -0.370580
13 0.036545 -0.586218 0.098162 -0.286133 -0.254026 0.175091 0.315313 0.151989 0.233189 -0.073394 0.188807 0.483877 -0.123112 -0.323390 0.477374 -0.399752 -0.098161 -0.407379
8 -0.033009 -0.600624 0.120135 -0.299203 -0.210713 0.085402 0.233003 0.140646 0.209509 -0.043229 0.136559 0.442759 -0.116850 -0.298226 0.438942 -0.452729 -0.012623 -0.350102
16 0.041169 -0.574234 0.110488 -0.056411 -0.231524 0.419142 0.545784 0.181167 0.281098 -0.127971 0.256709 0.699572 -0.316660 -0.015529 0.496343 -0.174087 -0.248350 -0.544189
3 -0.026888 -0.542266 0.115548 -0.274850 -0.204188 0.113244 0.253450 0.144545 0.165568 -0.081366 0.179864 0.412632 -0.128610 -0.331013 0.405818 -0.422945 -0.012357 -0.366544
0 -0.012425 -0.593034 0.101948 -0.329921 -0.246147 0.130036 0.234399 0.146775 0.193454 -0.075793 0.194310 0.448673 -0.098885 -0.335903 0.476302 -0.462502 -0.017316 -0.374741
10 0.027725 -0.586094 0.079905 -0.160383 -0.202370 0.307902 0.405955 0.176520 0.279347 -0.133188 0.241496 0.604826 -0.230690 -0.148083 0.449165 -0.256283 -0.124931 -0.412230
15 -0.021293 -0.597858 0.128661 -0.198091 -0.209203 0.287297 0.391192 0.146124 0.248634 -0.108824 0.222880 0.567502 -0.197575 -0.151574 0.453822 -0.287707 -0.149636 -0.439752
9 -0.008402 0.003844 -0.023332 -0.006576 0.000593 0.000225 -0.003692 0.013429 0.026437 -0.004111 0.005667 0.021814 0.003016 -0.025362 -0.007905 -0.006482 -0.012628 0.018993
