18 18
7 -0.232140 -0.460437 0.096339 -0.378459 -0.131349 0.103469 0.195585 0.064000 0.328179 -0.073395 0.170886 0.305277 -0.081897 -0.484242 0.346804 -0.451923 -0.122955 -0.329717
0 -0.236202 -0.445625 0.114044 -0.387710 -0.131811 0.081926 0.157612 0.029733 0.278813 -0.039385 0.183746 0.277870 -0.061357 -0.424872 0.341638 -0.446032 -0.128763 -0.323481
2 -0.225127 -0.456180 0.117067 -0.397096 -0.122157 0.071194 0.195068 0.071071 0.274725 -0.058103 0.178369 0.324992 -0.045248 -0.486627 0.328005 -0.501275 -0.167332 -0.332534
3 -0.309404 -0.495896 0.175561 -0.408415 -0.112454 0.078960 0.213576 0.052451 0.290243 -0.067884 0.205458 0.300425 -0.118078 -0.518988 0.350609 -0.534114 -0.111785 -0.394202
9 -0.265248 -0.467258 0.106259 -0.401270 -0.122362 0.064634 0.168515 0.056553 0.318547 -0.037037 0.172179 0.319951 -0.057684 -0.477762 0.317547 -0.455698 -0.161799 -0.309925
8 -0.274271 -0.515732 0.155536 -0.385657 -0.135422 0.100776 0.199795 0.040204 0.291663 -0.026398 0.170744 0.301727 -0.111540 -0.444420 0.363189 -0.479956 -0.118903 -0.332843
6 -0.245281 -0.457484 0.131406 -0.343182 -0.111788 0.076654 0.182046 0.058514 0.276591 -0.037311 0.179296 0.278072 -0.075589 -0.447702 0.333544 -0.440721 -0.147138 -0.344677
13 -0.221327 -0.445871 0.125054 -0.395247 -0.126562 0.061185 0.185103 0.031439 0.292191 -0.024594 0.145951 0.271999 -0.053106 -0.478703 0.324713 -0.450218 -0.161266 -0.327256
5 -0.240626 -0.468834 0.094676 -0.359860 -0.091226 0.066634 0.200867 0.017033 0.300660 -0.063313 0.191892 0.305888 -0.097856 -0.418178 0.334898 -0.461017 -0.148891 -0.338517
17 -0.232945 -0.438425 0.118657 -0.340620 -0.142428 0.042483 0.179663 0.046964 0.295596 -0.003800 0.163714 0.300823 -0.050273 -0.409011 0.296037 -0.401546 -0.139564 -0.336225
1 -0.276956 -0.479895 0.150696 -0.397802 -0.101016 0.038382 0.174662 0.079663 0.320646 -0.046816 0.148129 0.291076 -0.053477 -0.482220 0.305402 -0.477984 -0.115243 -0.343436
14 -0.259353 -0.462532 0.152967 -0.392924 -0.099934 0.076642 0.158668 0.039588 0.269141 -0.029245 0.145236 0.303115 -0.079512 -0.449878 0.321511 -0.443594 -0.122476 -0.329416
15 -0.299358 -0.494811 0.152831 -0.412194 -0.108195 0.104817 0.188694 0.022936 0.300859 -0.063912 0.196125 0.300218 -0.079795 -0.441206 0.351411 -0.477948 -0.159340 -0.351808
11 -0.260314 -0.466560 0.122772 -0.347157 -0.099167 0.082627 0.165242 0.065304 0.304784 -0.077894 0.168011 0.295651 -0.105515 -0.407665 0.346677 -0.451753 -0.133807 -0.310225
12 -0.301687 -0.529218 0.135675 -0.433947 -0.144780 0.076650 0.178718 0.026197 0.304361 -0.032632 0.212677 0.353175 -0.090052 -0.478470 0.360938 -0.475976 -0.173120 -0.343941
4 -0.259735 -0.450456 0.125454 -0.386464 -0.101316 0.062828 0.167296 0.088464 0.318192 -0.077588 0.206833 0.321172 -0.054706 -0.479386 0.328534 -0.480792 -0.135996 -0.351556
16 -0.242316 -0.437770 0.120455 -0.363695 -0.125136 0.074231 0.195144 0.029128 0.286080 -0.037718 0.153918 0.298976 -0.089382 -0.409551 0.345564 -0.448705 -0.166620 -0.348078
10 -0.244372 -0.477738 0.101652 -0.370086 -0.113386 0.129354 0.210628 0.054584 0.333014 -0.083687 0.200481 0.326890 -0.106284 -0.441912 0.336222 -0.439375 -0.127009 -0.309523
