18 18
7 -0.141239 -0.489110 0.141961 -0.324358 -0.282743 0.120464 0.311150 0.241864 0.406473 -0.057128 0.071937 0.333829 -0.029673 -0.427012 0.387746 -0.521690 0.005872 -0.388406
0 -0.169513 -0.466628 0.167665 -0.313274 -0.255484 0.089157 0.281835 0.224777 0.377035 -0.041695 0.110109 0.330049 -0.012298 -0.351876 0.363728 -0.510318 -0.016047 -0.398432
15 -0.212351 -0.474694 0.195208 -0.294512 -0.206507 0.089174 0.312628 0.206164 0.424731 -0.059712 0.097878 0.333335 -0.021447 -0.304216 0.351839 -0.509177 -0.052253 -0.439273
8 -0.169973 -0.501689 0.194126 -0.296665 -0.271666 0.090063 0.323325 0.238676 0.394578 -0.017544 0.066930 0.337445 -0.045490 -0.370969 0.382598 -0.545078 -0.007198 -0.411067
3 -0.194152 -0.469508 0.200605 -0.300476 -0.259750 0.091402 0.318961 0.237430 0.329696 -0.050483 0.095216 0.309185 -0.071571 -0.424570 0.360261 -0.555012 0.009558 -0.411487
17 -0.182006 -0.459048 0.182060 -0.256943 -0.249953 0.039956 0.312943 0.245496 0.410013 -0.019109 0.098341 0.359366 -0.019557 -0.330344 0.330919 -0.493226 -0.043880 -0.441127
5 -0.159656 -0.476831 0.132441 -0.277603 -0.185678 0.073819 0.316084 0.189063 0.422988 -0.071038 0.094022 0.330093 -0.047565 -0.332336 0.346904 -0.504595 -0.033206 -0.408836
9 -0.183723 -0.422950 0.136034 -0.267112 -0.207101 0.062295 0.269736 0.229129 0.397117 -0.052908 0.097682 0.339503 -0.028069 -0.346671 0.320512 -0.483797 -0.054600 -0.370680
4 -0.184264 -0.430164 0.172561 -0.268311 -0.208621 0.048053 0.269315 0.257456 0.398213 -0.060146 0.109659 0.341471 -0.010572 -0.348659 0.335180 -0.511749 -0.030531 -0.423050
1 -0.217119 -0.504876 0.209603 -0.317955 -0.221582 0.048519 0.299874 0.263340 0.438977 -0.049335 0.075329 0.335038 -0.004847 -0.380108 0.340122 -0.539144 -0.012937 -0.435852
16 -0.184702 -0.421213 0.182988 -0.251183 -0.215202 0.050296 0.298273 0.213032 0.387829 -0.034687 0.064604 0.335159 -0.043816 -0.276361 0.355953 -0.505079 -0.070670 -0.438295
2 -0.131225 -0.468711 0.151960 -0.319578 -0.282684 0.098451 0.303032 0.261541 0.326486 -0.046735 0.081719 0.349217 -0.015122 -0.434814 0.363007 -0.543483 -0.030415 -0.361771
6 -0.172975 -0.461452 0.178881 -0.249700 -0.207770 0.080805 0.308461 0.252215 0.390371 -0.056758 0.101066 0.317836 -0.037212 -0.356540 0.356696 -0.503722 -0.038178 -0.429141
11 -0.211814 -0.436144 0.192524 -0.223966 -0.174720 0.034123 0.255176 0.245781 0.401514 -0.066560 0.068187 0.313550 -0.051506 -0.254218 0.342159 -0.500397 -0.040113 -0.405694
13 -0.150866 -0.424914 0.170512 -0.280396 -0.215972 0.059641 0.286136 0.192485 0.394251 -0.024159 0.069744 0.302039 -0.010730 -0.326827 0.334951 -0.473799 -0.065668 -0.402461
12 -0.178120 -0.471484 0.159293 -0.312190 -0.266676 0.073879 0.270934 0.188849 0.339150 -0.014823 0.107907 0.350357 -0.038232 -0.356029 0.350773 -0.478936 -0.051109 -0.368228
10 -0.169426 -0.450276 0.157970 -0.272268 -0.207801 0.105398 0.303387 0.214436 0.411094 -0.066119 0.092010 0.331982 -0.047049 -0.302275 0.329779 -0.471093 -0.010162 -0.377043
14 -0.011733 -0.016220 0.026785 -0.021827 0.014521 0.009558 -0.015588 -0.009492 -0.015071 0.014490 -0.026914 0.011819 -0.010079 -0.001944 0.000728 0.009641 0.015475 -0.000266
