18 18
8 -0.307108 -0.566333 0.255886 -0.187424 -0.090966 -0.054288 0.183278 0.236919 0.470649 0.023007 0.058180 0.398980 -0.070907 0.009148 0.242795 -0.326951 0.013574 -0.349086
0 -0.232952 -0.533412 0.230768 -0.169798 -0.117580 -0.090206 0.255578 0.283979 0.468484 -0.005227 0.060109 0.382107 -0.002408 -0.062837 0.239031 -0.379302 0.015987 -0.461985
1 -0.249701 -0.513479 0.243333 -0.146508 -0.078084 -0.127002 0.242111 0.294373 0.466131 0.001811 0.015360 0.364711 -0.001222 -0.058144 0.179380 -0.347458 0.013945 -0.432499
2 -0.211173 -0.540840 0.233334 -0.150103 -0.112466 -0.097173 0.293614 0.325120 0.457912 -0.018090 0.035620 0.419640 -0.002787 -0.086536 0.229768 -0.410102 -0.014438 -0.465676
14 -0.328035 -0.607851 0.289448 -0.226345 -0.072313 -0.068880 0.193713 0.257760 0.505940 0.014502 0.041424 0.448178 -0.062470 -0.012759 0.251107 -0.345289 0.012557 -0.419130
9 -0.347687 -0.603747 0.252492 -0.218197 -0.079796 -0.083158 0.200570 0.291992 0.562752 -0.001002 0.071459 0.476345 -0.056687 -0.029138 0.243715 -0.371719 -0.005263 -0.406629
5 -0.243998 -0.563912 0.210019 -0.150762 -0.079929 -0.101708 0.285138 0.272084 0.509934 -0.025923 0.068421 0.421299 -0.038760 -0.040511 0.237769 -0.385576 -0.014862 -0.468034
10 -0.396969 -0.668170 0.278299 -0.240656 -0.051978 -0.008638 0.180300 0.263489 0.592998 -0.045316 0.119144 0.509713 -0.121035 0.070677 0.291406 -0.353098 0.005554 -0.364181
13 -0.251886 -0.535546 0.249338 -0.201124 -0.107591 -0.094162 0.233080 0.225189 0.488456 0.037990 0.035460 0.372772 -0.016250 -0.042074 0.223645 -0.328846 -0.028625 -0.410090
12 -0.349558 -0.608693 0.267666 -0.224892 -0.099943 -0.085600 0.189597 0.238472 0.503573 0.022499 0.091466 0.459590 -0.061459 0.007282 0.242250 -0.328405 -0.021413 -0.397542
16 -0.275685 -0.517543 0.243683 -0.175656 -0.094039 -0.077989 0.233252 0.237508 0.472409 0.011542 0.034214 0.403873 -0.052217 0.004888 0.241997 -0.342261 -0.028597 -0.424414
6 -0.252977 -0.574866 0.256657 -0.135076 -0.100062 -0.094708 0.286140 0.322735 0.508485 -0.000950 0.054168 0.415150 -0.024700 -0.058774 0.248734 -0.378505 -0.010584 -0.494578
3 -0.266622 -0.517009 0.254344 -0.151801 -0.083819 -0.080531 0.258682 0.287454 0.443864 -0.026376 0.067554 0.377526 -0.054452 -0.080973 0.206550 -0.370536 0.034364 -0.445221
17 -0.271793 -0.568211 0.251205 -0.150889 -0.121952 -0.114624 0.272976 0.296756 0.520367 0.020072 0.058694 0.438969 -0.012500 -0.019593 0.213148 -0.346762 -0.006134 -0.473382
4 -0.322591 -0.577318 0.265977 -0.193203 -0.064317 -0.087061 0.189662 0.319365 0.535163 -0.034194 0.096377 0.463991 -0.042565 -0.027347 0.248188 -0.375282 0.015657 -0.440789
11 -0.393352 -0.652395 0.289049 -0.220971 -0.050324 -0.049945 0.150439 0.280337 0.559562 -0.048343 0.091383 0.479182 -0.105745 0.054032 0.326368 -0.399273 -0.019523 -0.402137
15 -0.384410 -0.658555 0.292145 -0.251532 -0.070736 -0.027503 0.218844 0.236360 0.558706 -0.029559 0.100516 0.477598 -0.075102 0.041213 0.303521 -0.391233 -0.043407 -0.432110
7 -0.243031 -0.551000 0.219422 -0.177471 -0.117250 -0.064249 0.251370 0.292674 0.515151 -0.014394 0.044048 0.421434 -0.025586 -0.067692 0.249263 -0.355947 0.007610 -0.440461
