18 18
2 -0.294748 -0.585171 0.208892 -0.333509 -0.228869 0.179604 0.099613 0.017535 0.186601 0.028312 0.304192 0.488396 -0.038655 -0.050473 0.417882 -0.271170 -0.155101 -0.343118
7 -0.302183 -0.577218 0.194954 -0.356788 -0.240692 0.218021 0.073186 -0.029374 0.222612 0.036597 0.300294 0.477792 -0.054699 -0.030992 0.450972 -0.217390 -0.141702 -0.334175
8 -0.326688 -0.594595 0.241464 -0.349937 -0.230580 0.213131 0.067710 -0.054383 0.171084 0.077006 0.287537 0.468830 -0.087365 0.014607 0.442423 -0.215150 -0.149707 -0.301432
0 -0.300492 -0.547960 0.194944 -0.350488 -0.234856 0.198176 0.057818 -0.033230 0.182464 0.037917 0.313547 0.438010 -0.045923 -0.012253 0.417894 -0.216097 -0.105533 -0.313394
15 -0.344801 -0.569816 0.241457 -0.378171 -0.209824 0.236024 0.064325 -0.087598 0.166919 0.042907 0.303357 0.433103 -0.058313 0.024882 0.418946 -0.192620 -0.160411 -0.305657
12 -0.364002 -0.590456 0.235951 -0.385063 -0.221704 0.199053 0.031032 -0.115455 0.131528 0.078096 0.334309 0.471691 -0.081561 0.044150 0.400867 -0.155819 -0.179873 -0.267582
5 -0.298894 -0.579402 0.176599 -0.311321 -0.190088 0.169320 0.116692 -0.025705 0.226435 0.009654 0.315488 0.468621 -0.080514 -0.016818 0.416634 -0.260705 -0.140021 -0.355728
4 -0.334643 -0.549088 0.229079 -0.333045 -0.203185 0.167789 0.032389 -0.004248 0.192014 0.032998 0.335507 0.468960 -0.038963 -0.006250 0.403148 -0.212448 -0.132401 -0.339762
3 -0.353877 -0.593055 0.245109 -0.345292 -0.228336 0.186696 0.098011 -0.006018 0.184026 0.021619 0.349308 0.458462 -0.077650 -0.060863 0.428947 -0.275034 -0.097679 -0.389570
9 -0.328218 -0.583678 0.189656 -0.342946 -0.216928 0.198507 0.081478 -0.016725 0.238542 0.035957 0.311970 0.509834 -0.074836 -0.023733 0.419775 -0.227629 -0.169157 -0.310624
17 -0.316701 -0.567242 0.220526 -0.318943 -0.246098 0.177895 0.080197 -0.025150 0.213402 0.074435 0.299252 0.486705 -0.052336 0.024120 0.398009 -0.178627 -0.144967 -0.329233
1 -0.338424 -0.595050 0.238025 -0.362054 -0.214366 0.171288 0.064980 -0.011392 0.215573 0.048489 0.283526 0.463138 -0.044980 -0.018473 0.406505 -0.230405 -0.127728 -0.331009
14 -0.339676 -0.578822 0.254624 -0.379112 -0.193909 0.216365 0.038664 -0.083606 0.139635 0.072100 0.274804 0.456975 -0.083120 0.017082 0.402644 -0.173551 -0.139404 -0.283082
6 -0.328416 -0.626048 0.235063 -0.338792 -0.229687 0.215012 0.107541 -0.015547 0.192458 0.041788 0.345007 0.481901 -0.075551 -0.034649 0.464916 -0.253453 -0.152233 -0.378140
11 -0.341399 -0.570979 0.227873 -0.327815 -0.197885 0.193068 0.043184 -0.031164 0.190356 0.027454 0.285119 0.445051 -0.086388 0.030226 0.434971 -0.213489 -0.153877 -0.303173
10 -0.330426 -0.588724 0.214249 -0.360763 -0.203636 0.240873 0.075223 -0.076112 0.198622 0.037985 0.316732 0.485306 -0.097326 0.043361 0.411941 -0.170471 -0.154943 -0.278187
13 -0.320329 -0.583030 0.250569 -0.394017 -0.221046 0.209926 0.063954 -0.091861 0.167608 0.079970 0.291721 0.443756 -0.060592 -0.012556 0.423170 -0.196634 -0.178159 -0.309436
16 -0.311841 -0.535885 0.221159 -0.341958 -0.221941 0.196493 0.073076 -0.063345 0.167446 0.060670 0.265590 0.446932 -0.069254 0.031498 0.419439 -0.200832 -0.169027 -0.316540
