18 18
11 -0.236511 -0.350085 0.155808 -0.183385 0.026579 -0.276350 -0.035441 0.364787 0.328901 -0.121055 0.312835 0.488003 0.051873 -0.347306 0.261394 -0.457248 -0.232301 -0.489864
4 -0.144922 -0.252614 0.086434 -0.100830 0.081934 -0.266683 0.002422 0.385373 0.248154 -0.183150 0.331362 0.400282 0.056878 -0.392510 0.186406 -0.466068 -0.129156 -0.456897
9 -0.188311 -0.275422 0.094009 -0.189452 0.005672 -0.220748 0.025040 0.333591 0.329526 -0.099969 0.302937 0.481761 0.073303 -0.400598 0.189298 -0.419244 -0.253244 -0.412290
2 -0.145226 -0.312385 0.094934 -0.164175 0.040032 -0.240164 0.043603 0.369585 0.256999 -0.157118 0.311103 0.459314 0.064154 -0.422610 0.214389 -0.496422 -0.211628 -0.445278
15 -0.239120 -0.323624 0.168364 -0.232867 0.005726 -0.194230 0.045578 0.282280 0.314221 -0.085030 0.300434 0.478441 0.069664 -0.361812 0.220814 -0.426834 -0.294370 -0.466088
14 -0.230238 -0.347601 0.162581 -0.229791 0.007671 -0.246859 -0.037301 0.324515 0.306334 -0.068113 0.289285 0.519968 0.066709 -0.366252 0.231512 -0.403368 -0.232773 -0.464525
1 -0.194302 -0.305602 0.133247 -0.137545 0.080579 -0.287115 0.016157 0.373004 0.280751 -0.155669 0.288903 0.391262 0.053706 -0.383541 0.179099 -0.476364 -0.124739 -0.469250
5 -0.133178 -0.315650 0.062807 -0.108602 0.079640 -0.230610 0.075960 0.297842 0.252809 -0.174141 0.315655 0.398557 -0.002719 -0.353869 0.231551 -0.477732 -0.163605 -0.473578
3 -0.188884 -0.297616 0.126291 -0.130816 0.063795 -0.243638 0.045733 0.339318 0.236893 -0.164170 0.326290 0.397350 0.006520 -0.407435 0.200288 -0.478123 -0.132792 -0.484961
12 -0.250448 -0.343092 0.149951 -0.229122 -0.031874 -0.275781 -0.062217 0.314634 0.296435 -0.050582 0.332565 0.523650 0.081201 -0.350746 0.228156 -0.382388 -0.263746 -0.448575
0 -0.219518 -0.339438 0.135650 -0.226039 -0.013688 -0.246509 -0.043791 0.329629 0.297665 -0.093594 0.331468 0.484100 0.081444 -0.357021 0.244582 -0.427756 -0.194411 -0.455056
8 -0.168587 -0.335060 0.127780 -0.144647 0.036316 -0.221888 0.069135 0.336229 0.264307 -0.123308 0.297447 0.431304 0.016006 -0.390685 0.231682 -0.488755 -0.170197 -0.471744
13 -0.207238 -0.314131 0.159270 -0.228072 -0.024793 -0.248929 -0.018556 0.290577 0.319516 -0.047445 0.286510 0.464568 0.084089 -0.359505 0.236579 -0.391461 -0.271160 -0.461460
7 -0.159948 -0.309741 0.093927 -0.161289 0.017913 -0.234521 0.012652 0.357912 0.295687 -0.141122 0.302836 0.438992 0.052671 -0.412836 0.230704 -0.446649 -0.156911 -0.466147
16 -0.190093 -0.280743 0.131798 -0.182664 0.009856 -0.210478 0.069620 0.300797 0.292514 -0.096602 0.280010 0.465622 0.040813 -0.354432 0.221589 -0.444756 -0.263171 -0.468614
6 -0.144722 -0.302005 0.108067 -0.102257 0.040520 -0.218265 0.039616 0.344769 0.233622 -0.130793 0.302381 0.387481 0.022181 -0.384505 0.226044 -0.429744 -0.151986 -0.466171
17 -0.204624 -0.321091 0.136306 -0.175736 -0.029324 -0.268476 -0.004976 0.339629 0.326724 -0.061574 0.316206 0.504900 0.084821 -0.340662 0.212966 -0.387802 -0.229540 -0.480500
10 -0.189169 -0.317132 0.108341 -0.185378 0.040308 -0.202161 0.064542 0.340092 0.344690 -0.146766 0.336440 0.496202 0.036262 -0.389599 0.203081 -0.442742 -0.223632 -0.450615
