18 18
1 -0.214900 -0.430469 0.120066 -0.246175 0.039150 -0.077921 0.150958 0.177376 0.350906 -0.103170 0.089263 0.474100 -0.063820 -0.137728 0.377578 -0.478984 -0.434983 -0.368520
4 -0.177227 -0.358940 0.093811 -0.200023 0.066918 -0.090072 0.171614 0.199166 0.310874 -0.158729 0.163670 0.495309 -0.068511 -0.162054 0.385895 -0.517105 -0.494519 -0.420393
14 -0.227880 -0.448996 0.181889 -0.270500 0.060611 -0.026968 0.129902 0.125459 0.297437 -0.063273 0.046071 0.475067 -0.115949 -0.125040 0.410534 -0.448671 -0.441952 -0.369025
10 -0.203552 -0.429072 0.125593 -0.232371 0.071999 -0.022673 0.177254 0.135931 0.327346 -0.121542 0.105284 0.496015 -0.127779 -0.098538 0.400331 -0.452424 -0.487420 -0.362903
9 -0.203344 -0.401930 0.052082 -0.235404 0.025244 -0.055384 0.150683 0.178100 0.352398 -0.124161 0.136935 0.504891 -0.065328 -0.155230 0.366954 -0.472239 -0.470226 -0.317432
2 -0.160603 -0.380209 0.088057 -0.211694 0.039622 -0.078350 0.194860 0.184633 0.276821 -0.139448 0.135253 0.485052 -0.063247 -0.170540 0.363255 -0.512909 -0.494907 -0.372769
13 -0.198184 -0.435890 0.145501 -0.262230 0.045562 -0.060080 0.176045 0.137964 0.336248 -0.091781 0.083485 0.475647 -0.094930 -0.154481 0.429075 -0.500744 -0.516768 -0.402723
16 -0.183910 -0.393219 0.102979 -0.224918 0.012835 -0.049243 0.184603 0.144227 0.322515 -0.092904 0.077629 0.483400 -0.093270 -0.097502 0.408727 -0.471906 -0.469349 -0.381776
6 -0.173504 -0.390499 0.086600 -0.186848 0.025092 -0.055628 0.180184 0.183814 0.306946 -0.115413 0.136094 0.464462 -0.074844 -0.146787 0.381800 -0.460904 -0.471706 -0.373230
0 -0.193537 -0.406119 0.085049 -0.251654 -0.011777 -0.039709 0.140880 0.156948 0.311994 -0.103554 0.142877 0.473183 -0.058346 -0.132186 0.395247 -0.464742 -0.419757 -0.347648
11 -0.216316 -0.413001 0.132209 -0.215883 0.058485 -0.058754 0.120658 0.165656 0.313986 -0.118209 0.085125 0.455707 -0.104165 -0.101570 0.411127 -0.466459 -0.468187 -0.355971
8 -0.205137 -0.444304 0.141346 -0.240009 0.016044 -0.042345 0.156070 0.158956 0.321247 -0.070702 0.078630 0.468662 -0.103123 -0.136189 0.419032 -0.486528 -0.432338 -0.358336
17 -0.207279 -0.424691 0.096471 -0.219972 0.001135 -0.079469 0.172921 0.189531 0.371095 -0.093733 0.141542 0.531268 -0.054662 -0.124659 0.380043 -0.462521 -0.483468 -0.390297
7 -0.165929 -0.401176 0.071608 -0.242247 -0.006077 -0.031899 0.157410 0.169682 0.349267 -0.111276 0.100502 0.484277 -0.065117 -0.156928 0.413584 -0.461812 -0.442339 -0.358500
3 -0.230101 -0.433656 0.122065 -0.224337 0.061096 -0.109332 0.253516 0.218058 0.337819 -0.181740 0.197458 0.557426 -0.115685 -0.214448 0.423541 -0.623074 -0.552483 -0.499813
5 -0.173437 -0.426626 0.037835 -0.218213 0.036271 -0.071535 0.210251 0.144630 0.380804 -0.135827 0.142573 0.522549 -0.093524 -0.118476 0.402365 -0.497805 -0.479451 -0.391270
12 -0.235056 -0.458491 0.120041 -0.262446 0.030622 -0.085785 0.155763 0.165636 0.330217 -0.106309 0.152069 0.549977 -0.089900 -0.148964 0.421446 -0.508546 -0.539642 -0.396619
15 -0.244897 -0.463409 0.163537 -0.277039 0.072464 -0.020913 0.176300 0.116571 0.330552 -0.118635 0.106752 0.500550 -0.115744 -0.116905 0.444566 -0.509014 -0.531962 -0.406878
