18 18
15 -0.226592 -0.585535 0.194499 -0.176810 -0.108410 0.265167 0.322497 0.057534 0.281635 -0.087465 0.197254 0.378604 -0.295562 -0.046624 0.485526 -0.490500 -0.055180 -0.318489
7 -0.167678 -0.543865 0.157137 -0.176243 -0.130136 0.231087 0.296639 0.070378 0.283906 -0.056562 0.154782 0.370067 -0.266531 -0.091766 0.476541 -0.454678 -0.046242 -0.306512
8 -0.178482 -0.592022 0.208520 -0.112942 -0.160101 0.272769 0.299076 0.096085 0.253421 -0.016069 0.127710 0.347418 -0.349591 -0.025885 0.503997 -0.462309 0.032536 -0.240972
5 -0.188278 -0.560378 0.148716 -0.182569 -0.075095 0.188047 0.310793 -0.002420 0.267341 -0.059069 0.203135 0.377354 -0.281078 -0.058931 0.464780 -0.466541 -0.109456 -0.337895
1 -0.211757 -0.559195 0.208518 -0.189986 -0.102465 0.183276 0.275489 0.061142 0.265625 -0.030740 0.148437 0.345607 -0.250846 -0.069967 0.437852 -0.449372 -0.045077 -0.310286
2 -0.175284 -0.544304 0.172425 -0.172570 -0.108825 0.205330 0.303956 0.068181 0.236555 -0.054375 0.173215 0.382943 -0.262293 -0.080153 0.446570 -0.474131 -0.081116 -0.295136
3 -0.213263 -0.547131 0.208324 -0.119753 -0.107858 0.232631 0.309083 0.085154 0.239457 -0.060346 0.168654 0.335934 -0.343354 -0.071725 0.450743 -0.474136 0.005590 -0.295935
9 -0.189826 -0.517995 0.143582 -0.136378 -0.108708 0.220619 0.272818 0.090769 0.275551 -0.061170 0.166486 0.366975 -0.287109 -0.071611 0.434443 -0.444477 -0.039648 -0.248148
12 -0.193028 -0.556349 0.182961 -0.215260 -0.135726 0.196009 0.253770 -0.034791 0.210691 0.021754 0.185602 0.361675 -0.249706 -0.050364 0.454869 -0.364225 -0.123725 -0.291302
0 -0.195392 -0.551543 0.181752 -0.203974 -0.140659 0.222692 0.263466 0.032854 0.240126 -0.033994 0.188706 0.360231 -0.254328 -0.048074 0.480246 -0.441154 -0.036875 -0.302747
13 -0.164529 -0.565247 0.206357 -0.212662 -0.132384 0.224946 0.306141 0.008126 0.271357 -0.002138 0.152168 0.351218 -0.260089 -0.088376 0.497495 -0.438176 -0.108118 -0.333933
4 -0.216862 -0.564600 0.189454 -0.155414 -0.110270 0.220759 0.290375 0.110133 0.291430 -0.080544 0.214504 0.414751 -0.294503 -0.063206 0.491662 -0.508019 -0.039558 -0.337571
6 -0.163048 -0.565521 0.196171 -0.166365 -0.124188 0.234634 0.300497 0.031540 0.244231 -0.002437 0.165292 0.345505 -0.275006 -0.081824 0.488422 -0.407922 -0.095941 -0.320019
16 -0.197526 -0.539819 0.190934 -0.174684 -0.127031 0.204754 0.301612 0.047419 0.253541 -0.029938 0.151531 0.377967 -0.276218 -0.039317 0.471427 -0.454199 -0.080624 -0.332533
10 -0.174888 -0.566613 0.181143 -0.138258 -0.120922 0.268880 0.301575 0.070132 0.280506 -0.049116 0.157593 0.363721 -0.321201 -0.024897 0.462273 -0.412499 -0.007970 -0.251726
11 -0.212773 -0.591067 0.203143 -0.129887 -0.116418 0.239906 0.276562 0.100425 0.288589 -0.063698 0.149791 0.371128 -0.339947 -0.026695 0.511603 -0.475264 -0.024034 -0.281981
14 -0.180558 -0.558402 0.221264 -0.222269 -0.114971 0.216130 0.257066 -0.000095 0.228168 0.023161 0.124220 0.358820 -0.254720 -0.073959 0.463479 -0.380480 -0.080781 -0.312295
17 -0.197024 -0.573866 0.192281 -0.151512 -0.150787 0.205834 0.311570 0.076553 0.291746 -0.017850 0.180931 0.406202 -0.275240 -0.044201 0.462573 -0.436168 -0.053270 -0.332231
