18 18
14 -0.030669 -0.427709 0.027097 -0.362410 0.099814 0.514253 0.324186 -0.065800 0.382898 -0.272533 0.149389 0.446795 -0.231928 -0.257319 0.367899 -0.221486 -0.082349 -0.276513
5 -0.057793 -0.426500 0.007260 -0.332726 0.128310 0.428294 0.350977 -0.103167 0.400265 -0.293697 0.197896 0.422382 -0.259457 -0.241465 0.373591 -0.287186 -0.113557 -0.338148
15 -0.065291 -0.410296 0.037715 -0.354183 0.099726 0.473401 0.338028 -0.103703 0.375610 -0.279441 0.177323 0.403301 -0.226818 -0.236811 0.366307 -0.253055 -0.112285 -0.312683
10 0.036885 -0.402507 -0.027357 -0.316914 0.075176 0.541424 0.346352 -0.029030 0.398374 -0.282636 0.170914 0.435042 -0.216331 -0.242259 0.342290 -0.174075 -0.082686 -0.212506
2 0.049956 -0.424264 -0.023634 -0.350112 0.062705 0.535718 0.354231 -0.015727 0.372439 -0.278441 0.151382 0.460491 -0.191979 -0.284665 0.356037 -0.221342 -0.108393 -0.217703
4 -0.036252 -0.380881 0.024253 -0.329935 0.106130 0.453758 0.312811 -0.050704 0.382672 -0.290276 0.201162 0.418062 -0.212959 -0.266579 0.364028 -0.255499 -0.090938 -0.323099
13 -0.008678 -0.419517 0.033180 -0.372219 0.089546 0.495307 0.353540 -0.086468 0.389491 -0.265536 0.159401 0.412659 -0.229311 -0.296763 0.383071 -0.249595 -0.114223 -0.306964
17 -0.025403 -0.435534 0.014846 -0.338792 0.068896 0.484168 0.364869 -0.055313 0.424143 -0.264450 0.185655 0.464476 -0.224680 -0.251528 0.365082 -0.228095 -0.100378 -0.316485
0 0.028080 -0.431251 -0.011115 -0.364542 0.045601 0.551653 0.324911 -0.041365 0.373565 -0.267948 0.174550 0.427441 -0.202077 -0.266753 0.391533 -0.210257 -0.070486 -0.232459
11 -0.038998 -0.438610 0.024007 -0.339451 0.104287 0.485960 0.328078 -0.039353 0.405888 -0.304423 0.172214 0.425261 -0.241143 -0.248013 0.394641 -0.266163 -0.109440 -0.289685
3 -0.050674 -0.408523 0.038757 -0.333576 0.100831 0.479206 0.357120 -0.063902 0.362407 -0.294510 0.191520 0.402884 -0.262537 -0.291596 0.363911 -0.271829 -0.075867 -0.318890
9 -0.037952 -0.409335 -0.014887 -0.344046 0.095731 0.475137 0.331670 -0.050228 0.411821 -0.285880 0.180256 0.439965 -0.226352 -0.281212 0.354702 -0.253551 -0.111947 -0.266868
6 0.040290 -0.410759 -0.006444 -0.306958 0.065407 0.535405 0.345079 -0.007152 0.371036 -0.266468 0.163412 0.417608 -0.205089 -0.279344 0.370511 -0.198652 -0.100217 -0.239564
16 -0.004438 -0.404080 0.007683 -0.335855 0.074540 0.499602 0.359612 -0.054634 0.386501 -0.273188 0.154712 0.439656 -0.232893 -0.244776 0.384865 -0.243530 -0.121211 -0.294603
7 0.036432 -0.406132 -0.031115 -0.338236 0.054491 0.523544 0.337843 -0.040525 0.409545 -0.274748 0.147196 0.430230 -0.206441 -0.279655 0.376311 -0.200110 -0.082828 -0.251153
12 -0.026600 -0.022358 0.002765 -0.019307 -0.014582 -0.010130 -0.018079 -0.025837 -0.017080 0.018496 0.026502 0.027636 -0.006702 0.013838 0.001462 0.019107 -0.024921 0.008452
1 -0.027660 -0.027217 0.026180 -0.019122 0.012075 -0.026796 -0.004699 0.019366 0.022084 0.001540 -0.016522 -0.005216 0.015504 -0.011155 -0.013895 -0.016653 0.015775 -0.011908
8 0.003889 -0.024784 0.014791 0.006068 -0.018192 0.009774 0.013932 0.005426 -0.001505 0.020585 -0.012265 0.000073 -0.017512 0.000480 0.021614 -0.017675 0.015234 0.001164
