18 18
13 -0.350451 -0.583935 0.413246 -0.369230 -0.039408 0.164356 0.222789 0.050686 0.297737 0.030539 0.101972 0.418220 -0.058277 -0.075207 0.285038 -0.266109 -0.058720 -0.485369
1 -0.397617 -0.570085 0.437754 -0.393775 -0.033871 0.120626 0.179037 0.059622 0.299401 0.055716 0.046593 0.419215 0.004740 -0.037676 0.169594 -0.183920 -0.047787 -0.405424
17 -0.391746 -0.575400 0.441055 -0.372464 -0.070206 0.136671 0.204050 0.061391 0.308287 0.075905 0.069209 0.459220 0.009401 -0.012958 0.160690 -0.147083 -0.057823 -0.417371
14 -0.376687 -0.571541 0.430156 -0.394295 -0.025869 0.167397 0.172293 0.034372 0.258933 0.053820 0.049896 0.427051 -0.032843 -0.036399 0.210936 -0.179108 -0.042513 -0.402464
15 -0.378181 -0.558029 0.406130 -0.370998 -0.024812 0.186531 0.202747 0.014445 0.261500 0.015743 0.107513 0.400490 -0.043055 -0.027829 0.239518 -0.220651 -0.070584 -0.424942
4 -0.363722 -0.534841 0.390847 -0.328491 -0.021326 0.132519 0.181253 0.093811 0.291603 0.001091 0.140104 0.426931 -0.036363 -0.061995 0.255154 -0.260815 -0.040598 -0.478649
3 -0.368610 -0.582230 0.390976 -0.299194 -0.024462 0.164162 0.240778 0.077132 0.266782 -0.023603 0.182688 0.408580 -0.138225 -0.082263 0.326056 -0.333603 -0.001950 -0.540265
11 -0.316616 -0.597183 0.295289 -0.180279 -0.000714 0.161980 0.238698 0.125052 0.297859 -0.109157 0.285910 0.388672 -0.247615 -0.067044 0.512192 -0.473247 0.002334 -0.633528
12 -0.406043 -0.583830 0.410515 -0.377489 -0.056994 0.124311 0.165007 0.030331 0.261556 0.055517 0.121789 0.442823 -0.042138 -0.026756 0.219510 -0.190520 -0.075819 -0.417549
16 -0.358424 -0.516743 0.388730 -0.339090 -0.050256 0.132861 0.191685 0.045846 0.274317 0.042575 0.071900 0.408278 -0.041737 -0.012289 0.223682 -0.202225 -0.074278 -0.429956
5 -0.305167 -0.573014 0.287841 -0.254443 -0.007080 0.152901 0.247287 0.049625 0.296100 -0.052169 0.221412 0.410867 -0.165804 -0.058368 0.376380 -0.358178 -0.026028 -0.537729
2 -0.346307 -0.572578 0.409562 -0.368438 -0.049902 0.159086 0.216218 0.078369 0.264610 0.033622 0.074700 0.450928 -0.026784 -0.061070 0.233009 -0.248783 -0.057055 -0.429103
6 -0.263306 -0.540265 0.267711 -0.164340 -0.012904 0.178177 0.249722 0.093594 0.253705 -0.069228 0.269447 0.355989 -0.214905 -0.070790 0.444816 -0.383465 -0.007426 -0.574282
8 -0.301236 -0.609214 0.328705 -0.223808 -0.036223 0.192382 0.270179 0.099808 0.282496 -0.042398 0.231889 0.400809 -0.216296 -0.081156 0.469700 -0.431774 0.013558 -0.601433
7 -0.349039 -0.578497 0.382681 -0.368960 -0.059744 0.179181 0.211425 0.054460 0.312592 0.023180 0.097834 0.438828 -0.046524 -0.068986 0.265354 -0.224125 -0.045413 -0.457878
9 -0.353385 -0.577811 0.338802 -0.296566 -0.027869 0.157180 0.226895 0.095843 0.323260 -0.019586 0.178559 0.443908 -0.118398 -0.087827 0.327994 -0.327049 -0.036166 -0.502595
0 -0.294000 -0.568851 0.286069 -0.232630 -0.042813 0.188010 0.228986 0.076416 0.265262 -0.062398 0.272357 0.381674 -0.193452 -0.063866 0.455472 -0.398250 0.014465 -0.572483
10 -0.363311 -0.552452 0.392262 -0.359779 -0.027393 0.182547 0.198849 0.041995 0.293930 0.018747 0.095060 0.429800 -0.047103 -0.007010 0.195994 -0.163277 -0.045268 -0.383622
