18 18
7 -0.405636 -0.396727 0.398304 -0.063062 0.026055 -0.029467 0.228035 0.269235 0.163071 -0.118758 0.141632 0.216341 -0.257716 -0.236903 0.298997 -0.489542 -0.110949 -0.536450
14 -0.439588 -0.409526 0.470140 -0.086501 0.068082 -0.032574 0.206986 0.264404 0.112039 -0.097926 0.119242 0.224158 -0.263487 -0.229500 0.283466 -0.488213 -0.110934 -0.532584
11 -0.414336 -0.382140 0.398211 -0.042822 0.058609 -0.054841 0.191454 0.265623 0.159227 -0.127957 0.128340 0.202242 -0.255384 -0.176863 0.290992 -0.481478 -0.126506 -0.500235
0 -0.423099 -0.398639 0.412029 -0.082603 0.025259 -0.029718 0.202741 0.248888 0.132712 -0.111145 0.165537 0.201625 -0.243935 -0.200317 0.295629 -0.479380 -0.102397 -0.506814
1 -0.420724 -0.383068 0.427200 -0.064941 0.064609 -0.071592 0.199761 0.273154 0.134869 -0.099415 0.117415 0.191135 -0.218853 -0.210333 0.226606 -0.462789 -0.090063 -0.498602
9 -0.413966 -0.373869 0.350334 -0.048045 0.058299 -0.029983 0.207482 0.271821 0.153197 -0.139152 0.183216 0.229464 -0.261358 -0.229202 0.276317 -0.493501 -0.144393 -0.461877
3 -0.416836 -0.350818 0.419938 -0.042946 0.057967 -0.045132 0.221304 0.248280 0.099406 -0.116454 0.147884 0.166505 -0.262917 -0.215765 0.240052 -0.463289 -0.082689 -0.512802
6 -0.401983 -0.388419 0.404062 -0.022696 0.055208 -0.024886 0.224534 0.277835 0.121833 -0.115956 0.168377 0.201601 -0.259672 -0.208486 0.287794 -0.469640 -0.122553 -0.512969
2 -0.406764 -0.394091 0.424958 -0.058455 0.058567 -0.036689 0.230665 0.296597 0.101101 -0.125867 0.150538 0.235488 -0.249954 -0.238505 0.274470 -0.518721 -0.142971 -0.512854
10 -0.412180 -0.384881 0.408381 -0.053508 0.065490 -0.013077 0.228089 0.259631 0.153494 -0.130651 0.158528 0.228154 -0.269396 -0.197054 0.273654 -0.467294 -0.116292 -0.503587
17 -0.419311 -0.384453 0.418782 -0.039432 0.019140 -0.065993 0.231775 0.267442 0.157633 -0.084463 0.155151 0.226666 -0.228427 -0.189927 0.247294 -0.446439 -0.118487 -0.543537
15 -0.437934 -0.396699 0.426661 -0.079897 0.061291 -0.023383 0.223214 0.232999 0.129777 -0.125014 0.152349 0.195748 -0.246781 -0.201494 0.279219 -0.489607 -0.133967 -0.512360
16 -0.384950 -0.344748 0.405274 -0.059642 0.037241 -0.047814 0.217322 0.233382 0.124305 -0.087990 0.105965 0.204559 -0.242591 -0.174710 0.275630 -0.463282 -0.135620 -0.511301
5 -0.400069 -0.406220 0.355433 -0.051850 0.075128 -0.041397 0.245642 0.230437 0.160921 -0.146249 0.183047 0.228763 -0.286452 -0.207232 0.293886 -0.517748 -0.128751 -0.517940
13 -0.392249 -0.379316 0.434528 -0.080599 0.045693 -0.048946 0.222168 0.248661 0.134394 -0.089148 0.126917 0.188709 -0.234592 -0.249142 0.283572 -0.490606 -0.140923 -0.526982
4 -0.396041 -0.338082 0.404452 -0.044694 0.072477 -0.056438 0.178685 0.275040 0.124155 -0.120325 0.156384 0.203938 -0.218657 -0.206984 0.253313 -0.464868 -0.106357 -0.502450
8 -0.416748 -0.414242 0.440192 -0.052787 0.035300 -0.027828 0.232420 0.269671 0.124774 -0.093650 0.138093 0.213508 -0.274704 -0.210837 0.303248 -0.507086 -0.106652 -0.519018
12 -0.429958 -0.389859 0.383925 -0.064721 0.045789 -0.048532 0.186849 0.230709 0.105464 -0.109162 0.191049 0.226643 -0.256900 -0.187976 0.266580 -0.457259 -0.146074 -0.475998
