18 18
0 -0.400762 -0.539493 0.225697 -0.335183 -0.146659 0.040956 0.191253 0.142649 0.286072 -0.090942 0.360740 0.317352 -0.056206 -0.255006 0.200685 -0.430752 0.099556 -0.359416
6 -0.390670 -0.536228 0.233718 -0.279773 -0.139641 0.038996 0.207774 0.177309 0.300695 -0.074443 0.320916 0.313970 -0.060830 -0.250055 0.200163 -0.398555 0.065879 -0.367296
10 -0.425806 -0.572882 0.227161 -0.328350 -0.121211 0.031576 0.207157 0.151979 0.327229 -0.093639 0.369699 0.363884 -0.091910 -0.256279 0.173040 -0.412347 0.087062 -0.342690
1 -0.430910 -0.560186 0.267023 -0.310166 -0.109398 -0.018732 0.232592 0.216097 0.324922 -0.117649 0.344823 0.314284 -0.036762 -0.287952 0.164236 -0.495349 0.117145 -0.421708
7 -0.412183 -0.567918 0.213953 -0.358706 -0.189263 0.047550 0.171603 0.126398 0.317182 -0.045912 0.300893 0.369895 -0.069444 -0.264074 0.214454 -0.368289 0.048139 -0.328731
9 -0.437637 -0.549713 0.201079 -0.330026 -0.118183 -0.014465 0.160593 0.154128 0.317660 -0.074637 0.349468 0.358690 -0.087677 -0.297638 0.179658 -0.438218 0.059682 -0.325448
8 -0.361354 -0.492603 0.202600 -0.259453 -0.095438 -0.006080 0.198653 0.158447 0.261506 -0.092672 0.339626 0.292081 -0.094632 -0.272897 0.179419 -0.458971 0.107773 -0.352456
15 -0.424986 -0.559980 0.252375 -0.341928 -0.159546 0.082260 0.233603 0.137259 0.309480 -0.095097 0.336924 0.333839 -0.041872 -0.231365 0.208370 -0.417026 0.051806 -0.383625
13 -0.423513 -0.553391 0.260526 -0.385064 -0.156009 -0.006815 0.136683 0.077442 0.283684 0.007094 0.270914 0.324504 -0.062180 -0.258561 0.185862 -0.349564 0.007509 -0.307625
12 -0.491045 -0.604568 0.263062 -0.414989 -0.171720 -0.019601 0.080407 0.041009 0.250373 0.034826 0.298878 0.387167 -0.089981 -0.215419 0.183174 -0.305999 -0.016914 -0.267331
2 -0.364399 -0.498839 0.218319 -0.300440 -0.102249 -0.009615 0.210384 0.186763 0.243600 -0.113184 0.344224 0.320768 -0.040393 -0.293672 0.155845 -0.480831 0.084855 -0.363719
3 -0.394195 -0.466631 0.225478 -0.257542 -0.048674 -0.031196 0.244478 0.206164 0.240641 -0.181159 0.413628 0.270257 -0.080259 -0.342731 0.131350 -0.550928 0.161240 -0.431889
16 -0.427095 -0.561572 0.246732 -0.332637 -0.173900 0.042647 0.215915 0.141004 0.319731 -0.054708 0.301671 0.358615 -0.073738 -0.220410 0.225338 -0.407092 0.030718 -0.379980
4 -0.378873 -0.457002 0.209473 -0.259577 -0.039257 -0.052003 0.220009 0.243721 0.279960 -0.194101 0.443846 0.294823 -0.039115 -0.350025 0.148279 -0.574738 0.154128 -0.456720
5 -0.388399 -0.515647 0.178899 -0.289779 -0.042626 -0.048277 0.229813 0.160675 0.296162 -0.165268 0.426633 0.322951 -0.093979 -0.325808 0.172123 -0.551616 0.110499 -0.424381
14 -0.472485 -0.604927 0.277791 -0.408156 -0.148154 0.013971 0.113789 0.082016 0.272847 0.007456 0.273306 0.387871 -0.093659 -0.242405 0.190534 -0.342555 0.037005 -0.301389
11 -0.466167 -0.590496 0.261240 -0.350209 -0.142050 -0.001983 0.114897 0.124477 0.305284 -0.032636 0.277263 0.360576 -0.093005 -0.204763 0.210535 -0.359689 0.014272 -0.303521
17 -0.405923 -0.552140 0.234732 -0.286831 -0.186320 0.040495 0.247878 0.178872 0.340402 -0.072376 0.348084 0.365780 -0.043577 -0.220838 0.184868 -0.394806 0.075681 -0.404940
