18 18
4 -0.321290 -0.513014 0.186497 -0.282848 0.144341 -0.084130 -0.042056 0.121229 0.347093 -0.038977 0.271403 0.463096 -0.093948 -0.176948 0.314675 -0.390400 -0.176835 -0.319090
5 -0.304946 -0.568638 0.158449 -0.287378 0.143694 -0.086203 0.006204 0.079110 0.385351 -0.035826 0.264331 0.488022 -0.130327 -0.169610 0.341876 -0.421379 -0.198059 -0.337557
1 -0.333187 -0.570549 0.245229 -0.322438 0.088881 -0.109964 -0.023941 0.115162 0.332036 0.020740 0.220495 0.478109 -0.099840 -0.200110 0.345142 -0.470710 -0.155565 -0.344936
11 -0.380119 -0.621117 0.283479 -0.333728 0.090019 -0.058729 -0.055281 0.055982 0.316929 0.019042 0.181949 0.464413 -0.158172 -0.089964 0.426364 -0.419149 -0.219974 -0.327093
8 -0.350096 -0.617258 0.281177 -0.329418 0.062776 -0.048852 -0.023426 0.028561 0.279635 0.059486 0.187610 0.464105 -0.159158 -0.098449 0.409932 -0.415000 -0.201122 -0.319594
10 -0.315356 -0.569051 0.194382 -0.299042 0.131007 -0.048783 -0.001933 0.086963 0.375851 -0.025699 0.247888 0.487756 -0.137930 -0.143067 0.341136 -0.388400 -0.182965 -0.306788
9 -0.329779 -0.555056 0.180041 -0.311842 0.118133 -0.063183 -0.018188 0.097465 0.374313 -0.013376 0.243283 0.490562 -0.119199 -0.185669 0.338328 -0.409046 -0.199660 -0.295769
14 -0.352576 -0.590979 0.265891 -0.345225 0.123874 -0.043705 -0.041236 0.044365 0.298452 0.020876 0.183708 0.464650 -0.141375 -0.135657 0.368043 -0.383064 -0.190963 -0.314985
12 -0.381586 -0.610113 0.264625 -0.351598 0.077569 -0.060176 -0.052153 -0.006160 0.252569 0.047678 0.211085 0.459241 -0.147895 -0.079375 0.370610 -0.354021 -0.236473 -0.287289
0 -0.266233 -0.530333 0.171623 -0.300778 0.041568 -0.061673 -0.026549 0.106288 0.318564 0.010366 0.267224 0.474619 -0.092494 -0.190568 0.355447 -0.437277 -0.114064 -0.312015
2 -0.288937 -0.543617 0.220614 -0.313104 0.088880 -0.089849 -0.008220 0.113476 0.280045 0.008618 0.234090 0.493603 -0.098339 -0.216249 0.338084 -0.477420 -0.182446 -0.321931
3 -0.342937 -0.548996 0.243618 -0.314572 0.119114 -0.074548 0.003391 0.070569 0.278340 -0.007147 0.252799 0.451397 -0.155478 -0.216189 0.340668 -0.457162 -0.160421 -0.349956
15 -0.388898 -0.583851 0.279378 -0.349283 0.107925 -0.010683 -0.014223 -0.005453 0.280023 0.006319 0.189345 0.425235 -0.144215 -0.076389 0.376562 -0.367094 -0.241057 -0.313738
7 -0.257099 -0.514809 0.163441 -0.280041 0.065937 -0.052689 -0.006978 0.100858 0.348979 0.001146 0.209251 0.456058 -0.103455 -0.185887 0.342908 -0.387624 -0.158817 -0.301909
13 -0.316477 -0.555956 0.256128 -0.334183 0.086933 -0.069043 -0.025705 0.023989 0.281277 0.042436 0.182276 0.417478 -0.115388 -0.142091 0.362252 -0.385802 -0.220546 -0.312529
16 -0.383707 -0.592805 0.288338 -0.343792 0.084614 -0.046853 -0.017078 0.015943 0.288100 0.035643 0.164898 0.465219 -0.156807 -0.057168 0.403470 -0.390413 -0.254238 -0.339274
6 -0.306927 -0.568764 0.214017 -0.281382 0.115514 -0.057191 -0.004910 0.106089 0.330812 -0.000433 0.235338 0.457863 -0.125859 -0.178156 0.358262 -0.401077 -0.193565 -0.324161
17 -0.316735 -0.566397 0.219222 -0.275432 0.066728 -0.086062 -0.007607 0.099224 0.360309 0.031020 0.232700 0.491426 -0.109091 -0.122994 0.339414 -0.379332 -0.177242 -0.346923
