18 18
3 -0.474512 -0.550164 0.393509 -0.144614 -0.021923 -0.126583 0.097416 0.244932 0.442243 -0.001511 0.070358 0.331276 -0.109292 -0.098493 0.253129 -0.287377 -0.166904 -0.448726
10 -0.465219 -0.551148 0.400380 -0.160667 0.063677 -0.023793 0.066872 0.182541 0.459660 -0.032755 0.041497 0.362005 -0.160922 -0.014005 0.307481 -0.216962 -0.255928 -0.422675
11 -0.463380 -0.534868 0.383692 -0.140200 0.051931 -0.069525 0.031998 0.206944 0.441577 -0.040000 0.028252 0.326999 -0.148269 -0.018822 0.316662 -0.254562 -0.232602 -0.410549
1 -0.465024 -0.594326 0.386922 -0.174417 -0.044765 -0.163653 0.089067 0.287661 0.519256 0.021036 0.030976 0.365075 -0.055306 -0.096911 0.267968 -0.307670 -0.186429 -0.457263
9 -0.459212 -0.546981 0.335603 -0.166497 -0.023031 -0.105980 0.069310 0.240959 0.490941 0.005377 0.054738 0.384951 -0.087999 -0.080915 0.271057 -0.262853 -0.233157 -0.403595
17 -0.462163 -0.576645 0.394080 -0.134801 -0.041422 -0.136051 0.093987 0.268394 0.516259 0.025582 0.063229 0.396545 -0.075849 -0.049776 0.270593 -0.246458 -0.224371 -0.470263
8 -0.386708 -0.521580 0.347811 -0.129398 -0.051184 -0.105669 0.095564 0.234585 0.422885 0.034644 0.032901 0.323970 -0.087589 -0.072955 0.268168 -0.268074 -0.175929 -0.401738
5 -0.434655 -0.560611 0.328593 -0.149394 0.002054 -0.119744 0.092903 0.209816 0.483975 -0.014717 0.071704 0.364023 -0.108072 -0.057060 0.288243 -0.285214 -0.213480 -0.436440
2 -0.406229 -0.546989 0.357388 -0.162044 -0.037938 -0.111180 0.092183 0.252752 0.436618 0.013626 0.028294 0.361225 -0.070579 -0.089401 0.278973 -0.290104 -0.228816 -0.419957
6 -0.449751 -0.561710 0.397190 -0.132896 0.003624 -0.094501 0.081848 0.244946 0.457398 0.001179 0.050515 0.335130 -0.111072 -0.080343 0.305456 -0.264968 -0.226916 -0.460642
12 -0.470492 -0.568162 0.364631 -0.168707 -0.031408 -0.124208 0.056382 0.214565 0.445517 0.019639 0.073947 0.374483 -0.097629 -0.058539 0.280218 -0.254229 -0.233871 -0.423021
14 -0.414204 -0.507257 0.374105 -0.168622 0.025482 -0.061402 0.040373 0.182768 0.398020 0.015145 0.000218 0.338310 -0.108961 -0.046903 0.281405 -0.219902 -0.219600 -0.400798
0 -0.405188 -0.518641 0.324762 -0.168994 -0.058909 -0.094686 0.067119 0.219703 0.427461 0.015834 0.067260 0.332644 -0.066234 -0.068589 0.269798 -0.259587 -0.160156 -0.387859
4 -0.406150 -0.488231 0.330156 -0.118580 -0.032848 -0.147698 0.061488 0.276544 0.454866 -0.002124 0.079584 0.343636 -0.046994 -0.079034 0.237750 -0.261749 -0.161185 -0.419525
15 -0.473571 -0.562832 0.408559 -0.181829 0.030077 -0.053666 0.073740 0.186572 0.454462 -0.016569 0.036139 0.346911 -0.117644 -0.037797 0.317407 -0.265972 -0.268458 -0.447182
7 -0.387592 -0.533740 0.331100 -0.152021 -0.071948 -0.111251 0.100757 0.253958 0.479052 0.016883 0.028125 0.340038 -0.062406 -0.113248 0.286691 -0.272736 -0.186500 -0.439721
16 -0.438809 -0.526428 0.361453 -0.157117 -0.031854 -0.106609 0.094958 0.220422 0.461891 0.020102 0.028778 0.377097 -0.102917 -0.040710 0.300543 -0.275466 -0.248550 -0.458124
13 -0.437894 -0.539818 0.406712 -0.181340 0.030443 -0.067448 0.058586 0.173651 0.441423 0.009405 0.017610 0.325567 -0.117020 -0.063300 0.315057 -0.243105 -0.275820 -0.440016
