18 18
1 -0.283680 -0.441474 0.135122 -0.285742 0.126909 -0.045623 0.290171 -0.004251 0.303999 -0.079922 0.062538 0.339042 -0.302023 -0.410642 0.185279 -0.459207 -0.056114 -0.407226
3 -0.269473 -0.425268 0.125771 -0.289413 0.134749 -0.018791 0.324305 -0.053603 0.265307 -0.095919 0.083647 0.339575 -0.350532 -0.432427 0.197676 -0.472744 -0.065795 -0.422886
9 -0.260256 -0.400721 0.060691 -0.254215 0.123444 -0.028281 0.315975 -0.002879 0.359379 -0.096467 0.090919 0.387457 -0.323099 -0.410042 0.198398 -0.455669 -0.121710 -0.381625
5 -0.196646 -0.418634 0.059650 -0.284188 0.149612 -0.020382 0.301070 -0.086951 0.296524 -0.102184 0.062298 0.362307 -0.306137 -0.361327 0.218206 -0.440304 -0.110959 -0.397712
12 -0.287773 -0.467484 0.110850 -0.312861 0.111361 -0.035298 0.305030 -0.056882 0.290961 -0.067349 0.099979 0.414990 -0.340605 -0.408708 0.216728 -0.454878 -0.123597 -0.416297
17 -0.261360 -0.434529 0.111090 -0.249291 0.099948 -0.052061 0.335720 -0.000632 0.344977 -0.065189 0.091360 0.404050 -0.313063 -0.392953 0.197540 -0.445241 -0.096541 -0.458064
11 -0.257499 -0.425152 0.099178 -0.257755 0.139687 -0.033731 0.287036 -0.013288 0.324045 -0.111987 0.067979 0.377008 -0.330869 -0.362935 0.234642 -0.466332 -0.119828 -0.407258
4 -0.247061 -0.404229 0.098693 -0.272295 0.145597 -0.039410 0.298842 -0.014943 0.316903 -0.103991 0.095873 0.387162 -0.311293 -0.408010 0.209041 -0.466446 -0.101931 -0.438751
10 -0.256072 -0.414973 0.077769 -0.256601 0.131106 -0.004492 0.333945 -0.013568 0.346024 -0.100891 0.100584 0.392680 -0.339222 -0.380711 0.184891 -0.424480 -0.097747 -0.378329
14 -0.274855 -0.465781 0.146936 -0.336117 0.140818 -0.010699 0.282804 -0.047424 0.267455 -0.067331 0.041343 0.391305 -0.327194 -0.420660 0.209108 -0.452505 -0.072539 -0.404675
7 -0.220924 -0.449896 0.089894 -0.327691 0.110678 0.000348 0.304512 -0.049069 0.305574 -0.091302 0.042738 0.389092 -0.315349 -0.443176 0.239193 -0.457593 -0.087048 -0.414988
13 -0.240564 -0.438395 0.110080 -0.307668 0.121500 -0.026216 0.322609 -0.048350 0.323062 -0.073396 0.064053 0.358090 -0.315601 -0.434943 0.220157 -0.466698 -0.115650 -0.417588
6 -0.280063 -0.457819 0.134745 -0.253906 0.122301 -0.024992 0.334569 0.006781 0.296784 -0.079393 0.100583 0.366811 -0.351134 -0.441576 0.221152 -0.472592 -0.080091 -0.446175
16 -0.241397 -0.365136 0.082055 -0.214415 0.109330 -0.044517 0.330778 -0.007303 0.323280 -0.080022 0.069332 0.366410 -0.322743 -0.336320 0.217066 -0.445683 -0.141929 -0.428879
8 -0.243177 -0.456043 0.130161 -0.283781 0.092500 -0.002308 0.301293 -0.038984 0.257140 -0.054656 0.057618 0.338074 -0.331454 -0.408714 0.227551 -0.456934 -0.047116 -0.386632
0 -0.279630 -0.458734 0.118589 -0.305830 0.101858 -0.006722 0.303140 -0.029809 0.291676 -0.086322 0.107552 0.364701 -0.332575 -0.415649 0.235777 -0.476971 -0.062539 -0.414192
15 -0.254552 -0.443108 0.113793 -0.316856 0.140023 0.016073 0.316485 -0.081251 0.301108 -0.104173 0.074652 0.357245 -0.316609 -0.387133 0.228995 -0.460253 -0.112922 -0.417220
2 -0.231777 -0.440453 0.110798 -0.305248 0.111075 -0.022066 0.300021 -0.019865 0.243333 -0.077720 0.053812 0.389480 -0.297422 -0.418689 0.201032 -0.466630 -0.103828 -0.380035
