18 18
14 -0.294303 -0.481713 0.169518 -0.339836 -0.009979 0.138335 -0.006389 -0.108125 0.193709 -0.005761 0.166209 0.533186 -0.367937 -0.075703 0.499017 -0.274054 -0.031752 -0.391827
6 -0.273951 -0.478072 0.171383 -0.272817 -0.040654 0.125386 0.036934 -0.083199 0.184110 0.012654 0.197018 0.487005 -0.340343 -0.069286 0.492357 -0.258848 -0.076919 -0.407063
8 -0.275783 -0.491383 0.167438 -0.305188 -0.057544 0.129249 0.030781 -0.109601 0.191833 0.023471 0.179708 0.508191 -0.381147 -0.063377 0.522748 -0.293967 -0.040130 -0.400734
4 -0.277521 -0.435800 0.141083 -0.311036 -0.021668 0.124689 -0.010058 -0.075443 0.222891 -0.030188 0.221449 0.548417 -0.354384 -0.083370 0.514373 -0.290665 -0.043030 -0.427731
7 -0.242200 -0.460923 0.107699 -0.301432 -0.060488 0.143967 0.016246 -0.102274 0.235245 -0.008106 0.179940 0.526179 -0.369959 -0.085108 0.540767 -0.267744 -0.043217 -0.400732
5 -0.267622 -0.474528 0.111496 -0.304811 -0.007250 0.113579 0.024605 -0.125897 0.220485 -0.026302 0.208952 0.528568 -0.379355 -0.057943 0.507296 -0.291725 -0.057528 -0.394826
3 -0.336987 -0.453845 0.225446 -0.272846 -0.051146 0.083350 0.087712 -0.105570 0.164483 0.014790 0.193731 0.458786 -0.367364 -0.069046 0.442614 -0.287545 -0.066931 -0.475424
12 -0.318744 -0.496519 0.162231 -0.327455 -0.047995 0.109926 0.006081 -0.125795 0.187123 0.011339 0.221261 0.538510 -0.358099 -0.050831 0.492700 -0.259945 -0.087910 -0.396285
2 -0.307293 -0.487731 0.178883 -0.323999 -0.003296 0.127755 0.044117 -0.041925 0.174548 -0.045938 0.198305 0.519228 -0.266711 -0.097939 0.403250 -0.288893 -0.095926 -0.367965
16 -0.241415 -0.369695 0.174263 -0.233656 -0.093779 0.078095 0.082496 -0.132228 0.165240 0.063510 0.125605 0.437817 -0.368005 0.001899 0.485867 -0.264315 -0.085319 -0.458252
13 -0.231737 -0.414096 0.165758 -0.277029 -0.080554 0.086587 0.064100 -0.145404 0.185840 0.059469 0.148460 0.440595 -0.353397 -0.060460 0.493120 -0.258072 -0.087177 -0.430641
15 -0.450427 -0.580365 0.266239 -0.390444 0.045888 0.151742 0.069393 -0.054202 0.229348 -0.091056 0.253056 0.537877 -0.243517 -0.082537 0.399992 -0.324275 -0.144238 -0.435915
0 -0.248868 -0.439212 0.148156 -0.296886 -0.081957 0.121986 0.024967 -0.125455 0.173949 0.028038 0.180783 0.459225 -0.349286 -0.047681 0.507736 -0.269929 -0.038998 -0.402596
9 -0.288444 -0.444570 0.117572 -0.310690 -0.006180 0.128862 0.000628 -0.060341 0.228475 -0.037846 0.200231 0.528257 -0.315231 -0.102673 0.439977 -0.265924 -0.066458 -0.337732
17 -0.367920 -0.550744 0.242773 -0.298701 -0.107912 0.081519 0.104585 -0.114599 0.252089 0.064618 0.231265 0.594783 -0.400036 -0.031850 0.532920 -0.289222 -0.102827 -0.572344
1 -0.420954 -0.582989 0.250596 -0.385234 0.025721 0.101738 0.043517 -0.040705 0.246062 -0.057897 0.222298 0.541322 -0.272855 -0.101153 0.431473 -0.338258 -0.099847 -0.447217
10 -0.274695 -0.454967 0.116562 -0.307672 0.001034 0.153814 0.022230 -0.085535 0.238790 -0.052308 0.210131 0.549774 -0.362515 -0.066104 0.464011 -0.253136 -0.041440 -0.359243
11 -0.314345 -0.502911 0.160085 -0.303052 -0.016886 0.113562 -0.005367 -0.079787 0.229572 -0.030561 0.195238 0.533203 -0.383776 -0.052431 0.530509 -0.302602 -0.060279 -0.405128
