18 18
1 -0.244815 -0.718436 0.324349 -0.611010 0.147356 0.196804 0.339117 -0.610210 0.534157 0.403074 -0.031919 0.302841 -0.020403 0.241343 0.367047 -0.075067 -0.527482 -0.372805
5 -0.226216 -0.718542 0.269784 -0.560882 0.159402 0.192048 0.325988 -0.570910 0.514580 0.331970 -0.010850 0.352455 -0.074340 0.255014 0.421252 -0.136576 -0.566929 -0.356861
6 -0.235944 -0.726812 0.322855 -0.567268 0.139384 0.232527 0.350072 -0.559390 0.497174 0.359698 -0.018241 0.324965 -0.083520 0.205095 0.438885 -0.128566 -0.550332 -0.391444
14 -0.248039 -0.746487 0.350529 -0.644714 0.152407 0.255512 0.338981 -0.663437 0.504508 0.427872 -0.045575 0.340536 -0.059615 0.258433 0.412605 -0.061995 -0.556685 -0.375544
16 -0.263735 -0.763118 0.341661 -0.651238 0.128650 0.246228 0.361321 -0.655354 0.538373 0.428699 -0.042974 0.381435 -0.072072 0.291135 0.463208 -0.106996 -0.611257 -0.406667
13 -0.210234 -0.711986 0.332733 -0.589769 0.131959 0.208811 0.348678 -0.571933 0.499850 0.356876 -0.054366 0.289226 -0.062371 0.189024 0.438359 -0.152189 -0.566050 -0.385720
9 -0.251908 -0.704255 0.290513 -0.614037 0.119647 0.237515 0.342034 -0.602735 0.529417 0.388925 -0.013467 0.352731 -0.067380 0.196389 0.406941 -0.102325 -0.562164 -0.354609
15 -0.246262 -0.713698 0.316506 -0.594170 0.147523 0.232994 0.331014 -0.615191 0.497072 0.365573 -0.012761 0.321676 -0.039123 0.279292 0.415526 -0.103571 -0.589441 -0.360300
11 -0.528051 -1.205929 0.402506 -0.031994 0.483535 -0.381054 -0.382278 1.209870 0.354733 -0.910087 -0.389139 0.820483 -0.377910 0.187865 1.167871 -1.635139 -0.982438 -0.077846
3 -0.445882 -0.762498 0.691835 -0.467082 0.016229 0.477232 0.994719 0.310668 0.308829 -0.653928 -0.185852 -0.086297 -1.102094 -1.720724 0.913590 -1.426926 0.282594 -1.214076
2 -0.470152 -1.175944 0.372903 -0.014776 0.458125 -0.383040 -0.355656 1.283330 0.278943 -0.957832 -0.398164 0.825073 -0.361395 0.101742 1.138988 -1.687878 -0.960450 -0.049507
7 -0.340894 -0.655531 0.588517 -0.463828 -0.071415 0.522826 0.987082 0.258415 0.331865 -0.598313 -0.191921 -0.121621 -1.032191 -1.746613 0.865385 -1.278962 0.352817 -1.172113
12 -0.275941 -0.743625 0.325514 -0.617884 0.113903 0.219016 0.316952 -0.595803 0.479779 0.375599 -0.007236 0.362351 -0.093691 0.213217 0.429853 -0.113819 -0.554799 -0.366955
8 -0.229374 -0.720788 0.330424 -0.586777 0.101398 0.249797 0.360189 -0.595270 0.481235 0.396868 -0.035980 0.314236 -0.096583 0.205428 0.426969 -0.111242 -0.497805 -0.373859
0 -0.238350 -0.710869 0.310431 -0.638740 0.093276 0.260694 0.339079 -0.650788 0.495621 0.419895 0.004272 0.322812 -0.053190 0.233467 0.413303 -0.066852 -0.503704 -0.372907
10 -0.231574 -0.688734 0.293084 -0.534643 0.145402 0.227329 0.327672 -0.490813 0.486335 0.271585 -0.019137 0.325022 -0.108101 0.189553 0.409114 -0.148245 -0.499689 -0.340424
17 -0.002915 -0.006397 0.005624 0.018021 -0.026928 -0.018564 0.015689 0.014203 0.025956 0.022864 0.010492 0.027524 0.013101 0.016295 -0.014503 0.021066 0.000664 -0.026546
4 -0.000863 0.026536 0.000487 0.011658 0.016931 -0.018308 -0.024615 0.027506 0.003913 -0.015616 0.024595 0.006644 0.019102 -0.007194 -0.007301 -0.006238 0.005807 -0.017039
