18 18
10 -0.374411 -0.378963 0.331980 -0.075436 -0.041894 0.050440 0.284494 0.129177 0.312175 -0.085341 0.262071 0.318132 -0.279642 -0.034073 0.378589 -0.431264 -0.149170 -0.583701
8 -0.294521 -0.328902 0.293822 -0.021847 -0.063259 0.008204 0.295615 0.182604 0.274314 -0.055854 0.232779 0.285153 -0.274391 -0.131765 0.366548 -0.499962 -0.070459 -0.579485
7 -0.347548 -0.370729 0.318559 -0.080805 -0.076398 0.029119 0.292885 0.150024 0.324268 -0.069678 0.247181 0.321273 -0.264044 -0.114063 0.402484 -0.462793 -0.136230 -0.627368
15 -0.377446 -0.355853 0.337481 -0.102522 -0.032428 0.047639 0.245794 0.068498 0.251285 -0.068979 0.237989 0.275321 -0.242629 -0.022059 0.362188 -0.403922 -0.183575 -0.562353
17 -0.398680 -0.390967 0.374873 -0.091864 -0.070140 0.004491 0.271046 0.121625 0.278986 -0.039553 0.266108 0.331054 -0.239652 -0.044255 0.348391 -0.405697 -0.158821 -0.613326
2 -0.341050 -0.351739 0.330282 -0.087671 -0.037310 -0.006467 0.275109 0.175145 0.221402 -0.083853 0.265146 0.312848 -0.238608 -0.146224 0.327958 -0.485163 -0.108318 -0.562237
1 -0.352017 -0.351114 0.330068 -0.093707 -0.027144 -0.023429 0.235991 0.145508 0.259003 -0.058119 0.210886 0.255131 -0.205926 -0.100285 0.297757 -0.420990 -0.091804 -0.530780
11 -0.374419 -0.360748 0.334525 -0.074592 -0.028881 0.016761 0.219793 0.127859 0.274452 -0.088880 0.230984 0.280764 -0.256083 -0.023329 0.383246 -0.430561 -0.162356 -0.558933
13 -0.356918 -0.362747 0.345817 -0.114492 -0.043465 0.012564 0.251357 0.093312 0.268271 -0.051571 0.237494 0.283490 -0.243333 -0.084691 0.368324 -0.429681 -0.178132 -0.585783
12 -0.421493 -0.400159 0.364509 -0.136288 -0.061231 0.013329 0.219209 0.061581 0.236821 -0.031661 0.269543 0.348366 -0.265739 -0.027270 0.374307 -0.381963 -0.220690 -0.584679
4 -0.299784 -0.272956 0.279659 -0.030928 -0.015089 -0.032143 0.240190 0.197560 0.253639 -0.089625 0.278638 0.289815 -0.235729 -0.160808 0.309610 -0.475643 -0.056893 -0.572174
5 -0.284047 -0.311667 0.242283 -0.024473 -0.013396 -0.027868 0.299908 0.165566 0.291274 -0.098352 0.278066 0.303787 -0.278409 -0.157589 0.332344 -0.504840 -0.064358 -0.583112
16 -0.343222 -0.327620 0.314859 -0.065652 -0.055856 0.018294 0.271754 0.101561 0.274715 -0.054587 0.211797 0.290667 -0.257958 -0.021672 0.370817 -0.414774 -0.177787 -0.580138
3 -0.333513 -0.293618 0.315218 -0.051346 -0.015794 -0.025133 0.265225 0.177358 0.211761 -0.089612 0.270617 0.265710 -0.271346 -0.189214 0.290714 -0.476786 -0.031472 -0.560612
9 -0.359336 -0.353066 0.303773 -0.069708 -0.052240 0.015346 0.271677 0.165136 0.311091 -0.070700 0.252396 0.318747 -0.254466 -0.108354 0.361936 -0.464997 -0.137295 -0.571835
0 -0.400197 -0.413707 0.375455 -0.124203 -0.070149 0.026789 0.269269 0.146938 0.277031 -0.071154 0.285450 0.313348 -0.262364 -0.099572 0.408689 -0.494043 -0.108423 -0.623259
6 -0.373202 -0.385193 0.357629 -0.058008 -0.043824 0.019423 0.290669 0.169988 0.279375 -0.073086 0.261439 0.281062 -0.262175 -0.106335 0.382052 -0.467648 -0.121913 -0.613166
14 -0.426544 -0.417489 0.402399 -0.144583 -0.041849 0.038769 0.233555 0.080041 0.256259 -0.034504 0.228588 0.351789 -0.276778 -0.034013 0.388944 -0.398002 -0.186345 -0.611421
