18 18
11 -0.393892 -0.607586 0.487292 -0.074814 -0.091277 -0.036544 0.098409 0.180568 0.247859 0.223592 -0.077308 0.449723 -0.232714 0.131795 0.341868 -0.203688 -0.050762 -0.443279
3 -0.398847 -0.570230 0.508788 -0.072543 -0.080948 -0.054640 0.156051 0.167893 0.232682 0.179662 -0.029446 0.424379 -0.254754 0.082664 0.310822 -0.231457 -0.036531 -0.507573
13 -0.363694 -0.618780 0.508575 -0.105425 -0.118228 -0.032215 0.158599 0.152906 0.275216 0.227771 -0.055094 0.453267 -0.213603 0.085661 0.355473 -0.202129 -0.098047 -0.510225
17 -0.357778 -0.550007 0.460788 -0.060788 -0.121964 -0.050892 0.127786 0.148486 0.222483 0.233140 -0.030045 0.426467 -0.189741 0.117249 0.279160 -0.148616 -0.059013 -0.453401
7 -0.345591 -0.584282 0.449094 -0.088573 -0.115868 -0.026647 0.155144 0.167357 0.297608 0.179579 -0.035784 0.460817 -0.210332 0.089829 0.359752 -0.203998 -0.074280 -0.522117
4 -0.375121 -0.549308 0.482653 -0.077623 -0.065855 -0.071184 0.109604 0.183797 0.256917 0.182011 -0.015470 0.454165 -0.210246 0.108730 0.325000 -0.224255 -0.048791 -0.524613
16 -0.364553 -0.537037 0.463017 -0.077778 -0.095703 -0.040304 0.125977 0.138759 0.208275 0.210588 -0.060392 0.415962 -0.215800 0.125036 0.316885 -0.194850 -0.074769 -0.459888
12 -0.393449 -0.586258 0.481431 -0.097678 -0.129207 -0.034494 0.088897 0.117052 0.164845 0.243842 -0.007336 0.424180 -0.203136 0.106556 0.302356 -0.133124 -0.085708 -0.416965
1 -0.393798 -0.589095 0.495788 -0.105779 -0.079705 -0.061808 0.106721 0.170925 0.244589 0.219104 -0.078684 0.408396 -0.194383 0.093087 0.293171 -0.209209 -0.022355 -0.449879
0 -0.368112 -0.566688 0.467041 -0.108015 -0.107787 -0.033374 0.125725 0.147106 0.241471 0.186134 -0.015162 0.420689 -0.203592 0.107243 0.341201 -0.223421 -0.039058 -0.493027
9 -0.364033 -0.604618 0.464902 -0.101038 -0.118692 0.008617 0.090019 0.172939 0.228820 0.291034 -0.118001 0.446990 -0.219466 0.062474 0.311856 -0.173729 -0.017598 -0.348553
14 -0.372870 -0.653523 0.539105 -0.120748 -0.125884 0.035945 0.062123 0.158980 0.175979 0.360268 -0.185407 0.454917 -0.233893 0.083290 0.315155 -0.117058 0.029591 -0.334316
15 -0.394592 -0.575108 0.483082 -0.101766 -0.104582 -0.003214 0.121011 0.114545 0.193340 0.207858 -0.022356 0.394961 -0.191026 0.107788 0.313286 -0.171739 -0.087894 -0.440930
5 -0.347363 -0.583796 0.425972 -0.082753 -0.059487 -0.048310 0.157018 0.127065 0.270038 0.175411 -0.028099 0.447026 -0.237869 0.113616 0.336216 -0.232158 -0.070834 -0.495532
8 -0.346078 -0.645101 0.508449 -0.080127 -0.147642 0.036932 0.092430 0.171195 0.187063 0.357147 -0.170105 0.431623 -0.245195 0.089828 0.326147 -0.146093 0.030719 -0.318627
2 -0.350430 -0.599900 0.483622 -0.090281 -0.114433 -0.029916 0.143962 0.183608 0.224632 0.219942 -0.066804 0.467256 -0.205361 0.089218 0.319460 -0.206878 -0.065678 -0.457435
10 -0.340810 -0.574291 0.444889 -0.074583 -0.087946 -0.005523 0.166023 0.160214 0.285521 0.174978 -0.031860 0.467647 -0.231622 0.122788 0.308357 -0.166571 -0.056562 -0.461579
6 -0.341769 -0.578109 0.469678 -0.059558 -0.110537 -0.002833 0.131163 0.159345 0.205600 0.233073 -0.046345 0.405706 -0.207410 0.076800 0.322780 -0.153610 -0.065082 -0.436718
