18 18
3 -0.367060 -0.483732 0.211123 -0.119138 -0.058767 0.069657 0.254038 0.075147 0.291557 -0.043015 0.183114 0.460494 -0.306992 -0.033488 0.309144 -0.348576 -0.073643 -0.428570
10 -0.326545 -0.490872 0.189279 -0.128816 -0.050739 0.108925 0.233927 0.089951 0.350276 -0.047782 0.176975 0.470323 -0.288772 -0.006871 0.328664 -0.300928 -0.044566 -0.398068
11 -0.352518 -0.486968 0.198571 -0.103204 -0.039444 0.058188 0.203376 0.099964 0.333416 -0.054324 0.151825 0.463367 -0.300631 0.011459 0.354295 -0.353136 -0.091499 -0.414284
2 -0.342660 -0.519658 0.193587 -0.165861 -0.091584 0.076823 0.262002 0.090143 0.303199 -0.028154 0.164433 0.533317 -0.270494 -0.044205 0.332882 -0.372126 -0.117305 -0.423349
6 -0.336064 -0.511568 0.220390 -0.079182 -0.043854 0.094014 0.260272 0.096741 0.330462 -0.036440 0.181329 0.445187 -0.314688 -0.013174 0.366985 -0.339480 -0.085676 -0.463285
12 -0.373304 -0.494872 0.178795 -0.205302 -0.103300 0.047265 0.181531 0.057738 0.290948 -0.009714 0.199211 0.521002 -0.241905 -0.044293 0.312181 -0.303987 -0.095837 -0.392102
14 -0.375312 -0.503099 0.232435 -0.173811 -0.040000 0.061716 0.192402 0.056767 0.291251 -0.013859 0.135802 0.488195 -0.296118 -0.026396 0.333979 -0.328964 -0.068943 -0.425124
7 -0.344070 -0.488877 0.161695 -0.214663 -0.110831 0.074552 0.205054 0.092416 0.354045 -0.029293 0.160625 0.538717 -0.237929 -0.093629 0.345323 -0.327564 -0.069208 -0.429002
9 -0.368724 -0.497737 0.174766 -0.153315 -0.072926 0.069794 0.228174 0.086216 0.348396 -0.031877 0.174936 0.519817 -0.278799 -0.037247 0.330340 -0.348554 -0.108924 -0.412735
5 -0.368512 -0.529745 0.186931 -0.117854 -0.024224 0.053459 0.264402 0.041697 0.346821 -0.054245 0.191824 0.497063 -0.331984 0.014042 0.348335 -0.369351 -0.111537 -0.459113
15 -0.382167 -0.508650 0.222554 -0.136756 -0.053355 0.095586 0.265327 0.041328 0.309005 -0.041944 0.176463 0.469373 -0.297239 0.012167 0.335167 -0.353213 -0.130159 -0.438023
17 -0.334512 -0.477362 0.193588 -0.102223 -0.086258 0.055690 0.258247 0.079206 0.326846 -0.005766 0.160288 0.495831 -0.277433 0.013778 0.302422 -0.311156 -0.104574 -0.435099
8 -0.384880 -0.626453 0.270928 -0.099824 -0.070122 0.109757 0.296210 0.102964 0.395617 -0.016215 0.185962 0.515170 -0.396360 0.010813 0.464375 -0.422416 -0.059262 -0.524186
0 -0.350359 -0.504949 0.193995 -0.177704 -0.091919 0.082366 0.200562 0.077471 0.322692 -0.029448 0.198093 0.469018 -0.253939 -0.034558 0.354088 -0.332573 -0.039049 -0.425080
4 -0.357814 -0.489544 0.209720 -0.146519 -0.057272 0.058081 0.198560 0.111732 0.343142 -0.040217 0.203218 0.497211 -0.265658 -0.046328 0.353667 -0.346745 -0.057993 -0.465395
13 -0.317865 -0.510374 0.233867 -0.099673 -0.054590 0.074017 0.266797 0.063922 0.335602 -0.007420 0.147919 0.431063 -0.316390 -0.009020 0.369094 -0.350320 -0.104879 -0.456984
1 -0.372077 -0.500000 0.217833 -0.195942 -0.067874 0.032516 0.189729 0.111948 0.337224 -0.021738 0.159208 0.471334 -0.221942 -0.078282 0.305176 -0.329768 -0.032149 -0.434139
16 -0.367309 -0.482196 0.206873 -0.148730 -0.061106 0.056199 0.241220 0.061021 0.310405 -0.028193 0.148187 0.500007 -0.297412 -0.002622 0.343838 -0.354908 -0.120665 -0.451391
