18 18
10 -0.477885 -0.458017 0.364324 -0.238487 0.075251 -0.045295 0.112499 0.161884 0.344993 -0.106386 0.248505 0.390483 -0.180449 -0.178265 0.177968 -0.377444 0.094812 -0.512441
1 -0.510404 -0.483999 0.387967 -0.259142 0.063559 -0.109352 0.076421 0.180092 0.337333 -0.068785 0.199572 0.360888 -0.139363 -0.202968 0.160108 -0.379596 0.087047 -0.492898
4 -0.450408 -0.396880 0.347798 -0.218683 0.078632 -0.086304 0.061699 0.164796 0.297089 -0.088372 0.229884 0.362145 -0.141999 -0.182487 0.167381 -0.376593 0.076568 -0.505785
11 -0.508539 -0.471402 0.388733 -0.223353 0.079249 -0.066555 0.075154 0.162103 0.335862 -0.095358 0.214847 0.380724 -0.196190 -0.148804 0.220606 -0.405924 0.070488 -0.529865
8 -0.489527 -0.489148 0.395244 -0.235106 0.051718 -0.053596 0.103201 0.146796 0.314620 -0.056058 0.208100 0.384084 -0.195817 -0.167482 0.216053 -0.406641 0.095553 -0.527629
3 -0.500251 -0.445925 0.393349 -0.232611 0.073687 -0.067340 0.108444 0.143910 0.290725 -0.086982 0.225495 0.350119 -0.203184 -0.204953 0.176679 -0.400282 0.102827 -0.532985
0 -0.479485 -0.460780 0.369397 -0.255372 0.038791 -0.042206 0.079558 0.143798 0.308588 -0.078463 0.249397 0.370949 -0.161197 -0.170286 0.215810 -0.397540 0.113230 -0.528217
2 -0.505342 -0.502420 0.393526 -0.278475 0.062028 -0.070763 0.118883 0.166640 0.319387 -0.091874 0.235624 0.419870 -0.172398 -0.217898 0.193911 -0.438585 0.062977 -0.543635
15 -0.519533 -0.478441 0.407540 -0.259536 0.075576 -0.022077 0.107739 0.112989 0.313469 -0.086986 0.233623 0.376791 -0.187182 -0.147221 0.210846 -0.403287 0.079599 -0.543995
7 -0.453922 -0.445925 0.342605 -0.241602 0.041197 -0.052655 0.095894 0.163366 0.339090 -0.084336 0.205494 0.371784 -0.158518 -0.209895 0.200736 -0.375267 0.091364 -0.508467
12 -0.498869 -0.475880 0.362696 -0.258766 0.042655 -0.076410 0.071027 0.117025 0.298993 -0.050838 0.240029 0.396945 -0.168696 -0.163371 0.182829 -0.349250 0.050918 -0.491206
13 -0.469124 -0.461335 0.380258 -0.267916 0.054192 -0.075504 0.106065 0.139833 0.335372 -0.065908 0.217016 0.368902 -0.157665 -0.222755 0.196495 -0.400438 0.054223 -0.537331
16 -0.444275 -0.412448 0.347715 -0.222013 0.053710 -0.048511 0.107507 0.121010 0.301247 -0.066851 0.180607 0.371129 -0.186093 -0.133233 0.217295 -0.389874 0.050171 -0.521470
17 -0.487019 -0.458360 0.381969 -0.215096 0.040746 -0.075092 0.105048 0.155479 0.332438 -0.055950 0.228709 0.390748 -0.162623 -0.146560 0.178233 -0.362081 0.089736 -0.544924
5 -0.455293 -0.453089 0.323971 -0.233779 0.089312 -0.065344 0.115679 0.113697 0.329318 -0.100691 0.236788 0.388692 -0.186584 -0.165256 0.192885 -0.399597 0.057691 -0.522252
14 -0.483338 -0.458037 0.394642 -0.246011 0.080569 -0.041647 0.071958 0.124090 0.288796 -0.057873 0.189671 0.373111 -0.182741 -0.149593 0.189580 -0.360038 0.101324 -0.512388
9 -0.472805 -0.434086 0.331935 -0.238468 0.057099 -0.058414 0.081898 0.157397 0.333420 -0.079665 0.228451 0.389124 -0.160054 -0.195725 0.172526 -0.371930 0.067881 -0.472887
6 -0.461772 -0.455272 0.366217 -0.211607 0.049713 -0.057744 0.108306 0.169859 0.312013 -0.069181 0.231161 0.357694 -0.164552 -0.200004 0.198499 -0.373683 0.076902 -0.526078
