18 18
8 -0.265800 -0.526893 0.246745 -0.185618 -0.068875 0.097952 0.333821 0.051618 0.302899 0.018541 0.081718 0.301283 -0.255061 -0.150552 0.379006 -0.434194 -0.078382 -0.424340
3 -0.277517 -0.515095 0.239454 -0.168282 -0.060274 0.034571 0.422127 0.093463 0.344361 0.000679 0.136563 0.314491 -0.256618 -0.265360 0.315676 -0.478022 -0.089752 -0.505464
15 -0.345120 -0.515249 0.337565 -0.255313 -0.019453 0.131267 0.245353 0.022993 0.249859 -0.012377 -0.006756 0.235201 -0.217913 -0.100361 0.424764 -0.468982 -0.108049 -0.442016
9 -0.260473 -0.476899 0.220599 -0.187885 -0.052471 0.047475 0.336263 0.098174 0.333547 0.010937 0.055940 0.287337 -0.197348 -0.233054 0.323374 -0.454398 -0.098238 -0.436163
1 -0.294156 -0.567987 0.293794 -0.226405 -0.058398 0.007590 0.396867 0.123078 0.391651 0.033498 0.055213 0.317662 -0.199643 -0.266008 0.337470 -0.509755 -0.089596 -0.532089
16 -0.282420 -0.503205 0.269369 -0.204380 -0.052584 0.060768 0.350138 0.063959 0.315148 0.014341 0.040231 0.298065 -0.230394 -0.167061 0.377975 -0.474362 -0.123573 -0.489795
2 -0.237970 -0.483381 0.246410 -0.192588 -0.048701 0.055754 0.330325 0.102116 0.276995 0.004572 0.032807 0.280390 -0.189080 -0.216768 0.341814 -0.476519 -0.107344 -0.440149
6 -0.221275 -0.469040 0.195139 -0.133484 -0.058972 0.057151 0.360551 0.095671 0.313415 0.011417 0.111838 0.289241 -0.214160 -0.215925 0.316085 -0.405447 -0.096128 -0.438516
4 -0.272235 -0.514333 0.241438 -0.186770 -0.047948 0.045481 0.357259 0.106425 0.368160 -0.005364 0.122105 0.339867 -0.223692 -0.222752 0.357703 -0.475603 -0.099120 -0.501982
14 -0.360504 -0.559778 0.386996 -0.272811 -0.007887 0.122450 0.217696 0.046109 0.242853 0.012199 -0.071869 0.245086 -0.241578 -0.119171 0.459453 -0.494368 -0.073995 -0.465971
12 -0.222988 -0.578182 0.063929 -0.162079 -0.141657 0.058785 0.464500 0.010709 0.426761 0.039440 0.362447 0.523087 -0.297015 -0.195049 0.255807 -0.293872 -0.139739 -0.376347
5 -0.245623 -0.524375 0.168276 -0.172899 -0.046240 0.057227 0.385331 0.048146 0.366248 -0.014966 0.149710 0.349874 -0.249891 -0.192340 0.337104 -0.437764 -0.110764 -0.451527
7 -0.255634 -0.507190 0.231177 -0.213997 -0.068665 0.106994 0.316734 0.061148 0.330738 -0.003811 0.046615 0.296854 -0.226091 -0.185862 0.391871 -0.438939 -0.089008 -0.436206
11 -0.360159 -0.568049 0.336730 -0.223696 -0.017922 0.095089 0.255140 0.082834 0.306216 -0.029175 0.004693 0.274465 -0.261442 -0.118015 0.463710 -0.520615 -0.107375 -0.475216
17 -0.283849 -0.575933 0.248611 -0.189970 -0.104554 0.040836 0.425647 0.103468 0.409975 0.042165 0.129230 0.387944 -0.232903 -0.223853 0.355117 -0.463700 -0.110656 -0.529988
10 -0.204745 -0.539407 0.081882 -0.144456 -0.098063 0.097925 0.460306 0.041059 0.427807 -0.006486 0.299473 0.464974 -0.295807 -0.183595 0.268980 -0.323216 -0.096125 -0.378659
13 -0.234558 -0.523678 0.252798 -0.216705 -0.077294 0.027519 0.411962 0.079208 0.374786 0.044365 0.076446 0.308149 -0.202848 -0.269751 0.340936 -0.480052 -0.129854 -0.509939
0 -0.304631 -0.526586 0.285406 -0.243479 -0.066675 0.117507 0.262384 0.045057 0.262570 0.008590 0.051777 0.271962 -0.221762 -0.138656 0.418466 -0.453077 -0.067081 -0.432244
