18 18
8 -0.156315 -0.489939 0.150306 -0.201246 -0.220766 0.151952 0.160397 0.283469 0.429504 0.017249 0.112624 0.535772 -0.153727 -0.175034 0.454286 -0.342178 0.042701 -0.383035
9 -0.190957 -0.475916 0.117304 -0.245886 -0.212926 0.123361 0.118673 0.288211 0.482977 0.001169 0.159321 0.569234 -0.116017 -0.233782 0.436105 -0.330370 -0.005025 -0.380759
0 -0.173992 -0.481801 0.147824 -0.245821 -0.233527 0.170920 0.115879 0.289138 0.435308 -0.009883 0.161318 0.520102 -0.117349 -0.200649 0.459138 -0.330462 0.082764 -0.388923
4 -0.189769 -0.460412 0.142857 -0.218976 -0.197590 0.116042 0.103519 0.328392 0.485871 -0.020256 0.180662 0.574403 -0.108130 -0.219339 0.447261 -0.344941 0.029741 -0.429420
10 -0.158277 -0.454848 0.120290 -0.206431 -0.193959 0.175899 0.148465 0.273548 0.450213 -0.027843 0.150117 0.527826 -0.138836 -0.167812 0.417395 -0.288181 0.043291 -0.362133
3 -0.194271 -0.459659 0.165171 -0.216516 -0.200915 0.144498 0.138427 0.286775 0.417804 -0.019680 0.158205 0.504701 -0.146342 -0.226735 0.428147 -0.340200 0.064325 -0.408062
11 -0.201881 -0.509593 0.150208 -0.217998 -0.194354 0.134322 0.115445 0.323737 0.481565 -0.030887 0.139016 0.566634 -0.146218 -0.188757 0.476015 -0.361437 0.024650 -0.405738
2 -0.153661 -0.481561 0.138269 -0.236623 -0.224783 0.148476 0.151613 0.306390 0.436653 -0.008883 0.137685 0.559647 -0.110706 -0.221849 0.446342 -0.351379 0.010471 -0.390671
15 -0.193115 -0.463692 0.151025 -0.232879 -0.202420 0.159031 0.138205 0.246532 0.435454 -0.009957 0.157542 0.517265 -0.116292 -0.181984 0.429665 -0.315115 0.000110 -0.388281
7 -0.133496 -0.456547 0.118892 -0.216120 -0.223216 0.177688 0.133597 0.298122 0.440723 -0.025424 0.117565 0.496775 -0.117412 -0.223805 0.448410 -0.313229 0.078659 -0.379905
17 -0.191530 -0.475006 0.151234 -0.220368 -0.243658 0.104202 0.134727 0.297981 0.493082 0.028246 0.165409 0.590027 -0.102803 -0.191661 0.429332 -0.306997 0.003018 -0.430753
12 -0.230818 -0.495097 0.147262 -0.298943 -0.244790 0.100474 0.092573 0.209543 0.461990 0.035294 0.216326 0.588132 -0.104378 -0.203701 0.444733 -0.280992 -0.066777 -0.406319
1 -0.192568 -0.462066 0.162222 -0.240071 -0.190860 0.107386 0.115556 0.285816 0.442170 -0.004521 0.123307 0.491669 -0.093570 -0.202504 0.399319 -0.318350 0.051038 -0.387930
16 -0.186040 -0.488271 0.157411 -0.235490 -0.224793 0.142320 0.163230 0.295002 0.467561 -0.000105 0.125214 0.585856 -0.150872 -0.187988 0.487158 -0.369353 0.002270 -0.454072
5 -0.165808 -0.476278 0.106520 -0.210849 -0.175003 0.123853 0.149211 0.246192 0.444073 -0.022528 0.157408 0.532510 -0.142674 -0.183889 0.428170 -0.332713 0.011289 -0.393724
14 -0.183580 -0.476468 0.158838 -0.242998 -0.185174 0.135376 0.108098 0.268358 0.420583 0.009544 0.112394 0.546021 -0.130496 -0.200559 0.427618 -0.312966 0.031967 -0.387120
13 -0.190277 -0.468231 0.154695 -0.289779 -0.230619 0.095627 0.107394 0.236067 0.495732 0.029545 0.188487 0.547149 -0.084324 -0.254884 0.454912 -0.317284 -0.049648 -0.437775
6 -0.161237 -0.475969 0.146283 -0.190253 -0.206547 0.151197 0.143211 0.303600 0.435400 0.000446 0.146060 0.519885 -0.136994 -0.212512 0.453150 -0.325175 0.031239 -0.403544
