18 18
14 -0.206714 -0.555724 0.338723 -0.480509 -0.259049 0.224493 0.240459 -0.141722 0.178293 0.353595 -0.229039 0.556376 -0.147343 0.010657 0.309350 -0.060554 -0.299948 -0.187224
8 -0.157809 -0.483450 0.297711 -0.400660 -0.232897 0.149818 0.249958 -0.040038 0.163360 0.283593 -0.166944 0.516778 -0.120566 -0.049375 0.281268 -0.163050 -0.260317 -0.211425
15 -0.221698 -0.581692 0.325668 -0.479000 -0.311813 0.294999 0.259235 -0.203895 0.240481 0.373338 -0.235715 0.510924 -0.143584 0.095222 0.334967 0.024427 -0.336708 -0.133309
13 -0.159624 -0.505407 0.306988 -0.453419 -0.244146 0.152588 0.271907 -0.084015 0.198359 0.313131 -0.188075 0.558320 -0.114757 -0.073539 0.300484 -0.153829 -0.326259 -0.250463
7 -0.161712 -0.538491 0.273006 -0.465162 -0.302342 0.238622 0.269502 -0.109414 0.260089 0.330672 -0.221992 0.580245 -0.134529 -0.031169 0.337260 -0.066611 -0.313085 -0.192934
6 -0.182483 -0.523683 0.328882 -0.417587 -0.233137 0.172582 0.264915 -0.050425 0.160233 0.301553 -0.165352 0.553506 -0.137902 -0.050030 0.307158 -0.144214 -0.303429 -0.246185
2 -0.137038 -0.394574 0.284587 -0.403319 -0.103608 -0.022293 0.261602 0.125929 0.027533 0.129683 -0.033126 0.627952 -0.066049 -0.258481 0.213063 -0.455982 -0.269998 -0.379462
17 -0.197763 -0.541467 0.318805 -0.433965 -0.288348 0.176756 0.278847 -0.077531 0.230769 0.339835 -0.188997 0.584552 -0.116887 0.000697 0.284205 -0.086848 -0.293290 -0.229816
9 -0.201422 -0.560372 0.294719 -0.489116 -0.289541 0.211474 0.281462 -0.087996 0.264373 0.341571 -0.214858 0.621956 -0.131238 -0.042714 0.317265 -0.112734 -0.336369 -0.194513
10 -0.162414 -0.487344 0.279635 -0.424181 -0.208399 0.163912 0.269815 -0.046489 0.194331 0.252290 -0.138272 0.580176 -0.130859 -0.054169 0.272378 -0.161712 -0.287019 -0.231834
0 -0.173594 -0.466448 0.286439 -0.438310 -0.206929 0.114963 0.237060 -0.014381 0.124548 0.224933 -0.085036 0.568527 -0.104521 -0.111379 0.281510 -0.252606 -0.256413 -0.284188
16 -0.185700 -0.516137 0.306637 -0.440974 -0.274245 0.208893 0.277027 -0.133694 0.195041 0.330412 -0.206308 0.552212 -0.155426 0.035371 0.326283 -0.089275 -0.339072 -0.215718
12 -0.216034 -0.551809 0.301775 -0.458965 -0.291405 0.222457 0.228148 -0.166511 0.185402 0.356174 -0.180190 0.555852 -0.152409 0.048271 0.313854 -0.020215 -0.336024 -0.158625
4 -0.158779 -0.285804 0.332887 -0.401703 0.073969 -0.297491 0.287351 0.418085 -0.089684 -0.062501 0.183151 0.828055 -0.013594 -0.587802 0.164779 -0.926020 -0.265438 -0.719832
3 -0.178217 -0.337874 0.333522 -0.393236 0.005093 -0.175252 0.311789 0.280137 -0.058848 0.006585 0.106895 0.724039 -0.083942 -0.476980 0.177117 -0.750126 -0.239370 -0.602044
1 -0.192604 -0.426276 0.310827 -0.397369 -0.122307 0.007607 0.234000 0.077513 0.104823 0.173745 -0.087813 0.550968 -0.071737 -0.179061 0.208786 -0.340845 -0.227813 -0.328182
5 -0.126327 -0.295309 0.247109 -0.342594 0.077832 -0.240095 0.303385 0.299115 -0.046172 -0.063880 0.160531 0.723131 -0.067326 -0.483627 0.159355 -0.803788 -0.233379 -0.624327
11 -0.200119 -0.542325 0.313698 -0.440537 -0.249586 0.184490 0.241831 -0.062811 0.232508 0.296122 -0.202375 0.579695 -0.145659 -0.011868 0.337912 -0.133731 -0.322003 -0.220308
