18 18
13 -0.073100 -0.469301 0.167004 -0.011043 -0.000774 0.247597 0.360160 0.252029 0.529166 -0.030356 0.020993 0.218847 -0.223235 -0.347903 0.438421 -0.288376 -0.203025 -0.344768
9 -0.099216 -0.471924 0.125692 0.005113 0.011532 0.270996 0.356136 0.284569 0.553668 -0.060278 0.053790 0.264507 -0.233263 -0.354076 0.417707 -0.283990 -0.197029 -0.307643
6 -0.066078 -0.478387 0.160049 0.045178 0.004004 0.273388 0.385777 0.295825 0.513474 -0.045258 0.046404 0.225665 -0.247184 -0.354201 0.442669 -0.282074 -0.186241 -0.359740
4 -0.100492 -0.443205 0.164097 0.012345 0.023878 0.234508 0.320062 0.294175 0.514305 -0.059655 0.070442 0.245647 -0.204426 -0.330340 0.398293 -0.277207 -0.173197 -0.335295
7 -0.062634 -0.470455 0.120511 -0.000975 -0.010277 0.274270 0.353937 0.272037 0.551957 -0.055846 0.025667 0.242049 -0.224521 -0.351074 0.441956 -0.276439 -0.177010 -0.322013
15 -0.108980 -0.499371 0.153554 -0.004280 0.010756 0.311398 0.396173 0.236336 0.551537 -0.067687 0.068304 0.248088 -0.251366 -0.313588 0.453004 -0.286094 -0.211677 -0.350643
2 -0.011878 -0.475150 0.116028 0.049364 -0.048422 0.258683 0.432080 0.310557 0.474974 -0.048614 0.034886 0.247714 -0.232828 -0.376843 0.424388 -0.331292 -0.195222 -0.325122
16 -0.092292 -0.449822 0.145535 0.008702 -0.001810 0.247381 0.358628 0.249039 0.520401 -0.046990 0.031525 0.247555 -0.235019 -0.276962 0.428445 -0.281195 -0.204165 -0.340239
5 -0.091527 -0.512919 0.122609 0.011727 0.026887 0.267434 0.395447 0.247734 0.566651 -0.071965 0.074201 0.268308 -0.265306 -0.323226 0.451954 -0.302778 -0.205876 -0.355619
8 -0.074669 -0.521879 0.154562 0.040448 -0.033587 0.293894 0.417361 0.291483 0.544496 -0.034382 0.044316 0.256026 -0.276700 -0.336891 0.467642 -0.319319 -0.171054 -0.338275
1 -0.116800 -0.522791 0.176544 0.010633 0.016094 0.259053 0.391585 0.304303 0.563674 -0.060281 0.049600 0.242602 -0.246506 -0.354004 0.421003 -0.307592 -0.168720 -0.353558
11 -0.116441 -0.479701 0.156309 0.012939 0.026954 0.240979 0.319566 0.282696 0.537044 -0.072612 0.041788 0.245612 -0.242227 -0.297387 0.436325 -0.287770 -0.191052 -0.322324
3 -0.080735 -0.494958 0.170877 0.053144 -0.019560 0.289164 0.453051 0.311454 0.512631 -0.064560 0.069715 0.234963 -0.286984 -0.399644 0.440832 -0.335309 -0.169760 -0.382974
14 -0.105763 -0.487819 0.185754 -0.014322 0.022416 0.270601 0.343137 0.266912 0.503942 -0.038199 0.018572 0.252744 -0.241484 -0.340503 0.419306 -0.275408 -0.167284 -0.335234
10 -0.067353 -0.450138 0.107887 0.024999 0.009721 0.284542 0.374998 0.257877 0.536485 -0.077438 0.068084 0.257477 -0.244753 -0.290013 0.393915 -0.247525 -0.173349 -0.291316
12 -0.129371 -0.517585 0.159687 -0.002322 -0.011076 0.262030 0.349002 0.255822 0.526761 -0.027587 0.081555 0.282318 -0.258527 -0.325129 0.437790 -0.266364 -0.211561 -0.327363
17 -0.049984 -0.465539 0.137683 0.067846 -0.062396 0.234255 0.417975 0.300218 0.514323 -0.019571 0.060181 0.264503 -0.229980 -0.329338 0.406936 -0.284246 -0.175353 -0.363966
0 -0.005399 -0.014495 0.001279 -0.026652 -0.021820 0.016369 -0.010898 -0.008016 -0.006711 0.000758 0.022893 0.001004 0.004839 -0.000095 0.023655 -0.011355 0.019530 -0.003746
