18 18
16 -0.180834 -0.335317 0.136451 -0.207570 -0.080436 -0.035530 0.341763 0.118108 0.352410 0.066706 0.172806 0.480898 -0.087275 -0.315853 0.255091 -0.403365 -0.248752 -0.540057
9 -0.188609 -0.337192 0.086872 -0.206516 -0.067244 -0.046821 0.312927 0.147242 0.386684 0.052758 0.215989 0.514431 -0.072226 -0.368892 0.205946 -0.392022 -0.242141 -0.478661
0 -0.155028 -0.344409 0.089262 -0.218894 -0.108914 -0.009646 0.346162 0.137093 0.386507 0.037174 0.255770 0.490606 -0.080297 -0.380537 0.296284 -0.439831 -0.223652 -0.560023
3 -0.185516 -0.318521 0.137358 -0.196116 -0.072454 -0.028704 0.338018 0.123742 0.324096 0.040011 0.212646 0.434648 -0.097057 -0.370706 0.225024 -0.407950 -0.196958 -0.531271
4 -0.163802 -0.307562 0.095420 -0.182702 -0.064676 -0.051728 0.312126 0.166085 0.383565 0.032701 0.251487 0.494976 -0.072144 -0.375418 0.246558 -0.418460 -0.222577 -0.544674
17 -0.215541 -0.401095 0.196437 -0.241875 -0.106146 -0.059010 0.351699 0.122129 0.382546 0.122534 0.151507 0.524119 -0.043384 -0.299198 0.203696 -0.359794 -0.234115 -0.550290
13 -0.157542 -0.339246 0.121237 -0.226517 -0.087590 -0.035727 0.340202 0.108656 0.369788 0.071017 0.195283 0.467336 -0.069808 -0.369348 0.248660 -0.402035 -0.254789 -0.525359
6 -0.152554 -0.337439 0.106007 -0.162859 -0.075478 -0.022076 0.357013 0.155972 0.374875 0.048887 0.232141 0.477231 -0.102302 -0.382565 0.282327 -0.416404 -0.242056 -0.570180
1 -0.213277 -0.370860 0.170367 -0.234921 -0.057060 -0.068048 0.297526 0.124925 0.352910 0.077293 0.143303 0.452243 -0.045247 -0.305489 0.185512 -0.367468 -0.198346 -0.485613
15 -0.235808 -0.389955 0.177571 -0.258929 -0.061988 -0.018393 0.342190 0.097100 0.348899 0.063249 0.189896 0.489141 -0.064807 -0.326612 0.215113 -0.401046 -0.253983 -0.514365
14 -0.231293 -0.418262 0.207210 -0.283867 -0.064685 -0.031417 0.329165 0.104616 0.348508 0.106235 0.142221 0.527588 -0.072095 -0.338299 0.220310 -0.389338 -0.231630 -0.528466
5 -0.139187 -0.318660 0.058992 -0.171923 -0.051204 -0.038943 0.328736 0.099419 0.362755 0.024626 0.224530 0.457113 -0.101300 -0.329075 0.251029 -0.398702 -0.232131 -0.507925
8 -0.162457 -0.352001 0.112526 -0.182462 -0.089699 -0.025983 0.336534 0.136389 0.359056 0.066946 0.209229 0.474010 -0.107932 -0.348824 0.259433 -0.412031 -0.206518 -0.506491
2 -0.174442 -0.364442 0.130074 -0.229786 -0.078032 -0.046438 0.331429 0.151699 0.340712 0.065854 0.183548 0.514343 -0.050135 -0.361655 0.208782 -0.411628 -0.247472 -0.489628
12 -0.206471 -0.358050 0.117156 -0.219133 -0.084155 -0.048098 0.299858 0.101091 0.335015 0.072643 0.231051 0.504435 -0.087487 -0.322627 0.223615 -0.365185 -0.249997 -0.490728
7 -0.124671 -0.312047 0.070669 -0.189066 -0.099330 -0.010693 0.336421 0.146258 0.386127 0.035953 0.201424 0.466493 -0.076857 -0.390507 0.272957 -0.400394 -0.219880 -0.527850
10 -0.186456 -0.360142 0.113574 -0.197701 -0.063809 -0.006783 0.362038 0.128713 0.387814 0.038884 0.228243 0.512505 -0.110074 -0.324837 0.215468 -0.374132 -0.222880 -0.499883
11 -0.022755 -0.017997 0.010402 0.008892 0.014438 -0.011029 -0.020096 0.023319 0.018649 -0.022508 -0.004615 0.005927 -0.014992 0.016644 0.025927 -0.023252 -0.010098 -0.005158
