18 18
0 -0.209877 -0.309632 0.158146 -0.310732 -0.195278 -0.020635 0.180746 -0.079893 0.368265 0.141415 0.138125 0.417103 0.022907 -0.001089 0.380919 -0.252099 -0.291183 -0.576234
12 -0.264740 -0.357318 0.199528 -0.343040 -0.177910 -0.028712 0.192508 -0.116963 0.355295 0.141988 0.148210 0.465201 -0.013393 0.006858 0.429568 -0.292747 -0.381587 -0.655666
8 -0.238833 -0.380168 0.225031 -0.322111 -0.188586 -0.012168 0.243422 -0.087888 0.363971 0.151675 0.108821 0.438095 -0.030636 -0.015892 0.436365 -0.329789 -0.341917 -0.658768
17 -0.196463 -0.329971 0.151182 -0.278596 -0.241965 -0.063698 0.216481 -0.043838 0.435621 0.191821 0.119857 0.474503 0.044412 -0.010790 0.371110 -0.223208 -0.325513 -0.614702
4 -0.235025 -0.229327 0.177537 -0.269559 -0.074200 -0.041601 0.172175 -0.070438 0.361775 0.049330 0.179798 0.412394 0.022563 0.035275 0.398863 -0.317565 -0.376690 -0.672633
11 -0.238185 -0.370814 0.202226 -0.304348 -0.176588 -0.043278 0.169942 -0.046563 0.377847 0.133527 0.091463 0.439827 -0.015408 -0.011685 0.439865 -0.305651 -0.341130 -0.623880
13 -0.163292 -0.282584 0.145909 -0.293156 -0.194322 -0.041992 0.189839 -0.086222 0.376041 0.165711 0.090027 0.383075 0.046837 -0.035906 0.366318 -0.231893 -0.336722 -0.564358
15 -0.267428 -0.299503 0.216590 -0.326353 -0.105900 0.016352 0.234863 -0.135345 0.354579 0.069077 0.151362 0.401548 -0.001593 0.038917 0.418127 -0.327965 -0.402188 -0.678270
7 -0.190744 -0.336243 0.153855 -0.317075 -0.225414 -0.021890 0.199424 -0.060586 0.414014 0.157946 0.102927 0.458142 0.022117 -0.052179 0.438726 -0.270708 -0.338033 -0.641052
6 -0.219654 -0.336835 0.195059 -0.285517 -0.175870 -0.021228 0.212554 -0.056879 0.374562 0.147735 0.123676 0.439286 0.000120 -0.016947 0.415736 -0.278869 -0.345425 -0.644400
14 -0.240307 -0.342396 0.219233 -0.329432 -0.152580 -0.016450 0.186026 -0.091504 0.350649 0.145138 0.090764 0.444966 -0.010117 -0.004660 0.417383 -0.288640 -0.338801 -0.647914
1 -0.238909 -0.346728 0.190073 -0.322778 -0.179598 -0.053012 0.205166 -0.057851 0.407609 0.149749 0.100504 0.435185 0.026209 -0.027564 0.378151 -0.282418 -0.316361 -0.617733
16 -0.217165 -0.250888 0.170261 -0.272793 -0.127091 -0.023836 0.217357 -0.094954 0.356237 0.092841 0.118139 0.403488 -0.004399 0.043833 0.392892 -0.291744 -0.367768 -0.632781
5 -0.205217 -0.283154 0.131742 -0.284236 -0.106758 -0.030942 0.224666 -0.119343 0.389077 0.071811 0.156302 0.413047 -0.006409 0.025647 0.395366 -0.298824 -0.363443 -0.629619
9 -0.181319 -0.294187 0.106744 -0.278947 -0.207753 -0.039167 0.185023 -0.040110 0.409611 0.160593 0.103895 0.438191 0.035369 -0.050320 0.348317 -0.226078 -0.310236 -0.523471
10 -0.230949 -0.278173 0.167388 -0.284109 -0.105871 0.010275 0.212248 -0.097394 0.375087 0.069320 0.161374 0.426987 -0.018774 0.049309 0.374774 -0.266842 -0.341302 -0.611147
3 -0.265510 -0.331462 0.228452 -0.317748 -0.150945 -0.017030 0.232089 -0.098301 0.320631 0.109089 0.136468 0.401718 -0.045054 -0.036319 0.397273 -0.329021 -0.320959 -0.667341
2 -0.192165 -0.332069 0.173258 -0.314970 -0.194384 -0.027548 0.220177 -0.059647 0.352155 0.143991 0.098674 0.442215 0.024751 -0.039412 0.391949 -0.296979 -0.346620 -0.597542
