18 18
10 -0.341700 -0.444541 0.227234 -0.261950 0.212498 0.015560 0.113438 0.150139 0.377336 -0.190601 0.301515 0.429378 -0.049634 -0.245079 0.247997 -0.372894 -0.120881 -0.543541
0 -0.314998 -0.426355 0.296339 -0.402727 0.002297 0.134414 0.109197 0.187872 0.335424 -0.057877 0.035324 0.377856 0.044642 -0.295544 0.291083 -0.434549 0.116230 -0.491725
5 -0.288577 -0.390636 0.218717 -0.197955 0.190651 0.036030 0.191732 0.196037 0.326225 -0.189677 0.232936 0.357548 -0.040013 -0.271051 0.243201 -0.462666 0.040920 -0.585600
1 -0.334825 -0.427449 0.305422 -0.329888 0.092982 0.050667 0.113205 0.199391 0.351734 -0.087392 0.073972 0.358593 0.023364 -0.287575 0.244350 -0.418185 0.055282 -0.532611
16 -0.343701 -0.445400 0.335605 -0.411460 0.010044 0.090255 0.116590 0.162251 0.364774 -0.019395 -0.018843 0.427106 0.020842 -0.249572 0.309299 -0.420127 0.017360 -0.544716
9 -0.323294 -0.410113 0.264007 -0.355579 0.055939 0.087510 0.101494 0.187759 0.357123 -0.073606 0.062202 0.403852 0.019605 -0.296456 0.255715 -0.406698 0.029073 -0.479262
7 -0.298673 -0.425477 0.278776 -0.406914 0.003386 0.137850 0.108148 0.183454 0.376423 -0.057090 0.004055 0.398690 0.042337 -0.326471 0.300077 -0.414293 0.073336 -0.503420
14 -0.368525 -0.470096 0.286530 -0.367397 0.154909 -0.011343 0.015208 0.081927 0.350001 -0.077780 0.160041 0.445061 -0.032074 -0.228060 0.267992 -0.316375 -0.170006 -0.495346
15 -0.320300 -0.417269 0.308960 -0.373674 0.027202 0.158134 0.149217 0.178132 0.335724 -0.070330 0.023537 0.358294 0.037482 -0.285379 0.273741 -0.433416 0.102056 -0.515918
12 -0.436825 -0.541945 0.263223 -0.391663 0.180780 -0.083899 -0.018744 0.027996 0.386703 -0.101881 0.334026 0.493063 -0.041286 -0.244916 0.293366 -0.299152 -0.363947 -0.520023
2 -0.285318 -0.399885 0.280621 -0.278930 0.100056 0.053298 0.154558 0.220737 0.286677 -0.107554 0.120622 0.372487 0.023557 -0.304769 0.240480 -0.446421 0.041853 -0.541853
4 -0.296671 -0.328363 0.251671 -0.161124 0.205365 -0.007628 0.134846 0.246123 0.301637 -0.183084 0.245427 0.348048 -0.005025 -0.271485 0.207751 -0.431650 0.045805 -0.600987
3 -0.314749 -0.351814 0.279781 -0.188628 0.178338 0.032228 0.172142 0.224369 0.270115 -0.172417 0.208644 0.323122 -0.042287 -0.298868 0.206046 -0.453782 0.091694 -0.592182
11 -0.406855 -0.499123 0.248479 -0.320554 0.205593 -0.063063 -0.007474 0.092873 0.387044 -0.158636 0.289875 0.439397 -0.058623 -0.216592 0.303228 -0.341622 -0.290850 -0.508495
8 -0.327795 -0.472717 0.312818 -0.378949 0.019749 0.113597 0.118451 0.174819 0.359893 -0.039687 0.032641 0.397708 0.001941 -0.283474 0.312701 -0.423509 0.047812 -0.504870
6 -0.272313 -0.363795 0.255144 -0.186607 0.137049 0.063087 0.175970 0.219982 0.294780 -0.131447 0.169924 0.326829 -0.016493 -0.272627 0.242350 -0.413208 0.059173 -0.572450
13 -0.370928 -0.510339 0.258600 -0.428622 0.144125 -0.059541 -0.007935 0.014744 0.400548 -0.067104 0.238207 0.435475 -0.003344 -0.289979 0.300505 -0.297831 -0.358861 -0.479002
17 -0.320820 -0.442700 0.332378 -0.376267 -0.019775 0.080896 0.135999 0.191925 0.373265 0.008145 -0.010190 0.430044 0.055079 -0.262544 0.267609 -0.387773 0.067609 -0.546422
