18 18
8 -0.179891 -0.849234 -0.015983 -0.214223 -0.080020 0.009797 0.239839 -0.132833 0.538249 0.112003 0.052197 0.499589 -0.421182 -0.083236 0.707118 -0.422316 -0.018461 -0.549629
11 -0.185673 -0.751436 -0.010311 -0.184234 -0.048761 -0.008736 0.178013 -0.105064 0.488085 0.069640 0.046292 0.452897 -0.381247 -0.049620 0.642088 -0.379317 -0.039499 -0.490209
14 -0.187409 -0.782833 0.003815 -0.232446 -0.052911 0.008815 0.184738 -0.154527 0.488241 0.110917 0.031474 0.463798 -0.390164 -0.078909 0.655176 -0.366545 -0.000512 -0.524545
12 -0.245682 -0.887055 -0.009488 -0.249370 -0.083922 -0.031777 0.194763 -0.175058 0.553445 0.135123 0.088789 0.534617 -0.427353 -0.074929 0.724272 -0.399528 -0.048569 -0.583148
0 -0.193818 -0.783437 -0.022324 -0.239475 -0.086099 0.001285 0.184974 -0.150231 0.501792 0.095016 0.086665 0.456373 -0.370580 -0.074911 0.669935 -0.388897 -0.005112 -0.525776
5 -0.174365 -0.797628 -0.051458 -0.209082 -0.043321 -0.014600 0.227581 -0.156737 0.536466 0.074500 0.080674 0.479269 -0.395457 -0.074751 0.661442 -0.402663 -0.033459 -0.542189
1 -0.164354 -0.786175 -0.012971 -0.215593 -0.041928 0.000856 0.226620 -0.079879 0.502384 0.067013 0.042246 0.495814 -0.352936 -0.082869 0.588698 -0.379167 -0.025615 -0.474039
6 -0.220616 -0.883682 0.005171 -0.216608 -0.063880 -0.014990 0.219410 -0.136222 0.564815 0.122995 0.072193 0.505788 -0.427213 -0.097768 0.738929 -0.416733 -0.025218 -0.618894
10 1.215954 -0.811657 -0.957824 -0.001158 0.125085 1.135361 1.477829 0.653634 0.330132 -0.884823 0.193336 1.660417 -0.444675 -0.175148 0.037276 -0.481195 -0.467805 0.833679
2 1.240649 -0.790082 -0.948368 -0.006789 0.108096 1.114620 1.470867 0.673992 0.267637 -0.870558 0.168647 1.641901 -0.404132 -0.213941 0.027331 -0.513279 -0.485332 0.843218
7 -0.144180 -0.793263 -0.067928 -0.226948 -0.092201 0.026010 0.226616 -0.142922 0.553320 0.083029 0.051852 0.489688 -0.391215 -0.110487 0.698770 -0.390739 -0.022493 -0.535256
17 -0.172696 -0.765384 -0.012338 -0.186722 -0.083289 -0.018091 0.219138 -0.107320 0.514511 0.110887 0.063723 0.492565 -0.354179 -0.057982 0.605271 -0.345715 -0.023349 -0.522348
16 -0.100386 -0.661484 -0.059752 -0.177008 -0.056879 0.037137 0.244594 -0.102613 0.434902 0.044643 0.045620 0.463126 -0.342040 -0.047492 0.560250 -0.348103 -0.067163 -0.427128
9 -0.185105 -0.828324 -0.049493 -0.222578 -0.061073 0.007106 0.230685 -0.102725 0.560597 0.085148 0.067296 0.540055 -0.396528 -0.110939 0.661507 -0.407478 -0.046812 -0.510264
13 0.019096 0.002747 0.009678 -0.019404 -0.008210 -0.004883 0.008138 -0.018294 0.006568 0.019257 -0.015253 -0.018294 0.012156 -0.023377 0.007956 -0.002520 -0.021393 -0.009389
15 -0.025404 -0.016269 0.019351 -0.021953 0.006735 0.026510 0.013636 -0.025312 0.000633 -0.010033 0.011049 -0.002501 0.001724 0.010837 0.011554 -0.010070 -0.020449 -0.014280
3 -0.024675 0.005665 0.025365 0.004601 0.007865 -0.001883 0.014761 -0.000233 -0.026227 -0.010111 0.011993 -0.020661 -0.026950 -0.026588 -0.012274 -0.019090 0.026092 -0.020014
4 -0.000863 0.026536 0.000487 0.011658 0.016931 -0.018308 -0.024615 0.027506 0.003913 -0.015616 0.024595 0.006644 0.019102 -0.007194 -0.007301 -0.006238 0.005807 -0.017039
