18 18
1 -0.393419 -0.522187 0.410640 -0.367803 0.004121 -0.142590 0.084264 0.215444 0.279475 0.080991 -0.078235 0.343802 -0.071460 -0.195790 0.267979 -0.478410 -0.093257 -0.398503
0 -0.373077 -0.536462 0.393638 -0.413518 -0.072078 -0.054322 0.083988 0.145352 0.267824 0.114770 -0.045344 0.355543 -0.092083 -0.170489 0.319208 -0.414810 -0.087647 -0.351863
12 -0.379465 -0.531904 0.385350 -0.392417 -0.059431 -0.099102 0.062892 0.139825 0.255119 0.136589 -0.049439 0.383378 -0.088949 -0.145171 0.290016 -0.380242 -0.137110 -0.334842
2 -0.315547 -0.491385 0.359159 -0.324057 -0.034595 -0.106164 0.117530 0.215093 0.236180 0.068357 -0.051031 0.364381 -0.091780 -0.183338 0.297401 -0.474688 -0.126530 -0.374767
11 -0.387369 -0.530828 0.391076 -0.355465 -0.004759 -0.106413 0.063795 0.192176 0.278997 0.059978 -0.063680 0.358295 -0.119512 -0.154514 0.329318 -0.465608 -0.133232 -0.377939
6 -0.355429 -0.516062 0.395590 -0.350519 -0.032601 -0.081339 0.094841 0.191353 0.279494 0.105197 -0.061992 0.356293 -0.098615 -0.177625 0.315749 -0.421722 -0.124672 -0.380342
8 -0.328118 -0.521855 0.367469 -0.314964 -0.064836 -0.096345 0.121023 0.207017 0.281874 0.104620 -0.072118 0.362790 -0.117909 -0.167358 0.341984 -0.475554 -0.111076 -0.386521
7 -0.323523 -0.505366 0.352060 -0.367711 -0.080340 -0.064514 0.094946 0.177832 0.313681 0.111217 -0.095678 0.366386 -0.084305 -0.185119 0.330345 -0.404067 -0.112244 -0.363645
14 -0.360139 -0.492969 0.401364 -0.385079 -0.004527 -0.059571 0.056775 0.129819 0.233092 0.124268 -0.108875 0.334666 -0.091114 -0.151804 0.255826 -0.357741 -0.082649 -0.318082
16 -0.352439 -0.515303 0.378260 -0.357715 -0.071600 -0.093413 0.113265 0.176411 0.308048 0.120610 -0.087747 0.395799 -0.107042 -0.131716 0.348162 -0.440015 -0.152085 -0.404000
10 -0.372128 -0.558578 0.384582 -0.373470 -0.021619 -0.070283 0.109709 0.178170 0.313486 0.078431 -0.054533 0.390580 -0.129196 -0.146957 0.317432 -0.434983 -0.119911 -0.358840
5 -0.317157 -0.497436 0.313317 -0.311569 -0.004779 -0.101892 0.115457 0.159149 0.274903 0.047141 -0.016487 0.354999 -0.117682 -0.151361 0.303179 -0.448294 -0.123067 -0.376738
9 -0.428877 -0.554664 0.409642 -0.435164 -0.023606 -0.087011 0.083013 0.178166 0.322228 0.115124 -0.086210 0.392810 -0.084854 -0.210388 0.285315 -0.447988 -0.126092 -0.353269
4 -0.383768 -0.491395 0.404925 -0.359258 0.002613 -0.127757 0.069426 0.225901 0.270854 0.070037 -0.037287 0.366634 -0.069571 -0.195460 0.281035 -0.472191 -0.101444 -0.408670
3 -0.398835 -0.488464 0.421850 -0.356884 -0.005680 -0.104671 0.114011 0.193114 0.227611 0.066356 -0.046604 0.312954 -0.115056 -0.223779 0.265153 -0.479269 -0.075588 -0.403739
17 -0.356116 -0.531018 0.375387 -0.325122 -0.071107 -0.118173 0.120105 0.214575 0.325466 0.108464 -0.049065 0.402769 -0.092393 -0.152433 0.316686 -0.441570 -0.125342 -0.419329
13 -0.359792 -0.529170 0.402933 -0.415855 -0.053725 -0.098841 0.084991 0.143607 0.298121 0.137060 -0.093702 0.345295 -0.072023 -0.191416 0.309327 -0.418372 -0.144229 -0.362295
15 -0.416288 -0.533523 0.425996 -0.426721 -0.015915 -0.049083 0.096250 0.129322 0.273707 0.100550 -0.074346 0.342521 -0.080321 -0.175899 0.282909 -0.426229 -0.118132 -0.362031
