18 18
0 -0.312488 -0.439818 0.202069 -0.186297 0.022531 0.066732 0.167509 0.342112 0.411348 -0.183974 0.221847 0.311948 -0.126357 -0.359253 0.222803 -0.397509 0.210435 -0.431927
1 -0.334931 -0.453461 0.236014 -0.182977 0.065964 0.014585 0.178215 0.371549 0.427356 -0.184869 0.176495 0.295933 -0.112918 -0.388701 0.170366 -0.413010 0.219709 -0.447621
4 -0.305346 -0.391789 0.199186 -0.164635 0.062879 -0.003803 0.126858 0.352836 0.423272 -0.186325 0.238155 0.299319 -0.095515 -0.397325 0.181073 -0.372825 0.158475 -0.446032
10 -0.318115 -0.448226 0.197761 -0.160521 0.052995 0.082379 0.199205 0.359141 0.450469 -0.208666 0.231798 0.335979 -0.153250 -0.361433 0.191349 -0.369130 0.208151 -0.427528
9 -0.328592 -0.447326 0.194754 -0.181416 0.040889 0.039158 0.160613 0.347353 0.450916 -0.168746 0.216545 0.331797 -0.134407 -0.400415 0.191959 -0.370490 0.157020 -0.408948
6 -0.297584 -0.431624 0.208378 -0.140698 0.037699 0.058371 0.172128 0.351775 0.404688 -0.168020 0.206256 0.295110 -0.135735 -0.365506 0.217442 -0.365887 0.171403 -0.431693
17 -0.323525 -0.442182 0.212970 -0.131783 0.021748 0.044813 0.225745 0.390992 0.439729 -0.181196 0.214364 0.354516 -0.136421 -0.361488 0.185981 -0.406853 0.215198 -0.478415
3 -0.307397 -0.377554 0.205396 -0.129989 0.068922 0.030747 0.195358 0.336725 0.357818 -0.201575 0.199828 0.266255 -0.162312 -0.380357 0.162426 -0.405576 0.204968 -0.429913
11 -0.334130 -0.459252 0.214687 -0.175793 0.046851 -0.007860 0.110726 0.337225 0.451441 -0.171557 0.230312 0.314217 -0.134367 -0.368229 0.241100 -0.381145 0.107250 -0.437604
5 -0.297363 -0.435569 0.167776 -0.163298 0.062919 0.024485 0.186881 0.303741 0.429757 -0.189704 0.225178 0.322572 -0.143287 -0.352090 0.203990 -0.387669 0.151068 -0.437815
16 -0.305385 -0.410217 0.200761 -0.162058 0.035216 0.038489 0.186420 0.324308 0.406093 -0.170303 0.180349 0.311441 -0.142016 -0.334804 0.211699 -0.387266 0.146662 -0.435541
7 -0.294914 -0.448817 0.193896 -0.187854 0.021147 0.067893 0.176908 0.356807 0.453719 -0.184498 0.181738 0.314035 -0.127736 -0.399147 0.224479 -0.382794 0.204014 -0.434172
12 -0.352077 -0.483616 0.214017 -0.235085 0.008757 -0.023961 0.068826 0.251574 0.430296 -0.107913 0.289766 0.322643 -0.111950 -0.394814 0.230975 -0.296810 0.051453 -0.424537
8 -0.309916 -0.466384 0.230072 -0.149068 0.021237 0.075029 0.212484 0.376711 0.419563 -0.163965 0.183241 0.320615 -0.153342 -0.359155 0.214952 -0.408997 0.229750 -0.434733
2 -0.279774 -0.421984 0.196825 -0.172060 0.032854 0.013128 0.159253 0.350363 0.381220 -0.163252 0.192164 0.313205 -0.105189 -0.391731 0.189896 -0.402357 0.137188 -0.414605
14 -0.346797 -0.478495 0.255239 -0.200012 0.058971 0.054550 0.169002 0.352302 0.417130 -0.165254 0.180458 0.331761 -0.142441 -0.384357 0.192816 -0.382810 0.217728 -0.444756
15 -0.327459 -0.439218 0.216088 -0.187074 0.045986 0.067877 0.181959 0.311002 0.415563 -0.186861 0.220485 0.300792 -0.124677 -0.360460 0.208504 -0.383411 0.154785 -0.440772
13 -0.298397 -0.442384 0.215356 -0.221477 0.024922 -0.021259 0.101042 0.265360 0.445314 -0.114436 0.240563 0.269740 -0.091787 -0.421045 0.217955 -0.320048 0.066514 -0.434080
