18 18
5 -0.171004 -0.586316 0.348758 -0.270958 0.207152 0.195710 0.050825 0.133871 0.240768 -0.109639 0.022528 0.450740 -0.210736 -0.116283 0.387026 -0.330795 0.021744 -0.330578
11 -0.211629 -0.605663 0.422428 -0.269080 0.203418 0.201567 -0.005460 0.204222 0.245084 -0.104700 -0.018049 0.446332 -0.209406 -0.104566 0.420704 -0.340731 0.040920 -0.328280
2 -0.156525 -0.592010 0.399062 -0.299383 0.188684 0.236758 0.056671 0.175219 0.188946 -0.097588 -0.025066 0.454794 -0.188081 -0.157700 0.386363 -0.351650 0.018631 -0.301678
13 -0.154315 -0.608872 0.423710 -0.315251 0.189965 0.227686 0.061404 0.154063 0.237955 -0.070081 -0.039359 0.446413 -0.203846 -0.177847 0.430774 -0.351599 0.011904 -0.343890
7 -0.152653 -0.649526 0.403664 -0.306835 0.168504 0.256040 0.043625 0.198640 0.295946 -0.088583 -0.026703 0.505544 -0.215272 -0.187614 0.470369 -0.349233 0.047940 -0.383051
12 -0.212500 -0.616236 0.410770 -0.308414 0.182611 0.219771 0.013845 0.147090 0.214594 -0.074749 0.015007 0.475815 -0.203853 -0.123692 0.387996 -0.302850 0.015579 -0.319196
6 -0.187871 -0.646931 0.439430 -0.278448 0.209545 0.252313 0.054888 0.201338 0.236944 -0.092952 -0.006387 0.476126 -0.229390 -0.162766 0.434677 -0.351370 0.039863 -0.367497
15 -0.201241 -0.589854 0.409094 -0.297155 0.193973 0.245280 0.048931 0.141374 0.225821 -0.100678 -0.004166 0.425400 -0.194354 -0.119882 0.387697 -0.323255 0.021603 -0.327770
0 -0.166975 -0.549258 0.357596 -0.280782 0.153291 0.214563 0.014174 0.146206 0.206716 -0.083323 0.021931 0.410279 -0.172160 -0.122839 0.375042 -0.300526 0.052441 -0.304044
14 -0.201208 -0.672392 0.480879 -0.339925 0.233228 0.262015 0.030381 0.185047 0.237643 -0.083746 -0.055293 0.500701 -0.230486 -0.161128 0.443474 -0.364421 0.066816 -0.360063
10 -0.185632 -0.604212 0.400266 -0.274904 0.204662 0.248450 0.035974 0.185664 0.256691 -0.109839 0.001850 0.469616 -0.217872 -0.105493 0.388097 -0.303300 0.059191 -0.307896
8 -0.177442 -0.642374 0.432159 -0.283525 0.164877 0.236953 0.053129 0.182121 0.230699 -0.058339 -0.033679 0.454583 -0.223811 -0.132249 0.433594 -0.345420 0.053965 -0.323077
17 -0.167763 -0.617661 0.401469 -0.266641 0.152045 0.202622 0.064689 0.180562 0.273353 -0.055303 -0.004592 0.497658 -0.204651 -0.137415 0.409229 -0.317803 0.041309 -0.381192
4 -0.201598 -0.595185 0.445588 -0.290779 0.244196 0.223760 -0.012086 0.230695 0.241522 -0.118500 0.005570 0.479223 -0.185609 -0.136197 0.401298 -0.350396 0.072337 -0.340284
1 -0.214248 -0.645512 0.452785 -0.312664 0.207681 0.214095 0.020367 0.214377 0.267155 -0.092218 -0.034581 0.463562 -0.188595 -0.144959 0.407276 -0.357269 0.065768 -0.349123
3 -0.197701 -0.560122 0.404853 -0.267244 0.199051 0.214169 0.050537 0.160846 0.187701 -0.099185 0.001029 0.410390 -0.220597 -0.158773 0.348753 -0.326688 0.064288 -0.321139
9 -0.193382 -0.620719 0.403350 -0.308258 0.201362 0.236720 0.034196 0.196297 0.256491 -0.094610 -0.014958 0.488791 -0.204671 -0.168850 0.405432 -0.351555 0.033416 -0.313578
16 -0.003066 0.009981 0.006043 0.000869 -0.007381 -0.001770 0.017455 -0.006904 0.000948 0.004908 -0.016488 0.011175 -0.012361 0.022003 0.021550 -0.015661 -0.025305 -0.027720
