18 18
7 -0.061568 -0.516232 -0.028687 -0.320423 -0.169943 0.363653 0.289536 -0.019839 0.388136 -0.050610 0.072524 0.541272 -0.273542 -0.200100 0.454220 -0.164500 0.034476 -0.331449
8 -0.101279 -0.557048 0.010064 -0.316714 -0.145152 0.333608 0.279337 -0.008191 0.356135 -0.040809 0.082235 0.543200 -0.300096 -0.195100 0.436616 -0.212399 0.052202 -0.310356
0 -0.084264 -0.506670 -0.006815 -0.319437 -0.164563 0.333358 0.250496 -0.026227 0.344885 -0.039397 0.096615 0.505632 -0.251931 -0.163590 0.430056 -0.169242 0.046552 -0.312948
5 -0.102103 -0.510036 -0.025672 -0.289264 -0.080567 0.279335 0.264467 -0.030262 0.355151 -0.084682 0.114898 0.517734 -0.283493 -0.168460 0.391692 -0.208215 0.027761 -0.317435
2 -0.087714 -0.500756 -0.008375 -0.312854 -0.111019 0.292728 0.252787 0.013874 0.326703 -0.076281 0.085734 0.536848 -0.250305 -0.203220 0.379998 -0.215624 0.033708 -0.276235
1 -0.131897 -0.528975 0.024310 -0.321978 -0.097235 0.268872 0.240837 0.023911 0.367895 -0.069476 0.070297 0.508199 -0.248183 -0.195669 0.368108 -0.211127 0.064534 -0.302478
6 -0.079197 -0.523785 0.003095 -0.291573 -0.150632 0.348892 0.289658 -0.002002 0.369639 -0.040479 0.085498 0.531202 -0.277848 -0.179549 0.438866 -0.163569 0.022092 -0.340279
15 -0.120340 -0.523107 0.020685 -0.325298 -0.123143 0.341147 0.277714 -0.037243 0.351192 -0.061118 0.091419 0.511537 -0.269320 -0.167143 0.419469 -0.192090 0.017500 -0.328497
3 -0.127774 -0.501002 0.019939 -0.296153 -0.107538 0.301215 0.267118 -0.003403 0.326860 -0.076327 0.109364 0.506376 -0.295713 -0.204396 0.380299 -0.206805 0.066811 -0.324771
11 -0.117650 -0.525689 0.004295 -0.299185 -0.116080 0.306110 0.238800 0.012958 0.380800 -0.078653 0.081698 0.530591 -0.278740 -0.154774 0.427808 -0.197255 0.028382 -0.314679
12 -0.119196 -0.539339 -0.005647 -0.330762 -0.147948 0.313850 0.248617 -0.035468 0.342911 -0.038700 0.113832 0.554053 -0.273354 -0.173493 0.417239 -0.166151 0.011145 -0.304568
10 -0.072853 -0.498686 -0.023881 -0.292354 -0.143332 0.353760 0.285416 -0.029347 0.384429 -0.053652 0.093606 0.526696 -0.279967 -0.134599 0.400917 -0.128682 0.034405 -0.295447
9 -0.115755 -0.517394 -0.023567 -0.315964 -0.117582 0.312876 0.260590 0.005389 0.388055 -0.073005 0.102543 0.552340 -0.276041 -0.209673 0.403449 -0.202926 0.029746 -0.301065
16 -0.086418 -0.475944 0.003694 -0.296796 -0.146622 0.314907 0.276153 -0.026723 0.342441 -0.035762 0.057167 0.510488 -0.267046 -0.148371 0.420152 -0.176173 0.002697 -0.326282
4 -0.105902 -0.474735 0.001332 -0.285691 -0.093792 0.275109 0.222736 0.024014 0.343372 -0.079075 0.113149 0.512552 -0.244850 -0.185604 0.374433 -0.197521 0.046317 -0.311008
17 -0.091072 -0.493446 0.001684 -0.270253 -0.159824 0.292383 0.276483 -0.003227 0.375545 -0.021665 0.089808 0.525519 -0.246391 -0.145041 0.378619 -0.140618 0.030433 -0.331757
14 -0.108053 -0.542792 0.019717 -0.345569 -0.125889 0.352288 0.263653 -0.025291 0.359443 -0.042943 0.064286 0.563994 -0.293175 -0.190396 0.427970 -0.172151 0.052149 -0.324956
13 -0.077735 -0.542015 0.006725 -0.350443 -0.163812 0.341618 0.294482 -0.038171 0.393493 -0.028611 0.071461 0.538457 -0.269568 -0.204747 0.455530 -0.184006 0.010662 -0.349255
