18 18
6 -0.224327 -0.567082 0.155546 -0.124230 -0.014734 0.080342 0.191664 0.157979 0.265660 -0.158349 0.252947 0.271499 -0.215122 -0.100734 0.473349 -0.518351 0.105274 -0.462459
0 -0.273874 -0.603185 0.171921 -0.211333 -0.037624 0.119218 0.149615 0.114484 0.261998 -0.161110 0.261136 0.254623 -0.197344 -0.087774 0.490794 -0.527666 0.144280 -0.439776
11 -0.290380 -0.617989 0.204650 -0.214764 -0.035972 0.106961 0.100908 0.087016 0.320348 -0.116086 0.158315 0.294983 -0.245207 -0.027253 0.556674 -0.490639 0.034725 -0.434845
15 -0.287308 -0.597388 0.196240 -0.213735 -0.021745 0.136762 0.171533 0.084935 0.275358 -0.156447 0.225438 0.252285 -0.211259 -0.071628 0.493065 -0.513394 0.084559 -0.444526
3 -0.206179 -0.501459 0.128503 -0.096873 0.028333 0.011984 0.215474 0.165794 0.201610 -0.210254 0.317431 0.270211 -0.235313 -0.161203 0.398449 -0.585159 0.174523 -0.493222
17 -0.252057 -0.606708 0.169241 -0.147302 -0.044041 0.056708 0.197937 0.147642 0.314130 -0.142055 0.265156 0.332749 -0.222759 -0.070448 0.491957 -0.535354 0.103099 -0.507894
7 -0.253636 -0.616867 0.177330 -0.220268 -0.061090 0.144517 0.154289 0.107048 0.304923 -0.139628 0.190132 0.267504 -0.211552 -0.102232 0.536034 -0.499792 0.099074 -0.444770
10 -0.246391 -0.588795 0.153269 -0.170122 -0.001935 0.108137 0.185788 0.115149 0.299992 -0.176225 0.268417 0.309883 -0.245018 -0.068353 0.467682 -0.501940 0.116417 -0.440580
8 -0.270032 -0.643230 0.195187 -0.190125 -0.043331 0.119764 0.174477 0.129922 0.296883 -0.136674 0.212347 0.285095 -0.242749 -0.077746 0.531787 -0.545973 0.124008 -0.449295
1 -0.259419 -0.580095 0.166671 -0.167138 0.006777 0.054147 0.166752 0.161757 0.293075 -0.172379 0.225558 0.259892 -0.190904 -0.095366 0.440614 -0.537591 0.138516 -0.448774
12 -0.294615 -0.628861 0.205186 -0.236360 -0.069147 0.082564 0.125700 0.026590 0.250764 -0.071751 0.251522 0.330234 -0.242719 -0.052417 0.518222 -0.449517 0.015459 -0.439371
2 -0.202096 -0.578222 0.130915 -0.140235 0.003588 0.051428 0.207820 0.179004 0.249738 -0.201577 0.281975 0.319879 -0.215359 -0.127101 0.459209 -0.595067 0.129729 -0.473066
16 -0.220677 -0.514303 0.143059 -0.150978 -0.017578 0.072654 0.174065 0.111418 0.251824 -0.147112 0.203975 0.267495 -0.213637 -0.066722 0.450512 -0.498473 0.076458 -0.432924
4 -0.210934 -0.507889 0.128800 -0.123011 0.014437 0.027630 0.153009 0.161024 0.252570 -0.181038 0.292946 0.288205 -0.187399 -0.104537 0.429400 -0.524725 0.116979 -0.466842
13 -0.238131 -0.606244 0.194146 -0.224121 -0.049650 0.067411 0.157663 0.050611 0.298462 -0.086770 0.220724 0.303493 -0.223701 -0.082319 0.525509 -0.490473 0.018622 -0.472179
14 -0.297202 -0.655442 0.225334 -0.242105 -0.023888 0.119259 0.139342 0.076995 0.279201 -0.116269 0.207800 0.318720 -0.251661 -0.076090 0.534204 -0.509107 0.090834 -0.465787
5 -0.166713 -0.503695 0.061773 -0.093883 0.044095 -0.005005 0.202080 0.121454 0.252344 -0.201710 0.312961 0.307608 -0.221047 -0.102474 0.401778 -0.543442 0.108677 -0.468252
9 -0.238503 -0.540948 0.125429 -0.160950 -0.008379 0.066156 0.162704 0.139574 0.284214 -0.161459 0.251335 0.293285 -0.204670 -0.117734 0.436203 -0.513620 0.095554 -0.416763
