18 18
16 -0.305601 -0.556465 0.361787 -0.189385 -0.196423 0.085331 0.192621 -0.135655 0.132188 0.240183 0.184631 0.451669 -0.314703 0.063528 0.393421 -0.138755 -0.153281 -0.447317
17 -0.348946 -0.618150 0.322562 -0.135436 -0.199180 0.031328 0.149528 -0.072981 0.193659 0.219194 0.285356 0.555904 -0.298346 0.142757 0.345445 -0.090994 -0.113728 -0.428707
3 -0.337499 -0.578099 0.338143 -0.171867 -0.135957 0.062724 0.178673 -0.080038 0.186759 0.161589 0.251781 0.479147 -0.352810 -0.013807 0.374556 -0.183130 -0.118979 -0.446226
13 -0.289562 -0.587663 0.339510 -0.214004 -0.169890 0.083957 0.184112 -0.113924 0.193317 0.209192 0.208691 0.468636 -0.312578 -0.023146 0.400787 -0.163189 -0.167351 -0.431375
5 -0.356115 -0.630312 0.242571 -0.120236 -0.050583 0.007713 0.126433 -0.042792 0.284087 0.073562 0.315695 0.588846 -0.364864 0.104476 0.393764 -0.198664 -0.153140 -0.430813
2 -0.308574 -0.572145 0.231515 -0.113447 -0.102225 0.014984 0.116551 -0.001828 0.216749 0.095484 0.285779 0.563843 -0.299926 0.089595 0.327959 -0.159651 -0.131072 -0.357834
12 -0.366514 -0.620798 0.284284 -0.166702 -0.136922 0.037170 0.086042 -0.083277 0.189469 0.160183 0.295295 0.555853 -0.323829 0.112059 0.355130 -0.102892 -0.132043 -0.366674
0 -0.327553 -0.581371 0.283627 -0.178072 -0.158525 0.066134 0.107805 -0.081985 0.174456 0.159841 0.273051 0.494681 -0.298609 0.087825 0.366581 -0.129994 -0.092510 -0.374703
9 -0.362575 -0.609240 0.224571 -0.127593 -0.066742 0.019150 0.099074 0.005525 0.308227 0.074427 0.316589 0.617172 -0.345787 0.058543 0.359209 -0.169939 -0.147530 -0.378499
11 -0.381316 -0.608546 0.235172 -0.071023 -0.002968 -0.020852 0.052518 0.048053 0.311530 0.009991 0.302403 0.592286 -0.364551 0.137803 0.379859 -0.203651 -0.131213 -0.383498
7 -0.311124 -0.615625 0.271659 -0.170253 -0.154809 0.070093 0.150494 -0.051643 0.257015 0.147206 0.263917 0.558293 -0.332316 0.022154 0.399118 -0.151623 -0.128084 -0.417941
10 -0.320632 -0.586045 0.227506 -0.125358 -0.074560 0.055336 0.119922 -0.031976 0.273553 0.081646 0.294929 0.564684 -0.342027 0.089804 0.337935 -0.122141 -0.113174 -0.352836
6 -0.321006 -0.584241 0.296615 -0.122119 -0.112125 0.053638 0.134630 -0.042155 0.199419 0.142864 0.264106 0.503203 -0.324615 0.065717 0.377817 -0.146712 -0.131922 -0.412722
14 -0.368639 -0.646676 0.384783 -0.189755 -0.155459 0.080894 0.116496 -0.105947 0.149888 0.227844 0.216794 0.535028 -0.333299 0.137774 0.382341 -0.105565 -0.087476 -0.413091
8 -0.313882 -0.597076 0.345241 -0.153971 -0.160410 0.082210 0.152388 -0.080153 0.164240 0.205986 0.195644 0.469270 -0.322829 0.086017 0.381743 -0.147683 -0.093189 -0.386421
15 -0.372083 -0.609781 0.371312 -0.184704 -0.149565 0.096169 0.141304 -0.120482 0.150837 0.190579 0.240397 0.489335 -0.311205 0.134568 0.381536 -0.129671 -0.125565 -0.418501
4 -0.391973 -0.595839 0.234880 -0.062239 0.009384 -0.040849 0.035137 0.062008 0.314701 0.006816 0.358402 0.633897 -0.347450 0.147561 0.367729 -0.197553 -0.130830 -0.413989
1 -0.027660 -0.027217 0.026180 -0.019122 0.012075 -0.026796 -0.004699 0.019366 0.022084 0.001540 -0.016522 -0.005216 0.015504 -0.011155 -0.013895 -0.016653 0.015775 -0.011908
