18 18
8 -0.280516 -0.694569 0.236537 -0.207518 -0.237546 0.079707 0.326297 0.100414 0.216875 0.100828 0.105262 0.501907 -0.202798 -0.012314 0.347171 -0.308825 -0.138193 -0.322138
0 -0.305266 -0.645682 0.206811 -0.231283 -0.262896 0.050289 0.268864 0.085801 0.230323 0.086399 0.178040 0.535233 -0.171190 0.020863 0.344701 -0.301275 -0.142703 -0.359426
9 -0.330549 -0.683706 0.201173 -0.230309 -0.273042 0.040308 0.312687 0.118680 0.260319 0.090950 0.174856 0.605058 -0.186553 -0.009809 0.322269 -0.315996 -0.191019 -0.352658
6 -0.302832 -0.666958 0.227396 -0.196882 -0.231270 0.055411 0.318620 0.105629 0.227148 0.093586 0.146973 0.530305 -0.184087 -0.010567 0.324940 -0.283250 -0.175162 -0.367778
5 -0.292443 -0.655314 0.183238 -0.214050 -0.200327 0.036653 0.306465 0.059523 0.245473 0.067417 0.150550 0.525059 -0.198018 0.007004 0.326515 -0.303376 -0.164928 -0.354616
15 -0.327659 -0.675306 0.238400 -0.249427 -0.217141 0.076599 0.316790 0.058531 0.242165 0.082519 0.144825 0.524441 -0.178830 0.002578 0.341734 -0.302524 -0.178208 -0.365840
11 -0.338538 -0.694506 0.236214 -0.212091 -0.225888 0.028317 0.274381 0.124234 0.244739 0.062574 0.146136 0.551400 -0.192704 0.021968 0.350439 -0.328226 -0.173882 -0.361927
1 -0.325089 -0.675465 0.245166 -0.230596 -0.208624 0.019381 0.284665 0.110641 0.235420 0.091280 0.112563 0.506168 -0.162563 -0.017605 0.293032 -0.293356 -0.133912 -0.333931
16 -0.323230 -0.675823 0.232318 -0.222167 -0.280634 0.043742 0.329380 0.101207 0.238184 0.099793 0.149315 0.576936 -0.199918 0.033123 0.357533 -0.325993 -0.197468 -0.391757
2 -0.288645 -0.668080 0.215455 -0.222097 -0.255106 0.037290 0.309334 0.117490 0.201534 0.083263 0.147818 0.566322 -0.161029 -0.003662 0.307756 -0.314669 -0.182844 -0.338697
17 -0.305012 -0.642896 0.218916 -0.189788 -0.267342 0.014590 0.302731 0.107019 0.244767 0.108739 0.167067 0.561084 -0.158622 0.034869 0.290623 -0.267496 -0.164272 -0.375111
12 -0.318008 -0.650037 0.206831 -0.233270 -0.243725 0.041977 0.269727 0.054104 0.205046 0.100890 0.167493 0.525136 -0.186280 0.017359 0.314858 -0.257032 -0.170566 -0.313497
7 -0.280978 -0.670736 0.197538 -0.229131 -0.263623 0.066989 0.316178 0.102594 0.262215 0.085660 0.132256 0.545957 -0.181818 -0.027275 0.350932 -0.295995 -0.153534 -0.355583
14 -0.307759 -0.646774 0.233127 -0.236101 -0.203622 0.047495 0.262698 0.074275 0.203104 0.096586 0.107973 0.524614 -0.182823 -0.001678 0.307167 -0.270073 -0.140446 -0.327711
10 -0.303555 -0.686781 0.208028 -0.215107 -0.240120 0.079690 0.333027 0.096760 0.258395 0.068482 0.160760 0.560475 -0.208630 0.022780 0.326377 -0.283580 -0.155904 -0.339943
3 -0.325915 -0.643178 0.235108 -0.202110 -0.244838 0.038555 0.302344 0.095629 0.190725 0.074715 0.168205 0.513967 -0.208773 -0.007199 0.307310 -0.314874 -0.134258 -0.367361
13 0.019096 0.002747 0.009678 -0.019404 -0.008210 -0.004883 0.008138 -0.018294 0.006568 0.019257 -0.015253 -0.018294 0.012156 -0.023377 0.007956 -0.002520 -0.021393 -0.009389
4 -0.000863 0.026536 0.000487 0.011658 0.016931 -0.018308 -0.024615 0.027506 0.003913 -0.015616 0.024595 0.006644 0.019102 -0.007194 -0.007301 -0.006238 0.005807 -0.017039
