18 18
2 -0.011769 -0.457845 0.018065 -0.252815 -0.167086 0.099507 0.310551 0.097536 0.294042 0.023711 -0.060691 0.404419 -0.095333 -0.290561 0.397494 -0.419289 -0.252508 -0.281456
7 -0.038056 -0.479973 -0.013569 -0.247186 -0.192682 0.124602 0.287755 0.115015 0.380346 0.011335 -0.058079 0.427959 -0.130682 -0.299762 0.440856 -0.393736 -0.253410 -0.262094
8 -0.083485 -0.543164 -0.023757 -0.209413 -0.217360 0.149442 0.256872 0.159133 0.412457 0.016545 -0.041248 0.485226 -0.203424 -0.235235 0.452611 -0.386242 -0.231593 -0.134927
13 -0.023358 -0.485353 0.059414 -0.290883 -0.163620 0.097495 0.342210 0.060316 0.341010 0.045477 -0.072463 0.384450 -0.099438 -0.327444 0.442041 -0.445284 -0.279382 -0.368540
11 -0.119036 -0.562538 -0.016818 -0.229793 -0.184798 0.127552 0.249098 0.177301 0.450701 -0.026796 -0.025420 0.512200 -0.195901 -0.254164 0.475384 -0.416866 -0.274688 -0.196214
6 -0.042349 -0.454983 0.046900 -0.217071 -0.150035 0.097140 0.307467 0.080612 0.300646 0.032407 -0.036393 0.360656 -0.113621 -0.261092 0.402848 -0.383627 -0.242097 -0.326647
16 -0.050687 -0.480589 0.061438 -0.273767 -0.174562 0.093132 0.354190 0.072006 0.334743 0.037776 -0.075045 0.418607 -0.127514 -0.279743 0.456031 -0.462271 -0.285446 -0.388219
9 -0.076087 -0.479086 -0.040993 -0.217665 -0.183208 0.125493 0.246320 0.143700 0.398265 0.001976 -0.022949 0.455377 -0.154169 -0.262224 0.404163 -0.369535 -0.244320 -0.160325
5 -0.045088 -0.499099 0.024089 -0.261074 -0.128880 0.094339 0.347654 0.054092 0.353884 0.002752 -0.024367 0.411706 -0.134683 -0.287504 0.436430 -0.453899 -0.260807 -0.369445
10 -0.090977 -0.538511 -0.040720 -0.215753 -0.183190 0.160049 0.284773 0.145292 0.449130 -0.025108 0.001787 0.507550 -0.199476 -0.225855 0.431467 -0.358284 -0.252280 -0.174461
17 -0.047833 -0.486381 0.048053 -0.246968 -0.191582 0.079209 0.347775 0.096746 0.357777 0.045087 -0.035830 0.430335 -0.098863 -0.274216 0.407699 -0.412709 -0.251752 -0.372290
0 -0.055390 -0.516296 0.031724 -0.284478 -0.199512 0.124504 0.309547 0.084131 0.341253 0.029708 -0.028890 0.428670 -0.123990 -0.279977 0.453793 -0.435664 -0.237610 -0.306727
3 -0.084699 -0.478620 0.053589 -0.240963 -0.154408 0.110142 0.317275 0.101560 0.324501 0.001349 -0.032935 0.394811 -0.162890 -0.313893 0.412887 -0.438480 -0.226158 -0.316062
12 -0.114013 -0.540075 -0.007626 -0.247816 -0.203273 0.112585 0.250040 0.113011 0.375662 0.020637 -0.002231 0.494755 -0.172627 -0.246050 0.425980 -0.368568 -0.275017 -0.194897
1 -0.085517 -0.510257 0.069468 -0.279111 -0.149859 0.069284 0.310691 0.108832 0.348550 0.023514 -0.068184 0.406252 -0.108792 -0.296599 0.406734 -0.441683 -0.239327 -0.339423
4 -0.044724 -0.457599 0.047264 -0.258768 -0.138493 0.089296 0.306774 0.113062 0.347416 0.004477 -0.021359 0.414908 -0.092483 -0.316616 0.434400 -0.454367 -0.256182 -0.376111
14 -0.065647 -0.526815 0.052178 -0.284544 -0.152446 0.129999 0.309134 0.090097 0.360695 0.027490 -0.072466 0.452800 -0.148555 -0.301289 0.451535 -0.427077 -0.251753 -0.320933
15 -0.067253 -0.469661 0.062650 -0.271628 -0.141314 0.125708 0.314465 0.052459 0.314723 0.014824 -0.046167 0.372522 -0.105516 -0.267360 0.413665 -0.412963 -0.259682 -0.329632
