18 18
5 -0.334560 -0.535005 0.271457 -0.317707 -0.051830 0.058689 0.246815 -0.060896 0.197562 -0.002426 0.203899 0.377654 -0.212390 -0.073875 0.315064 -0.364502 -0.105540 -0.448887
3 -0.338044 -0.510700 0.319120 -0.308068 -0.078989 0.092608 0.280604 -0.024244 0.132933 -0.005966 0.215771 0.335831 -0.226764 -0.152121 0.300175 -0.390999 -0.039293 -0.484537
0 -0.349009 -0.535495 0.308976 -0.348724 -0.104825 0.089240 0.218407 -0.034596 0.170628 0.021217 0.211030 0.381710 -0.195687 -0.079700 0.332996 -0.358496 -0.067007 -0.445330
14 -0.378521 -0.553187 0.345738 -0.355512 -0.070924 0.074705 0.203534 -0.046495 0.172652 0.044397 0.163266 0.413053 -0.213634 -0.055531 0.320183 -0.331565 -0.100056 -0.447425
12 -0.375171 -0.532243 0.307159 -0.326249 -0.090773 0.043731 0.175463 -0.057631 0.161488 0.052225 0.211293 0.409851 -0.198541 -0.027979 0.303644 -0.291336 -0.133015 -0.414435
1 -0.367924 -0.560502 0.333852 -0.349392 -0.070109 0.054786 0.250747 -0.009452 0.198333 0.008058 0.185444 0.365874 -0.189681 -0.123910 0.301279 -0.391890 -0.055270 -0.474768
15 -0.374470 -0.528933 0.320141 -0.341941 -0.071600 0.092708 0.226984 -0.057778 0.174879 0.006969 0.209561 0.377167 -0.186782 -0.055343 0.319803 -0.350976 -0.131499 -0.460665
11 -0.388837 -0.558500 0.335506 -0.308406 -0.074112 0.052890 0.217543 0.000471 0.222839 0.005179 0.185128 0.397621 -0.225707 -0.039802 0.346935 -0.371818 -0.108396 -0.467178
2 -0.333348 -0.570502 0.323327 -0.350348 -0.096129 0.096701 0.279387 -0.005582 0.151044 0.009728 0.199898 0.408225 -0.201436 -0.139157 0.332835 -0.412982 -0.091800 -0.473937
10 -0.340285 -0.531908 0.305210 -0.315089 -0.080992 0.098630 0.248262 -0.021343 0.203330 0.010781 0.198593 0.398008 -0.217645 -0.056969 0.302905 -0.325093 -0.075393 -0.430218
17 -0.343646 -0.525210 0.314524 -0.289796 -0.113324 0.053175 0.246647 -0.002656 0.209491 0.042849 0.190033 0.398353 -0.189711 -0.051176 0.298592 -0.325267 -0.080602 -0.465950
6 -0.321518 -0.520735 0.304103 -0.285340 -0.075014 0.087285 0.243649 -0.001174 0.168091 0.016981 0.197149 0.360959 -0.202591 -0.103295 0.320029 -0.344573 -0.087649 -0.454188
9 -0.356673 -0.533818 0.293530 -0.336957 -0.087329 0.076603 0.234378 -0.011631 0.204028 0.017369 0.202506 0.407360 -0.199186 -0.115373 0.309454 -0.364376 -0.095640 -0.437246
8 -0.346298 -0.569731 0.332644 -0.323993 -0.104542 0.083938 0.245126 -0.020881 0.180711 0.048709 0.178968 0.391550 -0.220081 -0.080899 0.345385 -0.369721 -0.080828 -0.452215
4 -0.357041 -0.519896 0.321984 -0.321758 -0.073240 0.067881 0.226259 0.001441 0.176707 0.000054 0.232568 0.398855 -0.191256 -0.106659 0.321786 -0.376745 -0.083843 -0.493928
16 -0.384398 -0.551370 0.338626 -0.352455 -0.100345 0.068610 0.262545 -0.052344 0.193189 0.033176 0.186117 0.428726 -0.231065 -0.044957 0.354906 -0.384393 -0.131850 -0.507909
13 -0.349575 -0.552697 0.337055 -0.357783 -0.093470 0.066480 0.242302 -0.047759 0.193719 0.042355 0.186578 0.384765 -0.196242 -0.100801 0.341123 -0.367732 -0.124949 -0.481599
7 -0.316703 -0.529432 0.287929 -0.335296 -0.106019 0.099098 0.249423 -0.024255 0.191468 0.010270 0.192347 0.387984 -0.197164 -0.128332 0.344864 -0.363007 -0.086956 -0.474411
