18 18
7 -0.024828 -0.258832 0.088514 0.019683 -0.395606 0.019687 0.319845 0.404338 0.468020 0.037808 -0.028961 0.481512 -0.087265 -0.263061 0.303411 -0.155325 -0.008950 -0.565076
3 -0.123060 -0.297911 0.250411 -0.026719 -0.363729 -0.055845 0.304327 0.393750 0.364037 0.096644 -0.050438 0.474223 -0.092093 -0.286136 0.262850 -0.184824 -0.044723 -0.612188
15 -0.141074 -0.333009 0.269857 -0.097000 -0.328016 -0.023888 0.267255 0.302759 0.326000 0.121677 -0.054934 0.461680 -0.051009 -0.232782 0.273149 -0.160093 -0.110438 -0.559997
11 -0.107545 -0.307674 0.194309 0.006170 -0.337705 -0.052911 0.238851 0.413117 0.386409 0.068430 -0.034798 0.489928 -0.078013 -0.220324 0.306839 -0.181231 -0.076066 -0.566214
16 -0.084459 -0.296029 0.203911 -0.020557 -0.376765 -0.035534 0.316393 0.385608 0.401354 0.099758 -0.071375 0.506502 -0.079815 -0.229799 0.302158 -0.178607 -0.090737 -0.603506
2 -0.075051 -0.297450 0.200618 -0.018407 -0.358270 -0.050124 0.311631 0.417247 0.369709 0.073465 -0.044136 0.488192 -0.045524 -0.266225 0.258065 -0.195641 -0.069528 -0.567990
1 -0.105138 -0.307079 0.203899 -0.015603 -0.343788 -0.066895 0.286875 0.424145 0.419868 0.073615 -0.048427 0.474308 -0.047420 -0.254499 0.250213 -0.179316 -0.028628 -0.577436
0 -0.094771 -0.304659 0.173015 -0.023561 -0.384166 -0.027890 0.259294 0.397918 0.380911 0.074356 0.007357 0.486594 -0.057499 -0.228036 0.312891 -0.184201 -0.038858 -0.570264
6 -0.076447 -0.291189 0.196902 0.017497 -0.344733 -0.032715 0.289703 0.403769 0.366047 0.082592 -0.023856 0.458136 -0.071389 -0.255636 0.282130 -0.163364 -0.070684 -0.573134
12 -0.127517 -0.328303 0.231603 -0.066497 -0.366867 -0.054135 0.240771 0.324974 0.329669 0.134715 -0.039605 0.489985 -0.067623 -0.223886 0.270170 -0.129710 -0.105698 -0.535514
4 -0.092259 -0.260868 0.208315 0.005194 -0.318874 -0.073824 0.277691 0.426232 0.386926 0.056341 -0.016043 0.461176 -0.043779 -0.261971 0.235384 -0.183229 -0.043875 -0.578391
13 -0.118073 -0.348444 0.301226 -0.114642 -0.379957 -0.075241 0.274065 0.339102 0.351275 0.174208 -0.096163 0.493719 -0.040382 -0.294002 0.286145 -0.163746 -0.124532 -0.608356
14 -0.146763 -0.363683 0.321925 -0.139954 -0.334894 -0.055757 0.243790 0.309485 0.308797 0.181683 -0.121175 0.509432 -0.053601 -0.266168 0.258534 -0.135550 -0.101800 -0.570108
17 -0.079503 -0.289913 0.173823 0.012927 -0.381226 -0.050182 0.296064 0.397728 0.414515 0.098597 -0.022007 0.503272 -0.054411 -0.215897 0.261834 -0.139788 -0.052520 -0.583842
10 -0.069533 -0.296387 0.154822 -0.003172 -0.361701 0.004278 0.321054 0.391845 0.440892 0.056901 -0.023240 0.515487 -0.097130 -0.231268 0.277305 -0.145575 -0.038537 -0.566207
9 -0.087245 -0.292207 0.150685 -0.016693 -0.373586 -0.026764 0.300517 0.411773 0.440574 0.073048 -0.029370 0.519798 -0.072946 -0.274657 0.276901 -0.175446 -0.059848 -0.565171
8 -0.069694 -0.317822 0.192281 0.005465 -0.384166 -0.022369 0.326781 0.422594 0.420547 0.089346 -0.047892 0.490663 -0.086601 -0.261440 0.297205 -0.193683 -0.026504 -0.584022
5 -0.087728 -0.306747 0.159733 -0.002808 -0.318753 -0.052436 0.314830 0.374904 0.411336 0.045927 -0.006334 0.488758 -0.085266 -0.241218 0.275565 -0.202031 -0.058355 -0.592475
