18 18
14 -0.182130 -0.322045 0.284560 -0.104870 0.122133 0.169062 0.386381 0.208712 0.399135 -0.122753 0.144046 0.395905 -0.185529 -0.220706 0.240837 -0.325146 -0.050266 -0.601078
3 -0.216922 -0.318695 0.325604 -0.092355 0.125908 0.153186 0.407813 0.253113 0.407503 -0.154613 0.193481 0.355901 -0.209759 -0.290790 0.266426 -0.410520 -0.009457 -0.681951
4 -0.178938 -0.299276 0.288080 -0.084307 0.121052 0.124436 0.371323 0.284386 0.452898 -0.143291 0.200402 0.395116 -0.146597 -0.273954 0.271322 -0.393686 -0.047716 -0.671804
13 -0.162497 -0.315918 0.298536 -0.118639 0.094153 0.140411 0.390196 0.227906 0.433222 -0.109214 0.161004 0.358495 -0.157235 -0.285060 0.280142 -0.385551 -0.058708 -0.650837
2 -0.171185 -0.356021 0.307112 -0.110846 0.105422 0.165842 0.440745 0.283950 0.447927 -0.144583 0.171238 0.423098 -0.174675 -0.293916 0.294653 -0.427757 -0.062604 -0.684115
9 -0.192848 -0.312418 0.250942 -0.088188 0.114874 0.159739 0.399826 0.248890 0.452001 -0.148092 0.184519 0.410980 -0.185302 -0.252760 0.247036 -0.362529 -0.067098 -0.594732
10 -0.156886 -0.292254 0.241126 -0.075332 0.110557 0.168170 0.386202 0.231329 0.432014 -0.148024 0.182203 0.379598 -0.179621 -0.212253 0.234193 -0.317998 -0.035741 -0.569017
15 -0.201654 -0.322242 0.283120 -0.108010 0.105797 0.179394 0.406212 0.199251 0.408468 -0.145263 0.187325 0.369860 -0.175289 -0.217274 0.258814 -0.360799 -0.066680 -0.616735
17 -0.179905 -0.313020 0.260406 -0.061716 0.083146 0.139362 0.418251 0.233777 0.435131 -0.122310 0.190282 0.410949 -0.171324 -0.202216 0.224134 -0.322101 -0.057212 -0.617948
16 -0.184601 -0.316914 0.288526 -0.092788 0.100285 0.173843 0.450308 0.232671 0.450115 -0.141177 0.164178 0.412067 -0.208663 -0.228863 0.298650 -0.394467 -0.086487 -0.675902
0 -0.180917 -0.323784 0.282019 -0.117818 0.078942 0.152685 0.363472 0.240796 0.412289 -0.126287 0.194357 0.364545 -0.156963 -0.257230 0.285397 -0.383692 -0.016482 -0.627496
8 -0.154797 -0.314943 0.281134 -0.083959 0.064727 0.136768 0.359492 0.223986 0.379780 -0.079778 0.138369 0.326619 -0.167466 -0.242490 0.271253 -0.358684 -0.016837 -0.574344
1 -0.207840 -0.349962 0.314146 -0.115320 0.117330 0.131424 0.395096 0.265886 0.462750 -0.130028 0.158032 0.385119 -0.161912 -0.266202 0.257018 -0.384281 -0.028854 -0.651844
6 -0.163115 -0.334076 0.290802 -0.072854 0.101698 0.162693 0.414882 0.259869 0.435156 -0.125957 0.178213 0.373587 -0.184036 -0.267608 0.295926 -0.380020 -0.055733 -0.654266
5 -0.192513 -0.366671 0.261528 -0.095884 0.132051 0.165306 0.467103 0.214714 0.474185 -0.167808 0.213331 0.437029 -0.215633 -0.234017 0.284697 -0.406034 -0.078106 -0.683064
7 -0.149574 -0.313538 0.266685 -0.106783 0.088175 0.169510 0.395525 0.256344 0.464671 -0.136660 0.163086 0.377933 -0.164715 -0.298305 0.299358 -0.378509 -0.037983 -0.651268
11 -0.182943 -0.307283 0.273429 -0.079845 0.110879 0.124893 0.330070 0.242558 0.405874 -0.139226 0.152411 0.338503 -0.172731 -0.224906 0.276970 -0.368142 -0.042888 -0.590703
12 -0.026600 -0.022358 0.002765 -0.019307 -0.014582 -0.010130 -0.018079 -0.025837 -0.017080 0.018496 0.026502 0.027636 -0.006702 0.013838 0.001462 0.019107 -0.024921 0.008452
