18 18
0 -0.489174 -0.540284 0.441679 -0.389658 -0.163599 0.052749 -0.065292 -0.021026 0.050471 0.175396 0.060536 0.458774 -0.210018 0.090256 0.346840 -0.208968 -0.026585 -0.313966
11 -0.503361 -0.538991 0.452390 -0.350867 -0.129363 0.025167 -0.072404 0.010048 0.083774 0.160158 0.030652 0.481477 -0.232885 0.109701 0.351211 -0.207268 -0.070391 -0.315403
4 -0.484279 -0.497363 0.443807 -0.348526 -0.110363 0.011569 -0.078121 0.012932 0.056868 0.149959 0.073543 0.460207 -0.188813 0.078160 0.315133 -0.202594 -0.040115 -0.341208
3 -0.505971 -0.530145 0.474983 -0.351245 -0.142523 0.026156 -0.030279 0.014114 0.034187 0.166237 0.062422 0.430401 -0.237978 0.032256 0.322423 -0.234229 -0.000791 -0.355998
14 -0.470137 -0.505155 0.438409 -0.373637 -0.106937 0.041997 -0.075644 -0.034399 0.040842 0.177562 0.016823 0.475842 -0.212317 0.107816 0.311026 -0.161923 -0.047785 -0.300054
1 -0.514926 -0.557295 0.486896 -0.370742 -0.132920 -0.007425 -0.063028 0.027473 0.084445 0.188275 0.020131 0.472020 -0.197210 0.077415 0.315331 -0.213171 -0.033685 -0.338463
12 -0.490771 -0.511687 0.430515 -0.378190 -0.142582 0.031110 -0.075462 -0.057730 0.021860 0.191532 0.073125 0.496582 -0.219258 0.125206 0.326210 -0.165019 -0.090528 -0.308520
2 -0.481928 -0.551705 0.463256 -0.380281 -0.163788 0.031033 -0.040078 0.022686 0.034503 0.186087 0.038220 0.497980 -0.208300 0.061084 0.343767 -0.240412 -0.052678 -0.332230
10 -0.497466 -0.560090 0.437380 -0.371748 -0.153891 0.075645 -0.031131 -0.012955 0.109297 0.172146 0.054425 0.521232 -0.256572 0.115860 0.333209 -0.166377 -0.049997 -0.293255
6 -0.465468 -0.533062 0.439593 -0.314922 -0.135325 0.040639 -0.022245 0.027999 0.067988 0.164965 0.047610 0.440533 -0.225060 0.053229 0.334879 -0.201420 -0.043357 -0.333979
8 -0.481980 -0.557962 0.462589 -0.350231 -0.164896 0.042599 -0.024873 0.004603 0.062346 0.196706 0.034377 0.464844 -0.240694 0.069903 0.360451 -0.227712 -0.029380 -0.337708
7 -0.470288 -0.546082 0.432369 -0.366035 -0.170996 0.047757 -0.031671 0.014109 0.094330 0.172510 0.029495 0.474180 -0.215366 0.043540 0.360334 -0.208892 -0.044112 -0.343850
9 -0.495082 -0.543004 0.420394 -0.367581 -0.144780 0.043368 -0.038585 0.016327 0.098244 0.170393 0.045055 0.500118 -0.223300 0.042340 0.322116 -0.207651 -0.055413 -0.299716
17 -0.500408 -0.557727 0.464504 -0.351978 -0.181319 0.019427 -0.030356 0.015782 0.105701 0.211423 0.048084 0.522608 -0.214844 0.095050 0.326980 -0.180985 -0.048332 -0.356279
16 -0.479206 -0.492976 0.440895 -0.371646 -0.134079 0.038549 -0.047455 -0.044162 0.038379 0.177489 0.034967 0.487704 -0.228065 0.132571 0.355080 -0.206536 -0.090704 -0.350611
5 -0.503854 -0.585070 0.424908 -0.369604 -0.125235 0.030021 -0.013766 -0.029971 0.099648 0.145916 0.076067 0.483953 -0.246215 0.080377 0.353873 -0.231847 -0.056442 -0.354329
13 -0.460669 -0.526303 0.445958 -0.377519 -0.164646 0.044938 -0.030218 -0.034754 0.076835 0.197627 0.034864 0.442746 -0.217175 0.062431 0.339445 -0.191735 -0.065948 -0.322526
15 -0.473885 -0.501940 0.425693 -0.360229 -0.125683 0.064816 -0.030833 -0.038545 0.057147 0.152071 0.052504 0.433629 -0.199459 0.091476 0.314241 -0.189611 -0.068808 -0.308746
