18 18
0 -0.256907 -0.466285 0.058428 -0.313139 -0.185405 0.090121 0.099000 0.183027 0.264838 0.013155 0.131536 0.512758 -0.083699 -0.250102 0.372204 -0.471012 -0.211550 -0.164458
16 -0.280401 -0.483600 0.072197 -0.301027 -0.159567 0.069060 0.137127 0.199668 0.325479 0.020636 0.080895 0.583546 -0.109142 -0.238691 0.369631 -0.478055 -0.286445 -0.184511
5 -0.258207 -0.513188 0.033503 -0.286182 -0.122243 0.058169 0.151795 0.184219 0.362748 -0.002853 0.098205 0.589054 -0.112072 -0.251888 0.350671 -0.468668 -0.289433 -0.175444
7 -0.222100 -0.487429 0.020848 -0.279085 -0.170317 0.080055 0.149757 0.223703 0.403563 0.018335 0.047274 0.578493 -0.073963 -0.307198 0.336908 -0.425267 -0.270323 -0.153940
15 -0.306984 -0.468657 0.097770 -0.300095 -0.076980 0.101482 0.123735 0.168170 0.343218 0.005149 0.051248 0.594269 -0.090900 -0.236716 0.300941 -0.395673 -0.358809 -0.124135
2 -0.273856 -0.484942 0.059636 -0.297706 -0.117766 0.072237 0.125055 0.233473 0.331119 0.004364 0.051603 0.628636 -0.076044 -0.276280 0.310924 -0.444609 -0.354028 -0.114880
8 -0.253837 -0.498948 0.068946 -0.277400 -0.173700 0.076626 0.137904 0.204082 0.318179 0.036001 0.085831 0.544998 -0.108356 -0.258261 0.359827 -0.466101 -0.227775 -0.160447
11 -0.308130 -0.495763 0.077815 -0.279738 -0.097079 0.063756 0.100281 0.227325 0.358617 -0.010085 0.055092 0.612203 -0.112365 -0.238733 0.339351 -0.445529 -0.333946 -0.132785
1 -0.291371 -0.498096 0.092104 -0.294461 -0.101023 0.037471 0.126641 0.219253 0.372097 0.019465 0.036346 0.581537 -0.077143 -0.266535 0.292600 -0.433390 -0.290499 -0.148072
12 -0.317390 -0.521710 0.075085 -0.324380 -0.147088 0.060016 0.105774 0.184143 0.330410 0.037629 0.107359 0.637721 -0.101186 -0.254717 0.344750 -0.435741 -0.356064 -0.144064
9 -0.311123 -0.510310 0.049776 -0.321003 -0.126767 0.075276 0.121857 0.223267 0.387120 0.009920 0.078777 0.655301 -0.099853 -0.296440 0.339214 -0.469917 -0.347348 -0.129089
10 -0.281296 -0.499074 0.057013 -0.287349 -0.103357 0.098110 0.144966 0.201360 0.387592 0.000026 0.068225 0.637619 -0.122585 -0.245114 0.318659 -0.413362 -0.321141 -0.121373
13 -0.262978 -0.519400 0.068535 -0.317082 -0.142836 0.066641 0.150774 0.202171 0.390511 0.032851 0.053741 0.620244 -0.094936 -0.304340 0.357636 -0.467160 -0.339652 -0.163913
4 -0.290929 -0.492453 0.071912 -0.306819 -0.140363 0.065284 0.111597 0.248668 0.364810 0.003534 0.109788 0.621262 -0.079325 -0.294338 0.359324 -0.492365 -0.284693 -0.184725
14 -0.286319 -0.500598 0.087269 -0.314282 -0.124135 0.076336 0.107402 0.197500 0.327407 0.032395 0.045143 0.603098 -0.104193 -0.260848 0.337011 -0.436115 -0.290895 -0.147976
3 -0.297957 -0.490330 0.089017 -0.297093 -0.145785 0.076369 0.143335 0.207841 0.307005 0.004410 0.107490 0.562137 -0.124214 -0.296930 0.348546 -0.494024 -0.245390 -0.188333
6 -0.286713 -0.496479 0.080898 -0.272735 -0.101478 0.083626 0.130229 0.229138 0.344113 0.012857 0.074515 0.630594 -0.115815 -0.286051 0.353758 -0.453778 -0.351642 -0.154184
17 -0.254111 -0.497596 0.058269 -0.258917 -0.164950 0.038942 0.158269 0.216764 0.401178 0.046191 0.073617 0.605894 -0.076948 -0.243712 0.307667 -0.402218 -0.284392 -0.183960
