18 18
3 -0.132706 -0.384158 0.373607 -0.316580 -0.248205 -0.037963 0.197577 0.049243 -0.017675 0.159604 0.080324 0.114444 -0.100180 -0.501102 0.324160 -0.461468 0.046480 -0.469850
1 -0.182744 -0.500532 0.370850 -0.381983 -0.221508 -0.008186 0.182426 0.088688 0.145069 0.126979 0.031292 0.205134 -0.101155 -0.451361 0.358522 -0.467793 0.050775 -0.439199
16 -0.175085 -0.510731 0.376834 -0.390033 -0.265594 0.022210 0.221678 0.080073 0.155086 0.141057 0.027429 0.249027 -0.133779 -0.440735 0.424912 -0.500132 0.019644 -0.488459
0 -0.180567 -0.535592 0.364017 -0.414973 -0.262060 0.056324 0.185483 0.074832 0.138462 0.121789 0.077475 0.233654 -0.125629 -0.447681 0.413193 -0.486996 0.077330 -0.431502
13 -0.120671 -0.453453 0.376096 -0.374699 -0.265626 -0.012648 0.205242 0.050464 0.073206 0.173078 0.041153 0.159983 -0.086142 -0.503764 0.378658 -0.472869 0.016864 -0.474074
2 -0.133978 -0.487627 0.372023 -0.378830 -0.260612 0.009544 0.219560 0.093190 0.079887 0.138619 0.045150 0.216075 -0.094380 -0.493938 0.387203 -0.507430 0.021842 -0.464018
15 -0.191228 -0.517345 0.363740 -0.391929 -0.213688 0.068448 0.204879 0.063269 0.161286 0.092768 0.051753 0.226704 -0.124718 -0.413359 0.391556 -0.466817 0.033936 -0.431185
9 -0.186374 -0.507312 0.314575 -0.377856 -0.212421 0.057577 0.186242 0.096495 0.211680 0.091740 0.045385 0.265632 -0.136032 -0.424505 0.369417 -0.446493 0.044343 -0.380956
12 -0.180115 -0.498150 0.359491 -0.389704 -0.258321 -0.005347 0.179274 0.035068 0.084563 0.157733 0.081073 0.228371 -0.112772 -0.447111 0.373351 -0.445901 0.006514 -0.443660
17 -0.150480 -0.473511 0.372501 -0.344261 -0.274641 -0.012255 0.217221 0.096541 0.129039 0.159012 0.055030 0.222450 -0.088286 -0.457238 0.362076 -0.451505 0.044034 -0.495172
8 -0.154678 -0.503148 0.346353 -0.350497 -0.253578 0.045045 0.201057 0.082204 0.139620 0.137366 0.036534 0.219208 -0.135027 -0.418151 0.391690 -0.456902 0.058324 -0.407066
7 -0.138343 -0.494021 0.314623 -0.368440 -0.259161 0.064373 0.203417 0.104806 0.211316 0.103759 0.016715 0.244084 -0.117600 -0.444495 0.403741 -0.441206 0.062961 -0.428219
6 -0.149155 -0.504972 0.362806 -0.348975 -0.242041 0.042170 0.216342 0.097008 0.130496 0.129526 0.053174 0.215497 -0.123518 -0.459650 0.405889 -0.469041 0.038816 -0.464787
5 -0.135764 -0.474105 0.329288 -0.348661 -0.217265 -0.010101 0.222978 0.053704 0.113974 0.113144 0.078115 0.202689 -0.114661 -0.460967 0.377536 -0.490050 0.022082 -0.482233
4 -0.142051 -0.431878 0.362901 -0.347797 -0.231938 -0.017247 0.178325 0.096701 0.089386 0.122602 0.086090 0.193224 -0.081089 -0.481380 0.365249 -0.478629 0.039599 -0.483445
14 -0.162152 -0.466841 0.351794 -0.366019 -0.199918 0.031696 0.165209 0.055889 0.098524 0.126940 0.016669 0.210281 -0.118781 -0.409062 0.346912 -0.420767 0.049576 -0.397397
10 -0.197084 -0.567386 0.314333 -0.395039 -0.176129 0.134315 0.202674 0.101797 0.292729 0.032725 0.053949 0.309402 -0.186851 -0.358661 0.394738 -0.426165 0.090534 -0.357252
11 -0.205267 -0.547799 0.344880 -0.372982 -0.188229 0.069700 0.169396 0.123414 0.237331 0.051341 0.041712 0.264195 -0.164246 -0.387842 0.411806 -0.472084 0.065301 -0.392652
