18 18
7 -0.209710 -0.519862 0.243086 -0.271459 -0.117115 -0.173161 0.161987 0.254235 0.549842 0.042040 -0.077315 0.399358 -0.019488 -0.286011 0.276302 -0.358954 -0.216767 -0.385745
13 -0.230074 -0.520805 0.296579 -0.271598 -0.099389 -0.207474 0.163268 0.230836 0.509784 0.064328 -0.067664 0.366299 -0.023828 -0.265690 0.249444 -0.370795 -0.219682 -0.398120
15 -0.262063 -0.559936 0.281136 -0.317974 -0.062654 -0.126280 0.188989 0.242594 0.574021 0.004872 -0.071839 0.429309 -0.014787 -0.287753 0.291973 -0.403069 -0.279089 -0.406406
16 -0.273103 -0.561422 0.307505 -0.275191 -0.110227 -0.215067 0.197464 0.252482 0.545540 0.058042 -0.067623 0.432390 -0.058861 -0.244283 0.290898 -0.416623 -0.250813 -0.450366
1 -0.283530 -0.566433 0.318274 -0.275726 -0.086092 -0.233458 0.169207 0.272310 0.537114 0.049874 -0.066381 0.391478 -0.026776 -0.262097 0.239355 -0.399839 -0.191459 -0.420082
2 -0.207244 -0.520244 0.254864 -0.253103 -0.091504 -0.191247 0.180849 0.266952 0.488604 0.029585 -0.059221 0.409120 -0.017672 -0.250713 0.237760 -0.388618 -0.223013 -0.367167
11 -0.273304 -0.527784 0.284147 -0.246348 -0.069717 -0.200373 0.139380 0.268187 0.529222 0.010864 -0.052839 0.393829 -0.046989 -0.233525 0.272349 -0.388880 -0.217465 -0.401731
12 -0.301653 -0.591475 0.307157 -0.293241 -0.120821 -0.231200 0.159510 0.239306 0.533153 0.072409 -0.026534 0.448636 -0.048440 -0.251502 0.269263 -0.381154 -0.246531 -0.422023
17 -0.245658 -0.535562 0.278737 -0.246211 -0.109687 -0.216749 0.181558 0.263640 0.552488 0.062525 -0.046651 0.429349 -0.011761 -0.236958 0.236558 -0.356207 -0.221322 -0.423100
4 -0.256744 -0.495187 0.285196 -0.240519 -0.075419 -0.230583 0.136756 0.266581 0.511143 0.033098 -0.017932 0.391353 -0.015021 -0.249164 0.233902 -0.373431 -0.200395 -0.422085
5 -0.232412 -0.547983 0.243286 -0.266101 -0.058193 -0.192429 0.193860 0.227510 0.561377 0.012384 -0.036525 0.423185 -0.049222 -0.257418 0.273040 -0.400832 -0.245800 -0.418472
8 -0.268796 -0.545626 0.320545 -0.236077 -0.124768 -0.216718 0.171051 0.245183 0.468255 0.076909 -0.043395 0.369836 -0.063408 -0.223531 0.247018 -0.382882 -0.157037 -0.401607
9 -0.221955 -0.525373 0.230724 -0.287388 -0.091445 -0.156912 0.169484 0.262359 0.574150 0.038799 -0.080223 0.432794 -0.017038 -0.307772 0.269142 -0.379848 -0.263494 -0.359624
3 -0.306038 -0.553169 0.343254 -0.265112 -0.105083 -0.229987 0.185156 0.267824 0.503667 0.049556 -0.037290 0.386406 -0.059924 -0.288680 0.236993 -0.408295 -0.174463 -0.450488
10 -0.235329 -0.524646 0.254960 -0.243353 -0.073085 -0.170881 0.168564 0.248346 0.531878 0.014378 -0.031033 0.415398 -0.055270 -0.211382 0.239362 -0.345444 -0.202176 -0.365506
6 -0.244108 -0.587022 0.294210 -0.278361 -0.088572 -0.167651 0.204389 0.292680 0.584777 0.042186 -0.071633 0.438124 -0.031129 -0.320541 0.309071 -0.409059 -0.272144 -0.438802
14 -0.231534 -0.533085 0.276577 -0.288029 -0.060825 -0.158652 0.154694 0.243086 0.518526 0.039650 -0.097134 0.413259 -0.031109 -0.271524 0.261185 -0.368306 -0.220963 -0.378659
0 -0.005399 -0.014495 0.001279 -0.026652 -0.021820 0.016369 -0.010898 -0.008016 -0.006711 0.000758 0.022893 0.001004 0.004839 -0.000095 0.023655 -0.011355 0.019530 -0.003746
