18 18
0 -0.181491 -0.512849 0.045556 -0.437239 -0.174308 0.042797 0.145883 -0.108498 0.190637 -0.038671 0.355852 0.416639 -0.119308 -0.315292 0.322782 -0.357628 -0.042972 -0.331311
2 -0.147656 -0.597097 -0.013990 -0.428717 -0.193091 0.030135 0.216027 -0.054738 0.222605 -0.061090 0.401957 0.510319 -0.126468 -0.391671 0.303871 -0.396921 -0.063790 -0.307488
8 -0.167737 -0.550204 0.023350 -0.349316 -0.163778 0.044636 0.192321 -0.072979 0.229791 -0.029650 0.341684 0.439067 -0.189113 -0.307600 0.326624 -0.356981 -0.032097 -0.304615
17 -0.176789 -0.582982 -0.000810 -0.371300 -0.195098 0.012185 0.217910 -0.052809 0.276108 -0.037716 0.410884 0.507526 -0.146100 -0.335246 0.294947 -0.346083 -0.047802 -0.345400
5 -0.182889 -0.595397 -0.047226 -0.390272 -0.141221 0.008249 0.228643 -0.103424 0.277410 -0.098804 0.451494 0.509325 -0.186967 -0.332992 0.328365 -0.405267 -0.068443 -0.361442
9 -0.165258 -0.543224 -0.094907 -0.302226 -0.167095 0.061656 0.225824 -0.047879 0.289913 -0.085418 0.422334 0.528318 -0.215198 -0.306350 0.308427 -0.343305 -0.075965 -0.251842
7 -0.156751 -0.572289 -0.020590 -0.402641 -0.186973 0.044917 0.197950 -0.066351 0.277464 -0.061317 0.380563 0.483725 -0.161301 -0.379494 0.330044 -0.358185 -0.039906 -0.326179
1 -0.230333 -0.597709 0.086268 -0.487534 -0.136518 -0.031380 0.151770 -0.071747 0.248200 -0.047707 0.367686 0.433975 -0.105952 -0.404697 0.297551 -0.410996 -0.012127 -0.390998
13 -0.165966 -0.534930 0.130535 -0.508036 -0.141593 0.000077 0.114415 -0.112822 0.194769 0.018297 0.257511 0.343760 -0.071622 -0.406260 0.289496 -0.341480 -0.038533 -0.341681
10 -0.155082 -0.558696 -0.042909 -0.336257 -0.153256 0.066228 0.225804 -0.062482 0.290331 -0.080495 0.404635 0.504376 -0.203077 -0.302706 0.304952 -0.328204 -0.049239 -0.283445
12 -0.196219 -0.542086 0.022554 -0.397594 -0.162585 0.015147 0.147813 -0.100079 0.202194 -0.029360 0.371336 0.457323 -0.154260 -0.312556 0.301212 -0.327992 -0.077804 -0.300030
3 -0.208705 -0.539400 0.043212 -0.387397 -0.148234 0.019982 0.190275 -0.079757 0.199763 -0.063332 0.391683 0.427270 -0.174233 -0.361396 0.288278 -0.377542 -0.012925 -0.347643
4 -0.225488 -0.586865 0.088576 -0.511400 -0.150044 -0.017655 0.140808 -0.081127 0.227256 -0.058243 0.419916 0.466640 -0.102596 -0.433631 0.327416 -0.435476 -0.025371 -0.430439
6 -0.161557 -0.570219 -0.040377 -0.316585 -0.158176 0.038621 0.239189 -0.048289 0.271540 -0.082392 0.442575 0.496460 -0.197991 -0.341793 0.342295 -0.379341 -0.077606 -0.349828
15 -0.218483 -0.498416 0.077197 -0.423008 -0.143992 0.052426 0.171182 -0.144013 0.183416 -0.049128 0.341153 0.393313 -0.123174 -0.271411 0.329261 -0.367860 -0.102860 -0.373244
14 -0.195930 -0.558306 0.125877 -0.479516 -0.121286 0.024649 0.104563 -0.088846 0.185317 0.006179 0.257578 0.395627 -0.122657 -0.378874 0.281946 -0.326824 0.010333 -0.312927
11 -0.193827 -0.561026 0.012863 -0.360367 -0.137119 0.022950 0.163615 -0.046837 0.258707 -0.075808 0.362073 0.460986 -0.184411 -0.317059 0.329701 -0.371250 -0.053747 -0.310350
16 -0.205284 -0.477510 0.090442 -0.432218 -0.155073 0.030028 0.162771 -0.135722 0.181339 -0.024129 0.300449 0.406005 -0.140197 -0.279379 0.354564 -0.385877 -0.106233 -0.394976
