18 18
2 -0.016446 -0.147321 0.118125 -0.025643 0.188343 -0.110473 0.237595 0.418021 -0.016777 -0.305236 0.292681 0.118232 0.001696 -0.676149 0.154346 -0.828517 0.072482 -0.486809
14 -0.183014 -0.399010 0.411304 -0.245936 0.029722 0.045734 0.180960 0.288028 0.129443 -0.080664 0.153146 0.256489 -0.021312 -0.364577 0.405423 -0.596515 -0.064171 -0.581627
10 -0.177264 -0.370398 0.354806 -0.198679 0.071508 0.025298 0.212888 0.327594 0.162141 -0.159684 0.213157 0.264218 -0.034143 -0.375809 0.364046 -0.644740 -0.050062 -0.573982
3 0.004444 0.004209 -0.015649 0.125696 0.374903 -0.227886 0.296847 0.505269 -0.117630 -0.513233 0.474071 0.004052 -0.076308 -0.962935 0.000759 -1.064707 0.246026 -0.553525
16 -0.195277 -0.389711 0.402783 -0.244278 -0.021556 0.040448 0.182046 0.245383 0.151928 -0.051797 0.112484 0.268172 -0.031583 -0.233545 0.434375 -0.554347 -0.141476 -0.554331
12 -0.249812 -0.481360 0.473793 -0.308892 -0.072915 0.074410 0.144706 0.216494 0.157607 0.010227 0.139021 0.309710 -0.023011 -0.201522 0.474617 -0.483250 -0.170058 -0.549774
13 -0.185770 -0.451488 0.470591 -0.298327 -0.054559 0.072575 0.194084 0.242873 0.163678 -0.007723 0.135890 0.256052 -0.007680 -0.311919 0.495952 -0.571244 -0.152078 -0.612988
0 -0.145341 -0.322217 0.307412 -0.190617 0.041242 0.006734 0.175658 0.274751 0.080488 -0.137533 0.222882 0.197441 -0.025368 -0.390028 0.359399 -0.648028 -0.030022 -0.542340
1 -0.122753 -0.242731 0.228593 -0.098679 0.165877 -0.105455 0.206693 0.379039 0.064008 -0.243706 0.260013 0.139041 -0.012711 -0.568700 0.206036 -0.758827 0.057234 -0.530409
6 -0.133983 -0.359942 0.354493 -0.179296 -0.001666 0.044848 0.199619 0.311198 0.113528 -0.077247 0.172786 0.204297 -0.008230 -0.399595 0.394119 -0.584839 -0.079016 -0.543212
17 -0.213749 -0.438023 0.439970 -0.249444 -0.058122 0.039389 0.180059 0.258224 0.195150 -0.010197 0.140560 0.300625 -0.006389 -0.229065 0.435446 -0.505325 -0.130244 -0.587008
15 -0.178446 -0.358000 0.363251 -0.221047 0.027099 0.047141 0.192947 0.258075 0.119325 -0.102361 0.177204 0.213041 -0.006175 -0.352641 0.375709 -0.593467 -0.088071 -0.549811
11 -0.254554 -0.455226 0.451521 -0.264358 -0.016581 0.042055 0.136293 0.257535 0.191433 -0.053603 0.113639 0.286591 -0.044959 -0.181577 0.465431 -0.523780 -0.146747 -0.544312
7 -0.099349 -0.319915 0.296468 -0.193000 -0.010861 0.051253 0.189481 0.303426 0.133526 -0.099001 0.156952 0.204326 0.013182 -0.424590 0.372702 -0.578365 -0.052559 -0.513166
8 -0.121828 -0.370373 0.354487 -0.192190 -0.014649 0.046876 0.204954 0.290467 0.102910 -0.064294 0.160106 0.207603 -0.016935 -0.394816 0.402939 -0.616956 -0.060899 -0.535414
4 0.014450 -0.008135 0.005713 0.093920 0.329926 -0.213888 0.242006 0.483659 -0.062185 -0.452978 0.433496 0.052583 -0.013739 -0.859400 0.049955 -0.991366 0.178087 -0.556474
5 0.043024 -0.011135 -0.074562 0.109289 0.336519 -0.215570 0.263145 0.408129 -0.066078 -0.448935 0.411274 0.020596 -0.048154 -0.824891 0.012610 -0.937329 0.178350 -0.476166
9 -0.054565 -0.174743 0.135002 -0.069531 0.131541 -0.057767 0.206271 0.355208 0.059843 -0.229549 0.258574 0.137997 -0.007885 -0.595155 0.204720 -0.713454 0.030831 -0.466613
