18 18
12 -0.174859 -0.396233 0.175291 -0.188693 -0.197552 0.105744 0.280446 -0.141640 0.142289 0.047295 0.149658 0.482267 -0.210821 0.255734 0.467291 -0.243250 -0.523587 -0.383831
4 -0.169373 -0.378708 0.205612 -0.168185 -0.180217 0.107021 0.302721 -0.092588 0.162165 0.015571 0.152892 0.479888 -0.201129 0.244252 0.487518 -0.296819 -0.534233 -0.440639
11 -0.180676 -0.435241 0.183785 -0.149579 -0.179011 0.128873 0.301385 -0.085267 0.204392 -0.007216 0.139100 0.460471 -0.242631 0.269394 0.508442 -0.291905 -0.497619 -0.390064
6 -0.163523 -0.414316 0.201799 -0.141403 -0.190042 0.141874 0.323324 -0.093154 0.168220 0.026491 0.152493 0.462426 -0.231278 0.248639 0.499417 -0.266972 -0.517770 -0.421363
13 -0.135359 -0.389717 0.177978 -0.198567 -0.197714 0.119062 0.302552 -0.137514 0.170430 0.041227 0.109584 0.431906 -0.198315 0.217007 0.492854 -0.277003 -0.519602 -0.392252
15 -0.205369 -0.416741 0.210572 -0.173640 -0.171006 0.152074 0.325682 -0.132719 0.167416 0.003189 0.158305 0.443286 -0.217836 0.260484 0.464979 -0.273277 -0.508223 -0.405955
17 -0.191851 -0.435208 0.172224 -0.104386 -0.208811 0.109147 0.343129 -0.095280 0.245488 0.026281 0.210647 0.483842 -0.230931 0.293433 0.429027 -0.218883 -0.442860 -0.421799
10 -0.182433 -0.426821 0.159929 -0.123678 -0.167125 0.166867 0.323059 -0.105554 0.233235 -0.018609 0.197614 0.445732 -0.256955 0.289512 0.442114 -0.219170 -0.429476 -0.359904
0 -0.194009 -0.441252 0.168435 -0.163326 -0.198596 0.155426 0.294757 -0.111207 0.210995 -0.009528 0.210504 0.443600 -0.234678 0.269112 0.496565 -0.268501 -0.426330 -0.397746
16 -0.117893 -0.350106 0.187272 -0.204243 -0.203599 0.104717 0.321775 -0.129834 0.114738 0.053741 0.054404 0.467194 -0.199510 0.239392 0.502729 -0.313386 -0.570365 -0.407747
5 -0.170926 -0.443183 0.121726 -0.132313 -0.156161 0.121730 0.329936 -0.133805 0.246228 -0.019307 0.207436 0.458106 -0.250943 0.270929 0.459805 -0.259248 -0.441447 -0.393919
3 -0.203350 -0.408631 0.204673 -0.139213 -0.176884 0.125365 0.333536 -0.108752 0.166180 0.001332 0.185248 0.443386 -0.257822 0.241358 0.455209 -0.277744 -0.464667 -0.425147
2 -0.112275 -0.394117 0.183260 -0.203351 -0.201466 0.128459 0.330468 -0.108451 0.107800 0.035362 0.088402 0.474201 -0.190209 0.212026 0.482621 -0.314103 -0.551296 -0.365157
14 -0.160653 -0.387576 0.207601 -0.190518 -0.165384 0.127283 0.276781 -0.117467 0.127964 0.038726 0.093511 0.445704 -0.209545 0.223308 0.457101 -0.256709 -0.471519 -0.379810
7 -0.125312 -0.392470 0.156961 -0.183787 -0.209415 0.144405 0.320588 -0.109251 0.181567 0.018051 0.108619 0.466434 -0.207974 0.217559 0.504948 -0.280617 -0.514471 -0.394498
8 -0.182888 -0.460267 0.186119 -0.125154 -0.201399 0.155967 0.334998 -0.101869 0.213190 0.021305 0.175324 0.437521 -0.255261 0.263916 0.474697 -0.259495 -0.424220 -0.376840
1 -0.027660 -0.027217 0.026180 -0.019122 0.012075 -0.026796 -0.004699 0.019366 0.022084 0.001540 -0.016522 -0.005216 0.015504 -0.011155 -0.013895 -0.016653 0.015775 -0.011908
9 -0.008402 0.003844 -0.023332 -0.006576 0.000593 0.000225 -0.003692 0.013429 0.026437 -0.004111 0.005667 0.021814 0.003016 -0.025362 -0.007905 -0.006482 -0.012628 0.018993
