18 18
6 -0.214107 -0.503550 0.274882 -0.155372 -0.120931 0.217170 0.350675 0.055458 0.386100 -0.008068 0.034246 0.141309 -0.147698 -0.235163 0.531088 -0.412658 -0.193832 -0.569423
15 -0.225904 -0.461835 0.243058 -0.186597 -0.084678 0.222797 0.310062 0.001565 0.359558 -0.047024 0.044401 0.124607 -0.133406 -0.202616 0.478858 -0.386792 -0.181818 -0.503533
13 -0.195815 -0.475002 0.258254 -0.198663 -0.123163 0.197835 0.323977 0.017612 0.379447 -0.002099 0.015812 0.121096 -0.114787 -0.239102 0.490319 -0.391290 -0.194173 -0.514157
11 -0.237920 -0.507595 0.261394 -0.168870 -0.100806 0.196126 0.304147 0.056522 0.398348 -0.041516 0.018007 0.152719 -0.163674 -0.206920 0.523906 -0.422976 -0.176106 -0.518967
9 -0.211988 -0.460281 0.217795 -0.192351 -0.111388 0.195046 0.300121 0.042072 0.389329 -0.021011 0.031702 0.150490 -0.110161 -0.248008 0.452514 -0.376828 -0.178888 -0.463600
17 -0.213369 -0.482982 0.266395 -0.150951 -0.155563 0.189777 0.342715 0.055932 0.388714 0.017883 0.031595 0.169174 -0.126523 -0.197557 0.484618 -0.373072 -0.173988 -0.542788
8 -0.219990 -0.539135 0.296710 -0.171810 -0.167679 0.237957 0.371535 0.050082 0.393307 0.025276 0.008393 0.158823 -0.170420 -0.227132 0.555385 -0.427922 -0.168723 -0.549773
1 -0.217839 -0.466345 0.252386 -0.183832 -0.097225 0.155768 0.283199 0.053800 0.365494 -0.014733 0.007477 0.117997 -0.101147 -0.216946 0.424717 -0.372080 -0.135512 -0.465802
3 -0.246576 -0.503655 0.287678 -0.185703 -0.116757 0.212549 0.354659 0.040249 0.375470 -0.031419 0.041956 0.123188 -0.164243 -0.273330 0.504573 -0.440106 -0.156602 -0.563191
5 -0.207222 -0.497826 0.211218 -0.183289 -0.084607 0.201524 0.339097 -0.003454 0.403793 -0.046997 0.050248 0.158948 -0.156721 -0.216848 0.507435 -0.420071 -0.190735 -0.534982
7 -0.195286 -0.487982 0.227684 -0.190710 -0.134321 0.225563 0.329723 0.038116 0.414749 -0.029816 0.019431 0.146799 -0.132641 -0.255414 0.522114 -0.400192 -0.172903 -0.527811
0 -0.222710 -0.501951 0.266340 -0.199696 -0.146563 0.223710 0.323415 0.029467 0.368459 -0.007167 0.047716 0.146148 -0.133536 -0.209406 0.517925 -0.404477 -0.158373 -0.522071
2 -0.175330 -0.442889 0.227626 -0.176679 -0.118371 0.183431 0.300729 0.055209 0.317276 -0.019638 0.018445 0.134557 -0.095872 -0.232262 0.429600 -0.378633 -0.163801 -0.446679
16 -0.216816 -0.473178 0.262587 -0.173542 -0.126710 0.205591 0.352114 0.024114 0.383866 -0.001914 0.003482 0.158776 -0.156125 -0.195005 0.526174 -0.416403 -0.207757 -0.557606
14 -0.237130 -0.531313 0.294389 -0.210444 -0.112095 0.233000 0.328367 0.023576 0.382881 -0.004453 0.003260 0.162046 -0.162544 -0.240675 0.533808 -0.415730 -0.165761 -0.552204
10 0.005737 -0.002757 -0.014246 0.006132 0.011972 0.026533 0.015869 -0.001352 0.023172 -0.019827 0.015226 0.016952 -0.017475 0.021206 -0.010712 0.022008 0.009309 0.018390
12 -0.026600 -0.022358 0.002765 -0.019307 -0.014582 -0.010130 -0.018079 -0.025837 -0.017080 0.018496 0.026502 0.027636 -0.006702 0.013838 0.001462 0.019107 -0.024921 0.008452
4 -0.000863 0.026536 0.000487 0.011658 0.016931 -0.018308 -0.024615 0.027506 0.003913 -0.015616 0.024595 0.006644 0.019102 -0.007194 -0.007301 -0.006238 0.005807 -0.017039
