18 18
2 -0.187200 -0.471125 0.340843 -0.340346 -0.150700 -0.032946 0.240211 0.214214 0.107424 0.002334 0.177037 0.339106 0.083990 -0.338992 0.191683 -0.540829 0.074117 -0.490834
1 -0.226620 -0.479659 0.372895 -0.349654 -0.146822 -0.067999 0.217746 0.198968 0.150240 0.031194 0.147855 0.313511 0.089878 -0.315423 0.186122 -0.504254 0.089233 -0.511720
3 -0.226675 -0.450914 0.365780 -0.308234 -0.134650 -0.046253 0.244745 0.203043 0.109417 -0.006238 0.193775 0.297035 0.039895 -0.340132 0.185078 -0.533796 0.105811 -0.527150
15 -0.216766 -0.460435 0.360504 -0.363596 -0.159151 0.000625 0.249605 0.117606 0.123137 0.038689 0.164872 0.305009 0.077029 -0.277559 0.202694 -0.483145 0.042709 -0.507664
14 -0.217494 -0.473740 0.382437 -0.375303 -0.162761 -0.024937 0.209016 0.138272 0.104291 0.064995 0.142916 0.325950 0.070507 -0.286040 0.193960 -0.454451 0.089319 -0.500779
11 -0.230262 -0.477995 0.350983 -0.307873 -0.124200 -0.056329 0.209633 0.239444 0.154991 -0.029627 0.183975 0.328010 0.056218 -0.312375 0.223461 -0.550536 0.072671 -0.519559
12 -0.244493 -0.506429 0.370470 -0.383043 -0.187167 -0.047430 0.220191 0.156289 0.126051 0.050695 0.202437 0.367590 0.079247 -0.307289 0.213125 -0.505861 0.047386 -0.528379
17 -0.207760 -0.469994 0.359991 -0.326521 -0.198290 -0.048234 0.247767 0.179583 0.157651 0.060083 0.175591 0.345770 0.090066 -0.284114 0.191669 -0.469449 0.078770 -0.543504
6 -0.197805 -0.463067 0.353177 -0.263137 -0.127916 -0.045997 0.248087 0.269433 0.133993 -0.014292 0.200785 0.310922 0.048813 -0.351387 0.211247 -0.544745 0.102538 -0.545608
4 -0.215528 -0.442844 0.357230 -0.310042 -0.130618 -0.065731 0.199018 0.250368 0.133818 -0.012241 0.212958 0.326205 0.090259 -0.338348 0.190563 -0.529231 0.106647 -0.534231
8 -0.205407 -0.483094 0.355369 -0.292543 -0.151232 -0.039834 0.238449 0.234889 0.134722 0.009026 0.181697 0.322425 0.043310 -0.325254 0.214918 -0.539507 0.106436 -0.507669
16 -0.196168 -0.443307 0.350264 -0.310299 -0.159033 -0.038027 0.262490 0.185824 0.131809 0.020192 0.152792 0.321987 0.048872 -0.289095 0.221631 -0.520497 0.054689 -0.540979
0 -0.200865 -0.462060 0.347735 -0.365523 -0.188189 -0.013466 0.220951 0.148986 0.118943 0.044000 0.182684 0.313587 0.078705 -0.283206 0.213664 -0.477682 0.096122 -0.503968
5 -0.195091 -0.469295 0.316222 -0.319805 -0.126683 -0.045183 0.254668 0.147056 0.152195 0.004270 0.185870 0.327604 0.047039 -0.286806 0.208046 -0.511985 0.060586 -0.525872
13 -0.181697 -0.456336 0.362239 -0.369192 -0.187949 -0.034494 0.242306 0.136916 0.134874 0.066226 0.145579 0.301241 0.087949 -0.314336 0.209222 -0.472548 0.041770 -0.504133
7 -0.170508 -0.428878 0.314273 -0.311933 -0.172510 -0.013471 0.223179 0.179177 0.144597 0.022927 0.151387 0.294563 0.066739 -0.314932 0.206680 -0.457225 0.093104 -0.489711
9 -0.205110 -0.442093 0.308349 -0.312623 -0.142707 -0.038596 0.223546 0.218296 0.161296 -0.001746 0.180327 0.334580 0.070548 -0.336073 0.185976 -0.512114 0.061368 -0.476654
10 -0.195479 -0.458819 0.337008 -0.321927 -0.147018 -0.011332 0.251109 0.189953 0.154171 0.005131 0.185152 0.337357 0.052609 -0.291380 0.190344 -0.483441 0.091307 -0.498914
