18 18
3 -0.259496 -0.358190 0.197382 -0.211835 -0.377115 0.103500 0.109048 0.078667 -0.021487 0.132062 0.211917 0.464534 -0.267963 -0.220981 0.376915 -0.249082 -0.131514 -0.267541
2 -0.222288 -0.347271 0.147911 -0.267111 -0.475826 0.122135 0.081448 0.104702 -0.052281 0.150519 0.210924 0.553017 -0.250643 -0.250733 0.447281 -0.299344 -0.216279 -0.211588
11 -0.291402 -0.382386 0.199716 -0.250499 -0.450009 0.107236 0.054009 0.107404 -0.007003 0.145450 0.220958 0.546984 -0.265138 -0.200753 0.439804 -0.259113 -0.195945 -0.239839
12 -0.266360 -0.422931 0.175856 -0.221071 -0.374484 0.074033 0.107762 0.072753 0.001605 0.138927 0.238249 0.496265 -0.259080 -0.204143 0.398420 -0.260100 -0.169984 -0.263763
7 -0.219502 -0.377727 0.139651 -0.237127 -0.427373 0.123444 0.099757 0.095044 0.034389 0.135292 0.207677 0.517717 -0.246804 -0.244553 0.441745 -0.255377 -0.175373 -0.253524
13 -0.226499 -0.457919 0.164479 -0.229968 -0.348188 0.074042 0.153697 0.096723 0.079683 0.114385 0.214453 0.494704 -0.264073 -0.263308 0.470791 -0.342600 -0.198172 -0.327431
16 -0.262337 -0.425244 0.172550 -0.255144 -0.428105 0.115619 0.127237 0.086381 0.031017 0.149849 0.222007 0.579848 -0.298507 -0.218629 0.501508 -0.329793 -0.216892 -0.312689
14 -0.346966 -0.419307 0.299752 -0.274736 -0.444785 0.142609 0.056424 0.050221 -0.011434 0.234837 0.219204 0.602305 -0.246180 -0.167917 0.374766 -0.131267 -0.161711 -0.306530
1 -0.249644 -0.647101 0.186112 -0.109875 -0.098767 -0.029311 0.280071 0.188069 0.265939 -0.000904 0.195313 0.394191 -0.261838 -0.248065 0.425208 -0.449223 -0.070067 -0.484359
6 -0.238624 -0.613070 0.171178 -0.129768 -0.213190 0.046042 0.269528 0.174988 0.195632 0.039425 0.242026 0.478389 -0.313596 -0.277090 0.510719 -0.444206 -0.137532 -0.463418
8 -0.261534 -0.386053 0.201714 -0.236800 -0.445479 0.127816 0.085319 0.079537 -0.016633 0.180023 0.211970 0.523408 -0.264701 -0.198572 0.420007 -0.238247 -0.154824 -0.237321
9 -0.248433 -0.377457 0.121529 -0.258133 -0.422833 0.112288 0.091526 0.098213 0.036107 0.130783 0.227785 0.553643 -0.261490 -0.257841 0.458531 -0.315176 -0.210080 -0.239351
4 -0.295944 -0.333009 0.225055 -0.244220 -0.443343 0.108866 0.031458 0.086024 -0.026093 0.180369 0.250976 0.548463 -0.214919 -0.188939 0.367330 -0.171278 -0.169711 -0.259657
0 -0.275920 -0.464899 0.191633 -0.265186 -0.413258 0.118463 0.121633 0.085735 0.043495 0.140639 0.256206 0.547374 -0.267941 -0.233154 0.482295 -0.314821 -0.159394 -0.326607
15 -0.361100 -0.464806 0.297492 -0.258442 -0.403384 0.133600 0.123426 0.042678 0.036953 0.178052 0.245879 0.539496 -0.233175 -0.161920 0.384144 -0.191541 -0.172079 -0.358247
10 -0.263463 -0.445080 0.172882 -0.217852 -0.366957 0.119605 0.134637 0.103112 0.074496 0.110426 0.245359 0.546848 -0.282206 -0.200713 0.427631 -0.262281 -0.167308 -0.290206
5 -0.243543 -0.713580 0.143226 -0.112713 -0.106695 0.000629 0.346855 0.148856 0.291576 -0.024905 0.255889 0.472856 -0.345100 -0.264971 0.520042 -0.518258 -0.124147 -0.543320
17 -0.334876 -0.490614 0.286650 -0.196623 -0.411474 0.071096 0.154916 0.113719 0.096109 0.199837 0.249265 0.576650 -0.234232 -0.176124 0.372642 -0.197537 -0.136661 -0.409515
