18 18
11 -0.225770 -0.624713 0.223768 -0.077661 0.006163 0.056643 0.327959 0.088837 0.204254 0.067387 0.046280 0.412296 -0.460857 -0.330661 0.347888 -0.473488 -0.149520 -0.262887
6 -0.191805 -0.636161 0.212597 -0.066296 -0.001670 0.086513 0.384924 0.056727 0.196740 0.104557 0.079664 0.415529 -0.471730 -0.364139 0.343105 -0.439647 -0.160282 -0.288620
13 -0.186144 -0.619896 0.220872 -0.106830 -0.013171 0.066493 0.378565 0.042602 0.205647 0.108805 0.046264 0.404743 -0.451613 -0.382913 0.330565 -0.462248 -0.161624 -0.279283
9 -0.221192 -0.629046 0.200146 -0.094353 -0.000435 0.073782 0.366065 0.086084 0.223844 0.085042 0.052661 0.452568 -0.475521 -0.376699 0.315580 -0.486205 -0.137189 -0.233330
3 -0.236251 -0.620833 0.241765 -0.091164 0.001241 0.068873 0.387591 0.040893 0.157518 0.089985 0.082275 0.395928 -0.490672 -0.379853 0.305648 -0.476046 -0.120042 -0.286298
12 -0.223360 -0.604835 0.202355 -0.100870 -0.016558 0.057154 0.317625 0.032971 0.163892 0.102441 0.078286 0.418840 -0.439308 -0.304819 0.302060 -0.412349 -0.151356 -0.224974
5 -0.186429 -0.606216 0.169562 -0.091473 0.025413 0.062462 0.357139 0.027237 0.200300 0.057908 0.069666 0.413156 -0.448686 -0.315638 0.317657 -0.451303 -0.145569 -0.258600
17 -0.218256 -0.647727 0.232964 -0.067822 -0.031848 0.056211 0.388378 0.081948 0.222821 0.124311 0.066912 0.460375 -0.468135 -0.342729 0.315104 -0.448567 -0.135570 -0.289702
14 -0.208723 -0.628049 0.231881 -0.109030 0.020311 0.082234 0.341048 0.046715 0.168107 0.099719 0.030094 0.424851 -0.465118 -0.344975 0.315030 -0.438661 -0.123446 -0.248357
8 -0.193955 -0.635746 0.225171 -0.073345 -0.011150 0.085567 0.377962 0.062934 0.186174 0.108130 0.042296 0.411065 -0.485596 -0.330488 0.331753 -0.471518 -0.103968 -0.243280
15 -0.222921 -0.619127 0.227191 -0.113431 0.002669 0.094032 0.363023 0.025625 0.183545 0.081426 0.067075 0.401151 -0.435566 -0.327846 0.326440 -0.448971 -0.167972 -0.271432
7 -0.189561 -0.645945 0.197843 -0.094155 -0.027158 0.095074 0.388473 0.068596 0.229967 0.093546 0.052010 0.446456 -0.478727 -0.388058 0.350973 -0.464818 -0.133508 -0.274778
2 -0.181300 -0.610371 0.204647 -0.092916 -0.012462 0.067341 0.363166 0.078655 0.167398 0.082510 0.046000 0.422974 -0.429900 -0.355395 0.313357 -0.470730 -0.155276 -0.243248
10 -0.189945 -0.614775 0.193147 -0.077405 0.017502 0.103513 0.379009 0.052094 0.210700 0.065425 0.073179 0.425584 -0.479806 -0.318424 0.306204 -0.429221 -0.120729 -0.234838
16 -0.003066 0.009981 0.006043 0.000869 -0.007381 -0.001770 0.017455 -0.006904 0.000948 0.004908 -0.016488 0.011175 -0.012361 0.022003 0.021550 -0.015661 -0.025305 -0.027720
1 -0.027660 -0.027217 0.026180 -0.019122 0.012075 -0.026796 -0.004699 0.019366 0.022084 0.001540 -0.016522 -0.005216 0.015504 -0.011155 -0.013895 -0.016653 0.015775 -0.011908
0 -0.005399 -0.014495 0.001279 -0.026652 -0.021820 0.016369 -0.010898 -0.008016 -0.006711 0.000758 0.022893 0.001004 0.004839 -0.000095 0.023655 -0.011355 0.019530 -0.003746
4 -0.000863 0.026536 0.000487 0.011658 0.016931 -0.018308 -0.024615 0.027506 0.003913 -0.015616 0.024595 0.006644 0.019102 -0.007194 -0.007301 -0.006238 0.005807 -0.017039
