18 18
15 -0.403255 -0.474398 0.444068 -0.298731 0.033020 0.137429 0.197851 -0.072634 0.038488 -0.054303 -0.008045 0.203442 -0.323831 -0.082185 0.378259 -0.450645 -0.012996 -0.463275
13 -0.388847 -0.482274 0.462606 -0.313633 0.022052 0.104866 0.199778 -0.067706 0.032373 -0.022382 -0.039143 0.192593 -0.333254 -0.135705 0.383977 -0.469717 -0.012789 -0.476010
11 -0.395523 -0.450963 0.434493 -0.267016 0.045341 0.082105 0.142465 -0.017011 0.040674 -0.057147 -0.040474 0.202404 -0.321351 -0.074590 0.375614 -0.455754 -0.007262 -0.435840
16 -0.397832 -0.447670 0.456382 -0.291009 0.037808 0.108597 0.190921 -0.056340 0.020602 -0.042403 -0.043645 0.217399 -0.358232 -0.071819 0.419637 -0.493278 -0.021480 -0.499669
3 -0.424094 -0.465937 0.464633 -0.290036 0.033687 0.111396 0.202441 -0.058719 0.001399 -0.054619 -0.001410 0.182254 -0.358316 -0.127954 0.346891 -0.464432 0.062216 -0.472090
14 -0.409010 -0.487402 0.475995 -0.307950 0.049265 0.119893 0.172686 -0.056403 0.009913 -0.025739 -0.059716 0.223266 -0.362602 -0.103731 0.390065 -0.464751 0.021122 -0.469686
0 -0.397686 -0.488586 0.441172 -0.317804 0.008686 0.136891 0.188424 -0.064525 0.021821 -0.049389 0.018053 0.210609 -0.350842 -0.099030 0.410216 -0.480551 0.049346 -0.475729
6 -0.359233 -0.472879 0.409930 -0.237389 0.032331 0.131129 0.232717 -0.040020 0.020136 -0.049700 0.022028 0.204971 -0.383379 -0.120823 0.403837 -0.474587 0.012500 -0.488619
1 -0.426140 -0.498174 0.480284 -0.309883 0.044152 0.082900 0.199889 -0.031524 0.033735 -0.032456 -0.046473 0.195068 -0.334112 -0.121740 0.358555 -0.489889 0.037206 -0.488471
7 -0.371084 -0.476745 0.417051 -0.293133 0.009252 0.132375 0.203556 -0.043568 0.065085 -0.051790 -0.026819 0.222215 -0.338098 -0.123240 0.399965 -0.457318 0.017096 -0.472898
17 -0.413129 -0.503583 0.461311 -0.275583 -0.002784 0.092743 0.209089 -0.028211 0.063583 -0.022479 -0.008665 0.248776 -0.329583 -0.090258 0.366304 -0.442358 0.013998 -0.500522
2 -0.367033 -0.462786 0.428005 -0.284971 0.023978 0.106015 0.193704 -0.028999 0.004227 -0.045335 -0.031682 0.220455 -0.321730 -0.116027 0.363444 -0.470124 -0.008705 -0.439887
4 -0.426504 -0.456165 0.483957 -0.299029 0.056079 0.088478 0.143918 -0.026282 0.026000 -0.055950 -0.010775 0.224450 -0.327224 -0.102926 0.395722 -0.485958 0.016725 -0.504776
8 -0.388263 -0.493355 0.458352 -0.274913 0.013472 0.107994 0.209007 -0.037371 0.025628 -0.012693 -0.041310 0.216982 -0.368079 -0.102334 0.398562 -0.484476 0.027340 -0.475643
5 -0.375100 -0.488422 0.397765 -0.281514 0.053733 0.109861 0.227176 -0.081545 0.056143 -0.065991 0.015381 0.224450 -0.366087 -0.096319 0.387830 -0.481484 0.003493 -0.480200
10 -0.372713 -0.489610 0.401175 -0.262657 0.050299 0.165993 0.247864 -0.060699 0.045122 -0.080974 0.046438 0.242771 -0.429800 -0.083538 0.410555 -0.483102 0.044818 -0.476113
12 -0.378400 -0.434504 0.396568 -0.269852 0.018070 0.088950 0.150029 -0.067675 0.006002 -0.023968 0.011812 0.216121 -0.321100 -0.078605 0.347198 -0.402159 -0.010131 -0.416659
9 -0.405182 -0.480955 0.422694 -0.295163 0.024568 0.109075 0.197509 -0.033604 0.058957 -0.042836 -0.010065 0.234996 -0.339417 -0.135817 0.367121 -0.470411 0.002763 -0.455933
