18 18
10 -0.256934 -0.508871 0.089668 -0.413832 -0.175043 0.279254 0.098322 -0.000816 0.241588 -0.026261 0.340654 0.410383 -0.134807 -0.206202 0.386831 -0.257965 0.054379 -0.231614
0 -0.279737 -0.569759 0.113213 -0.498612 -0.238195 0.281222 0.098720 -0.006448 0.226626 0.001025 0.343890 0.403540 -0.099455 -0.255312 0.435227 -0.337022 0.066145 -0.271828
1 -0.275838 -0.554644 0.131287 -0.465759 -0.191185 0.219089 0.095968 0.019740 0.261903 0.011253 0.284007 0.391394 -0.091672 -0.273701 0.408239 -0.330919 0.056620 -0.288580
9 -0.266432 -0.522102 0.077097 -0.453364 -0.203074 0.244154 0.107905 0.000791 0.260592 0.001749 0.318063 0.416899 -0.112054 -0.280813 0.398856 -0.317537 0.032452 -0.259401
15 -0.286999 -0.547673 0.132740 -0.487086 -0.204877 0.275821 0.116030 -0.021264 0.222753 -0.004699 0.320983 0.377815 -0.091193 -0.256382 0.409363 -0.333747 0.033371 -0.283403
5 -0.255602 -0.551038 0.080450 -0.451240 -0.178119 0.232344 0.124224 -0.025376 0.256984 -0.015657 0.330939 0.415046 -0.129001 -0.259791 0.427364 -0.343146 0.031238 -0.300464
3 -0.292196 -0.507479 0.148681 -0.432081 -0.187248 0.240056 0.117786 0.010240 0.166538 -0.012288 0.321445 0.344272 -0.138868 -0.277518 0.367250 -0.338870 0.079713 -0.286608
16 -0.259959 -0.517302 0.111178 -0.448232 -0.212651 0.245930 0.125228 -0.009067 0.229093 0.010131 0.290259 0.397683 -0.114889 -0.229432 0.418560 -0.321618 0.020396 -0.298187
2 -0.255457 -0.574800 0.118696 -0.493035 -0.224551 0.274032 0.126611 0.020266 0.215900 0.000190 0.311629 0.413222 -0.099299 -0.299210 0.424522 -0.359792 0.042428 -0.270170
8 -0.261664 -0.576371 0.138369 -0.474096 -0.245541 0.280497 0.132837 0.008180 0.213888 0.029782 0.293014 0.375560 -0.119099 -0.269714 0.428110 -0.346548 0.073905 -0.273824
7 -0.221334 -0.501532 0.070674 -0.426730 -0.206124 0.254454 0.093952 -0.002233 0.253811 -0.003078 0.282114 0.391887 -0.109729 -0.262171 0.416815 -0.280002 0.044379 -0.255218
6 -0.269751 -0.547165 0.128442 -0.425464 -0.200016 0.265337 0.113144 0.024224 0.231937 0.007029 0.344947 0.407630 -0.127153 -0.267913 0.435546 -0.311550 0.042358 -0.305373
11 -0.311401 -0.571582 0.132574 -0.442332 -0.177893 0.242994 0.076846 0.031608 0.246800 -0.031859 0.337340 0.420804 -0.150472 -0.240765 0.448540 -0.351440 0.044999 -0.287781
17 -0.256419 -0.535326 0.112632 -0.419118 -0.227119 0.216313 0.118115 0.009762 0.263215 0.034056 0.318121 0.421452 -0.087197 -0.225630 0.390772 -0.276838 0.037093 -0.298573
13 -0.243044 -0.532341 0.113478 -0.465202 -0.209089 0.240443 0.106899 -0.015988 0.250328 0.021179 0.301084 0.383049 -0.093970 -0.276133 0.415564 -0.306772 0.024837 -0.278945
14 -0.257322 -0.518707 0.128471 -0.439505 -0.168702 0.250205 0.076115 -0.008185 0.217507 0.015243 0.278811 0.404549 -0.123662 -0.241600 0.402773 -0.277230 0.060564 -0.264754
12 -0.309238 -0.581291 0.113016 -0.475471 -0.219673 0.251546 0.079648 -0.030977 0.231470 0.019034 0.374680 0.468190 -0.136650 -0.233309 0.439490 -0.291634 0.016993 -0.274526
4 -0.276647 -0.516370 0.114838 -0.448516 -0.188215 0.241276 0.072634 0.026698 0.235000 -0.014736 0.353958 0.416760 -0.095832 -0.265163 0.406345 -0.320813 0.056465 -0.290821
